public class BannerAnnotate {
static void init0() {
a0 = new int[] {
3,343,3,
3,1554,3,
4,1717,3,
9,156,6,
10,54,16,
10,167,26,
10,355,17,
13,213,3,
13,348,3,
13,400,3,
13,1430,3,
15,2083,6,
15,2711,15,
19,1293,15,
19,1547,14,
21,369,44,
23,414,3,
23,444,3,
25,250,19,
25,432,3,
25,1222,3,
25,1708,3,
25,1819,3,
28,483,23,
28,981,2,
29,84,18,
31,190,3,
31,963,3,
32,326,3,
32,553,3,
32,893,3,
32,990,3,
32,1769,3,
35,1921,3,
38,396,3,
38,927,3,
50,12,9,
50,878,3,
50,1143,3,
52,935,14,
54,1184,6,
56,127,27,
58,215,18,
58,1154,20,
60,1430,15,
62,397,9,
63,107,8,
63,275,21,
63,320,22,
65,292,3,
65,519,3,
65,849,3,
67,15,28,
67,384,2,
68,148,40,
71,347,3,
71,687,3,
71,829,3,
71,1117,3,
71,1567,3,
72,330,5,
75,38,20,
75,106,20,
75,446,39,
77,303,2,
77,171,20,
77,559,2,
77,1037,2,
78,1607,2,
80,688,2,
80,882,2,
80,1042,4,
80,1149,2,
80,1258,2,
80,1459,2,
80,1523,4,
80,1582,2,
80,1624,2,
80,1792,2,
80,1901,2,
81,121,23,
81,262,23,
81,329,23,
81,989,23,
81,1266,24,
81,1322,23,
83,326,37,
83,414,16,
83,966,19,
87,367,16,
87,1077,16,
88,803,17,
88,905,5,
89,413,6,
89,659,3,
89,1044,3,
91,248,16,
91,310,3,
91,677,3,
91,745,3,
91,1090,3,
91,1141,3,
91,1502,3,
91,1622,3,
92,320,2,
92,386,2,
92,641,2,
92,1515,2,
93,445,23,
93,573,5,
95,30,25,
95,342,3,
95,1244,3,
96,673,16,
98,1183,13,
98,1206,7,
99,510,3,
99,1356,3,
100,915,6,
100,1035,6,
100,1438,6,
101,394,5,
101,587,5,
101,788,5,
101,847,5,
101,1301,5,
101,1853,5,
105,422,10,
106,75,14,
106,365,14,
109,230,18,
109,417,18,
109,679,3,
109,751,3,
109,1392,3,
109,1419,13,
110,197,2,
110,109,15,
110,701,2,
110,819,2,
112,745,3,
112,1075,3,
112,1310,4,
112,1414,3,
123,187,7,
124,1511,3,
128,276,3,
128,688,3,
128,769,3,
128,960,3,
128,1266,3,
128,1394,3,
128,1497,3,
128,1574,3,
128,1856,25,
128,1886,3,
130,231,2,
130,1262,2,
131,895,16,
132,1007,2,
136,578,36,
138,597,3,
138,670,3,
138,988,3,
142,525,6,
142,1677,21,
143,765,12,
144,631,4,
146,494,9,
149,1275,14,
150,376,48,
150,1198,7,
150,1429,34,
150,1667,34,
157,278,3,
157,651,3,
157,1566,8,
159,65,2,
159,508,3,
159,749,3,
159,774,2,
160,276,24,
160,197,3,
160,368,3,
168,340,17,
168,380,26,
168,554,6,
171,211,2,
173,192,26,
174,145,26,
176,1258,13,
177,993,2,
177,1173,2,
177,1314,2,
178,288,3,
178,1045,3,
178,1559,3,
179,97,7,
179,239,6,
179,443,7,
186,1320,3,
187,372,3,
187,756,3,
187,786,3,
188,787,2,
188,930,2,
190,422,2,
190,478,2,
190,1678,2,
192,888,2,
192,1356,2,
193,253,20,
193,348,20,
194,179,23,
194,444,7,
194,703,21,
194,1938,13,
195,137,13,
196,516,36,
200,69,6,
202,92,13,
202,327,13,
204,437,17,
205,879,4,
209,102,15,
211,893,3,
211,1395,17,
212,0,14,
212,503,14,
212,652,2,
215,394,13,
215,917,7,
215,1429,13,
216,1043,2,
217,170,7,
217,1450,15,
217,1590,15,
217,1698,15,
218,244,3,
218,530,3,
218,757,3,
218,803,3,
220,516,3,
221,419,8,
222,570,2,
224,357,3,
224,212,16,
224,455,3,
224,623,6,
224,1177,6,
226,99,26,
226,681,13,
226,789,14,
226,1537,25,
226,1687,24,
230,357,3,
230,886,3,
230,1000,3,
236,311,2,
236,1470,22,
236,1681,2,
237,96,3,
237,955,3,
237,1237,3,
237,1661,3,
239,518,3,
239,1582,3,
239,1840,3,
240,1182,6,
241,212,13,
241,561,3,
241,689,3,
242,1209,14,
243,280,3,
243,838,3,
248,442,3,
248,573,3,
248,851,3,
248,1185,3,
252,424,32,
253,235,14,
253,722,7,
253,852,36,
253,999,14,
253,1354,13,
255,270,2,
255,447,2,
255,764,2,
256,581,7,
258,332,2,
258,738,2,
258,793,2,
259,477,4,
259,700,3,
259,776,3,
262,53,42,
262,694,5,
262,2015,5,
264,591,3,
264,1324,3,
264,1478,3,
265,17,31,
265,354,3,
266,117,35,
266,733,6,
267,336,3,
267,1226,3,
268,903,3,
270,788,2,
270,1938,2,
272,663,3,
272,1404,3,
272,1621,3,
273,470,2,
273,725,4,
273,824,4,
273,957,2,
273,1110,3,
273,1118,4,
276,283,7,
276,554,7,
280,1159,3,
280,1943,3,
283,673,6,
283,948,4,
283,1117,4,
283,1495,6,
287,579,39,
287,675,27,
287,1392,15,
289,1017,6,
290,324,32,
290,1064,13,
290,1599,13,
294,119,46,
294,453,4,
294,842,4,
295,594,3,
295,1735,3,
297,52,25,
298,163,25,
299,62,3,
299,299,3,
305,172,36,
305,978,6,
308,318,3,
308,612,3,
309,505,3,
309,746,3,
310,818,3,
310,984,3,
310,1690,2,
312,89,4,
312,271,4,
312,570,15,
312,767,3,
312,991,4,
312,1636,27,
314,23,34,
314,1652,45,
315,1652,2,
315,1971,6,
315,1982,2,
319,19,4,
319,776,2,
319,1044,4,
320,136,24,
321,191,46,
321,253,35,
321,1121,16,
323,138,27,
324,1483,6,
326,84,24,
326,208,13,
326,311,13,
327,748,2,
328,14,22,
330,825,2,
330,847,3,
330,955,2,
330,1249,2,
330,1338,2,
330,1625,3,
330,1854,2,
330,1874,3,
330,1956,3,
330,2024,2,
330,2168,2,
330,2902,2,
335,232,18,
335,1275,4,
335,1317,3,
335,1587,3,
338,69,36,
338,162,15,
338,441,3,
338,562,3,
338,321,26,
338,1035,3,
338,1336,15,
338,1939,15,
338,2359,15,
339,94,17,
341,425,28,
341,482,8,
341,648,8,
344,299,3,
344,399,3,
344,1198,3,
344,1325,3,
344,1421,3,
347,342,3,
348,197,35,
348,399,36,
348,507,26,
348,852,13,
348,891,14,
348,1632,13,
349,226,2,
349,1084,2,
350,269,9,
350,553,4,
350,661,4,
350,1520,4,
352,647,27,
355,709,2,
355,1050,3,
356,915,2,
356,1681,2,
362,11,25,
363,255,6,
363,905,6,
366,283,2,
366,414,2,
366,486,2,
366,524,2,
366,697,2,
366,939,2,
366,1004,2,
366,1094,2,
367,1454,3,
368,475,17,
370,767,12,
371,489,18,
374,179,46,
374,298,4,
374,65,19,
374,389,3,
374,438,4,
378,988,3,
380,358,2,
380,491,2,
380,1435,2,
380,1594,2,
380,1631,8,
381,834,4,
381,1531,5,
381,1900,12,
384,483,15,
384,735,15,
384,1324,3,
385,25,3,
385,955,3,
385,1696,3,
387,1260,2,
387,1792,12,
388,899,8,
392,940,4,
393,495,2,
393,854,3,
393,861,2,
394,131,15,
394,293,15,
394,1521,15,
396,227,37,
397,151,7,
398,419,3,
398,1138,3,
398,1288,3,
402,64,8,
402,394,8,
402,683,8,
402,829,8,
402,1168,8,
403,72,3,
403,477,3,
403,1522,3,
405,901,2,
405,1011,2,
410,478,2,
410,914,2,
416,253,3,
416,442,3,
416,613,3,
418,1013,3,
421,206,3,
421,515,3,
421,874,3,
421,922,3,
421,1081,3,
427,247,13,
432,102,16,
434,269,3,
435,152,36,
435,300,16,
435,1411,23,
438,528,18,
438,622,5,
440,862,6,
440,1055,18,
440,1191,2,
441,879,4,
441,1005,4,
441,1960,2,
441,1968,8,
441,2033,2,
442,382,3,
442,522,11,
442,559,3,
442,737,18,
442,1570,3,
442,1778,18,
442,2008,3,
443,434,2,
443,703,2,
443,744,2,
443,836,2,
443,886,2,
443,988,2,
443,1533,2,
443,1578,2,
443,1737,2,
443,1798,2,
443,2058,2,
443,2473,2,
444,422,15,
447,392,4,
448,902,4,
450,30,3,
450,233,3,
450,313,3,
450,367,3,
450,462,16,
450,561,3,
451,1177,25,
453,748,3,
453,1186,3,
454,1129,24,
455,319,16,
455,536,3,
455,1462,3,
455,1732,3,
457,234,2,
457,279,2,
457,593,2,
457,995,2,
457,1114,40,
458,312,3,
458,561,3,
458,677,3,
458,1090,3,
459,92,23,
459,218,16,
459,477,25,
459,728,5,
459,778,30,
459,914,23,
459,1098,23,
460,374,2,
460,326,9,
460,678,2,
463,244,26,
464,519,3,
464,593,3,
464,785,3,
464,884,3,
464,1148,3,
464,1476,2,
464,1586,3,
464,1643,3,
464,1759,3,
464,1836,3,
465,507,7,
465,786,7,
467,66,15,
469,529,3,
469,733,3,
469,795,3,
470,566,3,
470,730,9,
470,949,15,
471,41,3,
471,172,25,
471,199,3,
471,534,3,
471,780,3,
471,850,3,
471,1416,3,
471,1605,3,
474,632,6,
476,199,13,
476,229,3,
476,145,21,
476,324,13,
476,584,13,
478,169,46,
478,250,35,
479,825,2,
479,974,2,
483,1474,5,
483,1593,5,
483,1988,4,
483,2180,5,
483,2278,4,
483,2440,4,
484,16,3,
484,147,3,
484,301,3,
484,668,2,
484,958,3,
484,1070,3,
486,204,6,
487,252,3,
488,21,22,
488,367,33,
489,463,3,
489,485,3,
489,1348,3,
490,398,14,
490,414,2,
493,1125,4,
493,1324,4,
495,1366,16,
496,706,2,
496,836,13,
497,222,3,
497,1035,3,
499,212,3,
499,99,24,
499,272,16,
499,520,3,
501,4,11,
503,200,33,
503,793,6,
503,819,14,
505,258,3,
505,199,24,
505,431,3,
505,544,3,
505,969,3,
505,1569,3,
505,1677,3,
506,995,8,
507,89,17,
507,984,17,
507,1549,16,
507,1639,17,
509,152,45,
511,4,23,
511,94,25,
511,613,3,
511,800,3,
511,1064,3,
511,1069,3,
512,385,4,
512,831,4,
512,842,4,
512,1066,4,
512,1075,4,
512,1335,4,
512,1359,4,
512,1512,4,
512,1521,4,
513,382,2,
513,282,15,
516,581,20,
517,97,16,
517,288,6,
517,662,19,
517,935,6,
517,1389,19,
518,350,2,
518,1154,2,
520,1041,23,
520,1164,22,
521,703,3,
523,224,5,
523,392,3,
523,742,3,
523,926,5,
523,1214,5,
523,1380,5,
524,1027,3,
524,1128,3,
524,1184,3,
529,536,3,
529,1468,3,
534,336,14,
534,1300,7,
534,1419,7,
536,271,3,
536,452,3,
536,740,3,
536,1209,3,
536,1384,3,
537,946,6,
537,1353,2,
539,381,7,
539,755,7,
539,1393,7,
540,794,28,
540,1324,13,
541,233,31,
541,322,3,
541,409,3,
541,611,6,
541,1057,3,
541,1390,3,
541,1581,3,
543,227,3,
543,153,23,
543,306,3,
543,673,3,
543,3651,3,
547,1845,3,
548,345,3,
548,396,3,
548,468,3,
548,1025,3,
551,589,13,
551,1612,13,
555,285,15,
555,853,4,
555,1049,4,
555,1103,4,
555,1393,4,
555,1412,4,
555,1732,15,
555,1768,4,
555,1787,15,
555,1822,4,
557,1078,15,
561,266,3,
561,1019,3,
561,1111,3,
564,153,4,
564,411,4,
566,340,3,
566,557,3,
566,601,3,
566,1405,5,
566,1978,3,
566,2020,3,
568,860,6,
568,1548,7,
569,1311,3,
569,1388,3,
569,1802,3,
569,1988,3,
571,73,5,
571,708,3,
572,329,2,
572,523,2,
572,698,2,
574,246,3,
574,360,3,
575,1116,3,
576,1430,3,
576,1547,11,
578,254,3,
578,358,3,
578,1201,20,
578,1285,5,
579,339,2,
579,531,2,
579,1373,2,
580,112,26,
584,18,25,
584,446,3,
584,773,3,
584,1049,3,
584,1128,3,
584,1431,3,
584,1546,3,
584,1646,3,
588,225,4,
589,1508,15,
589,1822,15,
590,830,4,
591,389,3,
591,508,3,
591,615,3,
592,44,46,
592,516,33,
594,821,6,
594,1040,2,
594,1410,2,
594,2760,2,
597,348,7,
597,425,5,
598,45,20,
598,274,2,
598,991,2,
598,1243,2,
598,1567,2,
599,1625,8,
600,359,2,
600,1019,2,
600,1486,2,
605,131,3,
607,1214,9,
609,292,3,
609,483,3,
609,772,3,
609,839,3,
609,894,3,
609,2195,3,
610,624,19,
612,119,7,
613,294,3,
613,479,4,
613,971,6,
613,1149,4,
613,1184,4,
613,1224,4,
613,1237,4,
613,1691,3,
614,22,20,
614,1267,3,
614,1698,3,
615,802,17,
620,800,6,
624,1740,3,
624,1967,3,
625,248,3,
625,305,4,
625,645,8,
626,654,2,
626,1032,2,
626,1182,2,
626,1899,2,
626,2199,2,
628,693,4,
628,1183,4,
631,461,3,
631,628,3,
631,655,3,
631,852,3,
631,1105,3,
631,1214,29,
631,1316,5,
632,657,3,
632,1693,3,
633,1306,3,
633,1568,3,
635,346,3,
635,857,3,
636,449,3,
637,293,36,
637,597,16,
637,1240,16,
638,422,6,
638,903,14,
638,1020,17,
638,2034,20,
638,2566,6,
639,1116,7,
640,505,4,
647,59,14,
647,75,2,
647,266,14,
647,381,2,
647,621,2,
647,863,3,
647,1251,3,
647,1450,7,
647,1466,2,
648,78,3,
648,103,3,
648,379,3,
648,425,3,
648,588,3,
648,648,3,
649,204,17,
649,335,6,
649,645,6,
649,697,13,
652,743,5,
653,312,17,
653,491,17,
653,597,3,
653,934,5,
653,1130,6,
653,1260,3,
655,78,7,
655,531,4,
655,576,14,
663,13,25,
663,124,25,
663,151,3,
663,586,3,
663,611,3,
663,699,3,
663,1198,7,
665,459,3,
665,690,3,
665,741,3,
668,615,3,
672,24,3,
672,111,34,
673,551,2,
680,577,8,
680,741,19,
682,544,4,
683,316,6,
691,847,3,
691,1199,3,
691,1242,3,
691,1386,3,
695,68,24,
695,156,17,
695,234,23,
695,630,6,
695,1114,23,
695,2040,6,
695,2254,24,
696,765,4,
702,571,2,
702,1257,2,
704,496,2,
704,742,2,
708,153,34,
708,445,4,
708,1666,3,
709,1281,2,
709,1683,5,
710,643,3,
710,1051,3,
712,296,3,
712,548,2,
713,270,3,
713,89,24,
713,1370,7,
714,21,15,
715,23,14,
715,182,14,
715,513,14,
717,433,3,
717,882,3,
717,906,3,
717,1310,3,
717,1867,3,
717,1970,3,
720,41,18,
720,1042,24,
720,1569,23,
720,1636,18,
720,1748,24,
724,25,25,
724,395,4,
724,1090,3,
724,1430,3,
724,1490,3,
724,1618,3,
725,66,38,
725,128,25,
725,282,3,
725,1212,3,
725,1426,3,
725,1466,3,
725,1653,3,
726,401,20,
726,1220,20,
727,401,3,
727,878,3,
727,1035,3,
727,1178,3,
727,1269,3,
728,206,12,
729,731,28,
729,1531,28,
730,62,5,
731,314,2,
731,705,2,
731,857,2,
732,108,15,
732,237,15,
732,1322,6,
734,1815,6,
738,1113,3,
739,364,3,
739,457,3,
739,601,3,
739,831,3,
739,1208,3,
739,1455,3,
739,1601,3,
739,1825,3,
739,1881,3,
739,1969,3,
};
}
static void init1() {
a1 = new int[] {
740,330,3,
740,849,3,
740,1578,3,
742,171,2,
744,136,23,
744,234,13,
744,322,22,
744,357,33,
744,459,23,
744,1259,13,
744,1767,24,
745,24,5,
745,124,15,
745,512,2,
745,1428,6,
745,1809,5,
748,1378,27,
749,243,4,
749,672,4,
749,877,4,
749,1094,4,
749,1387,4,
755,744,3,
755,903,3,
755,1732,3,
755,2055,3,
757,1600,12,
760,657,4,
762,568,3,
762,887,3,
762,924,3,
762,945,11,
762,1283,3,
763,141,23,
763,273,3,
763,380,3,
763,483,3,
763,509,3,
763,654,3,
763,729,3,
763,878,3,
763,987,3,
763,1270,3,
765,1651,3,
766,28,25,
766,194,6,
766,1024,11,
766,1102,3,
766,1202,12,
766,1353,3,
766,1517,10,
766,1576,11,
766,1895,12,
766,2004,11,
766,2048,3,
766,2108,3,
766,2521,3,
766,2584,3,
766,2637,3,
767,1098,21,
770,381,22,
770,1466,22,
771,497,3,
771,2184,3,
771,2363,3,
772,92,18,
772,140,18,
773,416,3,
773,484,3,
773,670,3,
773,855,3,
774,256,4,
775,1185,3,
775,2484,3,
775,5275,6,
776,344,3,
776,461,3,
777,429,3,
777,100,22,
777,837,3,
777,919,3,
777,1001,3,
779,1301,7,
780,598,4,
781,667,3,
785,1063,4,
786,585,3,
786,735,3,
788,215,14,
788,528,5,
789,191,23,
790,753,3,
790,992,3,
790,1136,3,
793,208,3,
793,360,3,
793,568,3,
796,79,15,
796,383,15,
796,452,15,
796,520,6,
796,1335,15,
797,894,2,
797,976,3,
797,1020,2,
799,63,18,
799,377,15,
799,781,20,
799,899,18,
799,962,18,
799,1564,15,
799,2115,18,
799,2355,15,
799,2485,15,
801,1460,3,
807,388,3,
807,411,3,
807,644,3,
807,687,3,
807,1298,3,
807,1649,3,
809,616,17,
811,261,24,
811,406,24,
811,489,25,
811,591,35,
811,694,13,
811,793,24,
811,1437,24,
811,1597,24,
818,464,3,
818,841,26,
818,877,6,
818,1460,11,
819,63,6,
819,129,6,
821,121,9,
821,184,20,
821,1138,2,
821,2625,14,
823,40,13,
823,312,6,
825,284,24,
825,1148,16,
827,1651,2,
829,632,3,
829,1089,3,
829,1224,3,
831,717,3,
833,429,2,
833,633,2,
833,791,2,
833,867,2,
833,1305,2,
834,181,18,
834,236,32,
834,299,36,
834,433,2,
834,468,28,
834,573,2,
834,668,2,
834,840,12,
834,932,23,
837,111,7,
837,288,41,
837,1628,7,
839,94,3,
839,427,3,
839,487,3,
839,959,3,
839,1064,3,
839,1247,3,
839,1330,3,
839,1412,3,
839,1560,3,
839,1692,3,
842,140,16,
843,334,21,
844,878,12,
846,1667,21,
847,2180,20,
849,579,2,
849,901,2,
849,1056,2,
849,1366,2,
851,599,3,
851,681,16,
851,808,16,
851,1047,9,
851,1098,2,
851,1128,15,
852,426,6,
852,1118,4,
852,1343,6,
852,1467,21,
853,63,7,
853,249,6,
853,264,6,
853,460,34,
853,541,35,
853,721,22,
853,893,6,
853,986,13,
853,1294,6,
854,363,18,
855,1463,3,
855,1740,3,
859,196,17,
861,612,3,
861,1673,3,
862,124,24,
862,539,3,
862,633,24,
862,1090,5,
862,1242,24,
862,2084,3,
863,615,2,
864,276,3,
864,464,3,
864,742,3,
864,1076,3,
865,234,2,
865,432,2,
866,112,18,
867,27,3,
867,1127,6,
867,1308,6,
869,1372,3,
869,1615,3,
874,13,40,
874,192,40,
874,879,7,
874,2032,7,
875,492,3,
875,1087,3,
875,1232,3,
876,49,17,
876,114,57,
876,1325,17,
877,415,5,
877,545,5,
877,886,5,
877,1318,5,
877,1568,5,
878,169,3,
878,464,3,
878,472,3,
878,625,2,
879,124,56,
879,579,3,
879,1286,3,
879,1375,3,
879,1393,3,
882,75,4,
882,329,33,
882,620,3,
882,656,3,
882,970,4,
882,1453,4,
882,1639,4,
883,53,15,
883,521,25,
887,179,13,
887,1782,13,
890,4,14,
890,27,26,
890,134,14,
890,272,2,
890,480,2,
890,641,2,
890,735,2,
890,956,2,
893,562,4,
894,284,2,
894,481,2,
894,627,2,
894,783,2,
894,857,2,
894,1071,2,
894,1130,4,
894,1177,2,
895,411,2,
895,1001,2,
895,1046,2,
895,1089,2,
898,49,24,
900,599,3,
900,656,3,
900,719,3,
900,1365,3,
901,955,4,
903,882,3,
903,1179,3,
904,983,13,
905,860,5,
906,685,3,
906,1510,3,
907,369,2,
907,525,2,
907,663,2,
907,984,2,
907,1153,2,
907,1296,2,
907,1437,2,
907,1538,2,
907,1761,2,
908,418,5,
908,934,5,
908,2228,5,
908,2337,5,
909,503,2,
909,1032,2,
909,1284,2,
911,826,3,
912,328,3,
912,484,3,
912,1180,3,
912,1275,3,
913,28,15,
913,979,2,
913,1097,2,
913,1357,2,
916,1636,3,
919,140,15,
919,713,2,
921,1621,6,
923,174,3,
923,58,24,
923,577,3,
923,794,3,
923,993,3,
924,1698,4,
924,2036,2,
926,221,23,
926,888,5,
927,366,19,
927,963,19,
928,471,15,
928,1288,5,
930,252,3,
932,822,2,
932,935,2,
932,1371,2,
933,31,3,
933,429,3,
933,1088,3,
935,315,3,
935,169,29,
935,951,3,
935,1077,13,
935,1258,3,
935,1374,3,
935,1612,3,
936,730,5,
936,811,3,
936,963,6,
936,1273,3,
938,782,14,
940,1220,9,
941,1399,14,
941,1667,3,
942,296,10,
942,1001,32,
944,324,2,
944,364,2,
944,665,2,
945,380,6,
946,25,6,
946,756,3,
946,932,7,
947,315,2,
947,245,16,
947,495,2,
947,1340,2,
947,1371,2,
947,1479,2,
947,1589,2,
947,1737,2,
948,301,38,
948,371,3,
948,516,3,
948,1258,3,
948,1668,3,
948,1843,3,
952,297,14,
952,396,2,
952,888,2,
953,78,15,
953,538,15,
953,809,15,
953,1519,44,
954,275,2,
956,1060,2,
956,1283,2,
956,1357,2,
956,1496,2,
956,1524,2,
956,1658,2,
956,1798,2,
957,592,3,
957,1375,2,
957,1475,3,
958,296,4,
958,330,4,
958,444,3,
958,339,22,
958,482,3,
958,734,3,
958,847,3,
961,639,3,
961,1964,3,
962,585,3,
962,884,3,
963,1013,3,
965,185,26,
965,2019,26,
967,710,12,
967,1122,8,
969,609,7,
969,678,7,
969,1443,7,
971,93,2,
971,232,2,
971,317,2,
971,387,2,
971,456,2,
971,489,2,
971,619,2,
971,648,2,
971,878,2,
971,1176,2,
971,1292,2,
971,1486,2,
974,1042,3,
974,1841,3,
978,969,13,
978,1279,22,
978,1767,6,
979,1693,6,
979,1973,17,
979,2084,6,
981,626,7,
981,1276,3,
982,37,30,
982,528,3,
983,1489,4,
986,42,32,
986,187,32,
986,319,32,
986,874,22,
987,286,18,
987,708,3,
987,917,3,
987,1032,3,
987,1101,3,
987,1586,3,
988,842,3,
988,1172,3,
993,360,4,
993,843,4,
993,1115,4,
993,1134,4,
993,1171,4,
993,1268,4,
993,1275,4,
994,81,41,
996,598,6,
996,909,6,
996,1566,13,
996,1705,13,
998,371,5,
998,416,5,
998,1598,5,
1000,566,7,
1000,651,7,
1000,987,7,
1001,0,25,
1001,234,31,
1001,343,3,
1001,422,3,
1001,620,16,
1001,762,3,
1001,966,3,
1001,1110,11,
1001,1313,3,
1001,1370,3,
1001,1727,3,
1002,287,3,
1002,549,4,
1002,953,3,
1002,1127,4,
1002,1180,4,
1006,128,13,
1006,396,14,
1006,459,7,
1007,178,3,
1007,624,18,
1009,707,2,
1009,994,3,
1009,1091,2,
1009,1223,2,
1014,88,12,
1015,1183,2,
1015,1495,2,
1016,52,23,
1017,260,5,
1017,456,3,
1017,1008,5,
1020,320,3,
1020,581,3,
1032,384,3,
1032,463,3,
1032,680,3,
1033,40,6,
1033,447,5,
1034,508,3,
1034,808,3,
1035,33,24,
1037,26,17,
1039,1657,3,
1040,1209,16,
1042,512,3,
1043,264,3,
1043,271,2,
1043,423,3,
1043,431,2,
1043,535,2,
1043,696,2,
1043,851,3,
1043,866,2,
1043,1062,2,
1043,1226,2,
1043,1358,3,
1043,1366,2,
1043,1391,2,
1043,1518,2,
1043,1581,2,
1048,167,21,
1051,463,3,
1052,566,3,
1052,491,27,
1052,720,25,
1052,747,3,
1052,829,3,
1052,1327,3,
1052,1355,3,
1052,1391,3,
1056,194,3,
1056,431,3,
1056,1107,3,
1059,304,2,
1059,532,2,
1059,635,2,
1059,879,2,
1059,1064,2,
1059,1138,2,
1059,1185,2,
1060,1111,3,
1060,1554,3,
1061,488,2,
1061,628,2,
1061,1607,2,
1063,180,3,
1063,277,17,
1063,978,20,
1063,1042,3,
1064,300,2,
1064,613,2,
1064,859,2,
1064,2830,2,
1064,2952,2,
1064,3140,2,
1066,768,2,
1066,1457,2,
1067,328,3,
1067,589,3,
1067,673,3,
1067,905,3,
1068,669,3,
1069,78,41,
1071,160,16,
1073,434,5,
1073,1007,5,
1073,1089,5,
1074,0,24,
1075,784,3,
1076,105,25,
1076,319,31,
1076,512,3,
1076,543,3,
1076,895,3,
1076,1909,3,
1076,1933,29,
1076,2485,3,
1076,2534,4,
1078,354,3,
1078,474,3,
1079,426,2,
1079,495,2,
1079,686,2,
1079,1004,2,
1079,1275,2,
1080,373,2,
1080,556,2,
1081,417,13,
1081,508,3,
1081,578,3,
1083,365,3,
1083,1686,14,
1087,352,6,
1088,224,15,
1090,57,3,
1090,384,3,
1090,502,3,
1090,654,3,
1090,1091,3,
1091,418,3,
1091,469,3,
1091,1183,3,
1091,1333,3,
1091,1523,3,
1091,1621,3,
1091,1737,3,
1092,153,3,
1092,363,3,
1092,525,3,
1092,572,3,
1092,719,3,
1092,817,3,
1092,1003,3,
1093,939,6,
1095,10,30,
1095,324,10,
1095,1270,30,
1096,489,3,
1096,1136,3,
1098,1164,21,
1098,1457,21,
1099,282,24,
1099,951,3,
1101,313,2,
1103,0,35,
1103,1360,17,
1104,1885,7,
1105,633,3,
1105,779,3,
1105,924,3,
1105,1032,3,
1105,1526,3,
1105,1614,3,
1105,1724,3,
1106,1305,3,
1110,281,3,
1110,94,28,
1110,380,3,
1110,514,3,
1110,1581,3,
1111,534,25,
1111,561,3,
1111,699,3,
1112,140,13,
1112,330,13,
1112,1246,13,
1112,1349,14,
1117,315,7,
1117,805,2,
1117,1051,7,
1117,1274,2,
1117,1392,2,
1117,1719,6,
1119,277,3,
1119,94,28,
1119,458,3,
1119,1260,3,
1119,1634,3,
1119,1945,3,
1121,282,2,
1121,324,2,
1121,646,2,
1121,716,2,
1122,165,36,
1124,586,3,
1130,277,15,
1130,1317,15,
1132,142,3,
1132,51,22,
1132,358,3,
1132,655,3,
1132,1082,3,
1134,995,16,
1134,1616,22,
1136,1302,12,
1139,268,32,
1139,400,25,
1139,1203,32,
1140,353,2,
1140,1084,2,
1141,1450,3,
1143,737,6,
1144,356,3,
1144,867,3,
1144,1199,7,
1144,1503,3,
1146,110,3,
1146,912,3,
1146,1364,3,
1146,1714,3,
1149,710,3,
1149,1549,3,
1151,345,24,
1151,423,3,
1151,321,17,
1151,501,12,
1151,545,3,
1151,641,3,
1151,767,3,
1151,1166,3,
1151,1471,3,
1151,1609,3,
1151,1724,3,
1153,45,8,
1153,517,8,
1153,618,8,
1153,866,12,
1153,956,12,
1153,1366,12,
1153,1396,8,
1154,228,50,
1154,365,8,
1155,258,6,
1155,326,3,
1155,507,3,
1155,623,3,
1155,1124,3,
1157,779,2,
1158,765,7,
1158,845,13,
1159,398,2,
1162,172,36,
1162,277,3,
1162,1495,3,
1165,223,35,
1165,280,15,
1165,1101,4,
1165,1497,4,
1166,530,3,
1166,1131,38,
1170,1055,6,
1170,1112,6,
1170,1552,26,
1171,543,4,
1171,1188,4,
1171,1379,4,
1176,804,15,
1177,166,3,
1177,408,3,
1177,563,3,
1178,358,3,
1178,1234,3,
1181,1408,16,
1190,261,3,
1190,289,25,
1190,960,3,
1191,377,16,
1191,536,16,
1191,764,2,
1191,861,16,
1191,931,25,
1191,977,26,
1191,1136,12,
1191,1204,2,
1191,1261,16,
1191,1676,16,
1191,1707,2,
1192,327,3,
1192,864,4,
1192,899,13,
1193,406,2,
1193,739,3,
1193,1018,3,
1194,113,11,
1194,395,8,
1194,1429,2,
1194,1449,3,
1195,1021,4,
1196,437,2,
1196,720,2,
1197,270,3,
1197,454,3,
1197,1146,3,
1197,1497,20,
1197,1632,3,
1197,1844,3,
1198,281,14,
1198,1988,14,
1199,583,3,
1199,1123,3,
1199,1497,6,
1202,45,14,
1202,282,14,
1202,806,6,
1203,750,2,
1204,236,3,
1206,56,3,
1206,479,3,
1206,501,3,
1206,740,6,
1206,827,7,
1206,1137,3,
1206,1147,3,
1206,1666,3,
1208,25,24,
1210,415,2,
1210,473,2,
1210,659,2,
1210,846,2,
1210,947,2,
1210,1350,2,
1210,1496,2,
1210,1669,2,
1213,1591,2,
1213,1741,2,
1215,527,3,
1215,623,13,
1215,747,3,
1215,986,3,
1215,1286,3,
1220,1052,31,
1220,1210,7,
1222,149,14,
1222,671,14,
1224,436,3,
1224,567,3,
1227,0,30,
1227,285,10,
1229,24,3,
1229,384,3,
1229,421,3,
1229,719,3,
1229,995,3,
1229,1065,3,
1229,1290,3,
1231,19,14,
1231,393,2,
1231,520,2,
1232,1213,4,
1233,258,3,
1233,115,21,
1233,332,3,
1233,826,3,
1233,941,3,
1233,1037,3,
1233,1397,3,
1233,1898,3,
1236,24,38,
1237,393,17,
1237,416,3,
1237,276,30,
1237,904,17,
1237,940,3,
1237,1324,14,
1237,1558,3,
1242,60,21,
1242,271,3,
1242,299,21,
1242,1054,21,
1242,1145,16,
1244,260,6,
1244,920,7,
1246,357,2,
1246,704,2,
1246,898,2,
1247,769,2,
1247,619,22,
1247,1216,2,
1247,1448,2,
1247,1548,2,
1247,1644,2,
1247,1723,2,
1247,1930,2,
1247,1995,2,
1248,196,2,
1248,304,4,
1248,608,2,
1248,616,3,
1248,793,2,
1248,801,3,
1248,974,2,
1248,992,3,
1248,1342,6,
1248,1677,19,
1249,873,20,
1249,1023,20,
1250,203,2,
1250,643,2,
1250,805,2,
1250,899,2,
1250,1091,2,
1250,1409,2,
1251,444,21,
1251,514,3,
1251,703,3,
1251,726,3,
1251,777,2,
1251,861,4,
1251,892,4,
1251,982,4,
1251,1025,3,
1251,1088,4,
1251,1460,3,
1251,1492,3,
1253,571,2,
1253,654,2,
1253,859,2,
1253,1332,2,
1254,1014,2,
1256,667,2,
1256,816,2,
1257,863,8,
1259,157,24,
1262,35,21,
1265,869,3,
1265,1177,3,
1265,1295,3,
1266,250,13,
1267,445,3,
1267,1166,3,
1269,660,2,
1270,1270,3,
1271,375,17,
1271,1592,30,
1273,872,3,
1273,1179,3,
1273,1187,3,
1273,1276,3,
1274,179,21,
1274,700,6,
1274,936,6,
1276,473,2,
1276,543,2,
1276,624,2,
1276,739,2,
1276,857,2,
1276,975,2,
1276,1091,2,
1276,1138,2,
1276,1464,2,
1276,1494,2,
1276,1541,2,
1276,1749,2,
1278,559,3,
1280,857,2,
1280,1120,2,
1282,135,16,
1282,452,3,
1282,612,3,
1282,767,3,
1282,1149,3,
1282,1471,3,
1282,1688,3,
1283,808,19,
1283,867,3,
1285,235,13,
1285,557,3,
1285,919,3,
1285,1643,3,
1287,253,5,
1287,467,5,
1287,911,5,
1287,1149,5,
1287,1313,5,
1288,316,7,
1288,848,13,
1288,895,2,
1288,994,2,
1288,1077,2,
1292,314,3,
1292,697,19,
1293,59,10,
1296,284,3,
1296,417,3,
1296,641,3,
1296,786,3,
1296,914,3,
1297,209,18,
1297,611,18,
1297,1755,18,
1299,1221,3,
1300,361,3,
1300,561,3,
1301,435,2,
1301,565,2,
1301,851,2,
1301,1380,2,
1302,492,3,
1302,641,3,
1302,1567,3,
1304,300,8,
1304,386,4,
1304,716,4,
};
}
static void init2() {
a2 = new int[] {
1304,995,4,
1305,605,2,
1305,746,2,
1305,1502,31,
1306,327,3,
1306,860,3,
1307,700,22,
1308,670,7,
1308,977,3,
1308,1257,7,
1308,1439,3,
1311,253,2,
1312,457,3,
1312,643,3,
1312,695,3,
1312,1181,3,
1313,130,4,
1313,412,5,
1313,1123,4,
1314,396,23,
1314,1031,7,
1315,138,6,
1315,422,3,
1315,854,4,
1315,863,4,
1315,1021,6,
1315,1112,6,
1315,1132,3,
1315,1284,4,
1315,1316,4,
1315,1372,4,
1315,1443,4,
1315,1628,6,
1315,1687,3,
1316,1460,3,
1316,1499,2,
1316,1531,3,
1316,1600,2,
1320,153,26,
1322,870,6,
1322,1983,8,
1324,1647,3,
1326,33,14,
1326,136,14,
1326,1224,21,
1327,786,7,
1328,415,6,
1328,1070,4,
1328,1088,4,
1328,1110,4,
1328,1664,4,
1329,1677,3,
1332,206,18,
1332,791,2,
1332,828,2,
1332,1169,2,
1336,311,2,
1336,531,2,
1336,729,2,
1336,931,2,
1336,1274,2,
1337,107,22,
1337,1125,22,
1339,1183,4,
1339,1478,4,
1339,1712,4,
1340,431,3,
1340,1221,3,
1340,1574,3,
1340,1810,3,
1343,1192,6,
1345,25,16,
1348,599,7,
1349,578,2,
1349,835,2,
1349,892,2,
1349,1154,2,
1350,369,3,
1350,466,3,
1350,906,3,
1350,1046,3,
1351,578,3,
1353,926,3,
1355,73,14,
1355,208,14,
1356,82,6,
1356,439,2,
1356,1365,40,
1356,1519,7,
1356,1636,2,
1356,1660,2,
1356,1687,16,
1358,181,30,
1359,270,37,
1361,242,2,
1361,325,2,
1361,396,2,
1361,653,2,
1361,896,2,
1361,954,2,
1361,1179,2,
1362,104,24,
1362,132,25,
1362,462,7,
1362,714,14,
1362,1320,15,
1363,249,3,
1363,326,3,
1363,576,3,
1363,1116,3,
1365,371,3,
1365,514,3,
1365,547,3,
1365,975,3,
1365,1200,3,
1365,1256,3,
1366,377,5,
1366,430,14,
1366,474,6,
1369,756,3,
1369,1574,3,
1370,104,3,
1370,184,28,
1370,346,3,
1372,694,3,
1374,128,7,
1374,1013,6,
1374,1701,7,
1376,845,12,
1377,263,8,
1377,1418,17,
1378,521,22,
1380,393,3,
1382,641,3,
1383,54,25,
1383,213,25,
1383,240,3,
1383,312,3,
1383,604,6,
1383,777,3,
1383,881,8,
1385,1430,7,
1386,806,3,
1388,232,3,
1388,409,3,
1388,437,3,
1388,522,3,
1388,1717,3,
1389,286,12,
1390,374,3,
1392,305,4,
1392,381,4,
1392,768,4,
1392,1005,3,
1392,1065,4,
1392,1186,3,
1392,1333,4,
1392,1390,3,
1393,934,14,
1393,1000,14,
1394,380,2,
1394,715,2,
1396,691,19,
1396,1829,17,
1398,171,26,
1400,343,2,
1400,388,2,
1400,630,2,
1400,1080,2,
1402,363,15,
1404,59,40,
1404,226,25,
1404,253,3,
1404,662,3,
1405,672,2,
1406,717,7,
1407,430,2,
1407,1520,2,
1407,1662,2,
1409,341,16,
1409,459,3,
1409,632,3,
1409,745,3,
1409,961,3,
1409,1080,3,
1409,1318,3,
1409,1426,3,
1410,24,25,
1411,898,16,
1411,1336,16,
1413,945,3,
1413,1249,3,
1417,380,3,
1417,555,3,
1417,768,3,
1418,903,23,
1419,727,15,
1419,1169,15,
1420,654,7,
1422,95,3,
1422,103,4,
1422,149,8,
1422,543,3,
1422,618,17,
1422,793,3,
1422,888,3,
1422,924,4,
1422,1118,8,
1422,1471,3,
1430,252,3,
1430,435,3,
1430,559,3,
1430,1544,3,
1432,1597,16,
1434,135,16,
1434,861,16,
1434,963,16,
1435,297,8,
1435,756,8,
1441,690,18,
1441,1165,10,
1442,207,19,
1442,368,3,
1442,820,6,
1442,893,22,
1443,1318,6,
1444,193,2,
1444,579,2,
1444,780,2,
1444,968,2,
1445,2116,4,
1450,276,2,
1450,179,15,
1450,592,2,
1451,229,12,
1451,400,6,
1451,916,6,
1451,1542,6,
1453,559,2,
1453,921,2,
1454,1158,28,
1454,1250,28,
1455,283,6,
1456,1739,3,
1457,1336,3,
1458,511,3,
1458,1017,3,
1459,1346,7,
1460,987,6,
1462,155,16,
1462,574,3,
1463,378,2,
1463,567,2,
1463,1116,2,
1463,1259,2,
1467,0,3,
1467,494,3,
1467,513,25,
1467,563,24,
1469,451,2,
1470,33,18,
1470,694,18,
1471,570,6,
1473,35,14,
1474,380,3,
1474,632,3,
1474,856,8,
1474,1038,8,
1474,1608,7,
1475,295,7,
1475,800,5,
1475,876,5,
1476,837,3,
1476,845,4,
1476,904,3,
1476,1033,3,
1476,1160,3,
1477,640,2,
1477,767,3,
1477,796,2,
1477,1052,2,
1477,1387,2,
1478,38,13,
1482,347,3,
1482,406,3,
1482,1384,3,
1482,1720,3,
1483,264,18,
1484,434,3,
1484,597,3,
1484,730,3,
1484,851,3,
1484,955,3,
1490,745,4,
1490,756,4,
1490,1032,3,
1494,602,3,
1494,689,3,
1494,990,3,
1494,1043,3,
1495,51,5,
1497,110,2,
1497,73,18,
1497,1261,3,
1497,1295,2,
1497,1435,2,
1497,1780,2,
1497,1887,2,
1500,739,12,
1502,196,13,
1502,507,13,
1502,714,13,
1502,786,13,
1502,1024,13,
1502,1056,14,
1502,1089,25,
1502,1330,14,
1502,1475,14,
1502,1534,13,
1503,444,2,
1503,523,2,
1504,290,16,
1504,420,3,
1504,612,3,
1504,688,3,
1504,696,25,
1507,703,3,
1507,823,3,
1507,927,3,
1507,1144,13,
1507,1218,13,
1507,1332,3,
1507,1737,3,
1509,117,14,
1512,1921,3,
1513,1779,14,
1516,756,8,
1516,971,15,
1516,1386,8,
1517,502,2,
1517,643,2,
1517,784,2,
1517,1725,2,
1518,25,23,
1518,199,3,
1518,642,3,
1522,399,5,
1523,11,16,
1523,68,16,
1523,230,16,
1523,837,16,
1523,912,16,
1528,409,6,
1528,1331,4,
1528,1499,4,
1528,1638,5,
1531,250,5,
1531,799,5,
1532,23,20,
1532,163,20,
1532,246,3,
1532,1225,3,
1532,1745,3,
1534,43,39,
1534,289,3,
1534,325,2,
1534,455,6,
1534,693,2,
1534,793,3,
1534,801,2,
1534,873,2,
1534,927,2,
1534,1233,3,
1534,1242,2,
1534,1284,3,
1535,853,8,
1535,881,7,
1538,64,4,
1538,316,14,
1538,621,13,
1538,987,14,
1539,0,14,
1539,16,14,
1539,32,2,
1539,519,11,
1539,727,2,
1539,993,5,
1542,302,3,
1542,352,3,
1545,930,3,
1545,1193,7,
1547,172,2,
1547,195,2,
1547,684,2,
1547,871,2,
1549,515,5,
1549,1612,5,
1551,297,2,
1551,321,3,
1551,500,2,
1551,514,3,
1551,627,3,
1551,716,2,
1551,1061,3,
1552,467,3,
1552,812,3,
1553,137,3,
1553,223,3,
1553,299,3,
1553,563,3,
1553,719,3,
1554,815,2,
1554,944,2,
1554,1252,2,
1554,1306,16,
1554,1730,2,
1555,217,19,
1555,432,3,
1555,704,3,
1555,750,3,
1555,866,3,
1555,1026,3,
1555,1222,5,
1555,1293,3,
1557,234,2,
1557,329,2,
1557,442,2,
1557,712,2,
1559,631,30,
1560,418,6,
1562,145,3,
1562,1324,2,
1563,592,13,
1567,241,2,
1567,175,12,
1567,1082,4,
1569,267,8,
1570,155,25,
1570,304,25,
1570,796,25,
1571,566,3,
1571,659,3,
1571,1551,3,
1571,1724,3,
1574,717,2,
1579,533,3,
1579,1129,3,
1579,1520,3,
1581,921,2,
1581,1009,3,
1581,1296,2,
1582,125,38,
1582,627,15,
1584,682,15,
1586,51,12,
1587,0,20,
1587,1224,21,
1587,1382,3,
1591,360,3,
1591,619,3,
1591,677,3,
1591,698,11,
1591,770,15,
1591,836,3,
1591,857,11,
1591,968,3,
1591,1133,3,
1591,1201,3,
1591,1213,11,
1591,1337,3,
1591,1410,3,
1591,1448,3,
1594,221,2,
1594,309,2,
1594,385,2,
1594,1627,2,
1594,1715,2,
1600,140,32,
1600,382,13,
1600,434,13,
1600,1418,13,
1603,188,34,
1605,1100,3,
1608,186,28,
1608,1841,15,
1609,642,12,
1609,1027,12,
1612,560,3,
1612,684,3,
1612,1300,3,
1613,456,3,
1613,1457,3,
1616,397,3,
1616,542,3,
1616,649,3,
1616,1577,3,
1617,446,2,
1617,1643,2,
1619,223,2,
1619,499,2,
1619,1052,2,
1619,1072,2,
1619,1125,2,
1619,1279,2,
1619,1399,2,
1619,1598,2,
1622,114,25,
1622,149,3,
1622,277,3,
1622,725,7,
1622,1140,3,
1622,1331,3,
1622,1413,3,
1623,108,20,
1623,519,3,
1623,714,20,
1623,752,3,
1623,798,20,
1627,216,4,
1627,326,4,
1627,1408,4,
1627,1796,4,
1629,355,3,
1629,678,3,
1629,1366,3,
1631,1053,12,
1632,25,25,
1632,99,3,
1632,131,31,
1632,175,3,
1632,316,3,
1632,573,3,
1632,689,3,
1632,982,3,
1632,1600,3,
1634,809,8,
1634,1416,8,
1635,1368,14,
1636,241,3,
1636,983,8,
1636,1283,8,
1638,645,15,
1640,88,26,
1642,1471,26,
1645,993,5,
1645,1328,10,
1645,1362,14,
1650,108,31,
1650,177,3,
1650,503,3,
1650,893,3,
1650,1068,3,
1650,1508,3,
1650,1753,3,
1650,1868,5,
1652,856,6,
1653,386,18,
1653,1114,18,
1655,427,22,
1657,346,2,
1657,722,2,
1657,938,2,
1658,0,43,
1658,102,20,
1658,969,20,
1660,623,35,
1660,1039,10,
1664,448,3,
1664,512,3,
1664,611,3,
1665,28,36,
1668,329,13,
1669,208,8,
1669,967,17,
1670,272,2,
1670,349,2,
1670,1278,2,
1670,1352,2,
1670,1449,2,
1670,1566,2,
1672,237,3,
1672,578,3,
1672,667,3,
1672,805,3,
1673,333,3,
1673,480,3,
1673,731,19,
1673,798,3,
1673,839,3,
1673,1540,3,
1675,513,12,
1675,583,3,
1675,800,6,
1675,1754,15,
1676,560,2,
1676,930,2,
1677,61,18,
1678,821,14,
1678,983,13,
1678,1047,13,
1680,117,16,
1680,838,16,
1681,728,3,
1681,820,22,
1685,11,30,
1685,1406,3,
1686,0,25,
1686,121,36,
1686,778,25,
1686,1591,25,
1687,167,2,
1687,117,14,
1687,236,2,
1687,268,20,
1687,1878,2,
1689,1834,3,
1690,341,3,
1694,1042,13,
1698,815,14,
1698,1187,14,
1699,817,16,
1701,258,3,
1701,380,3,
1701,573,3,
1701,612,3,
1701,782,3,
1701,1732,3,
1702,325,3,
1703,112,13,
1705,55,36,
1705,217,26,
1707,369,3,
1707,691,3,
1707,1895,3,
1709,196,3,
1709,339,3,
1709,484,3,
1709,748,3,
1709,768,3,
1710,14,15,
1710,1478,3,
1710,1688,3,
1714,456,30,
1715,17,16,
1715,1624,16,
1715,1765,16,
1716,1130,25,
1718,433,3,
1718,514,3,
1718,867,3,
1718,872,3,
1719,232,3,
1719,327,3,
1720,565,3,
1720,1109,5,
1720,1282,5,
1720,1708,3,
1722,1784,4,
1723,246,5,
1723,536,5,
1723,616,5,
1723,815,3,
1723,840,5,
1723,945,3,
1723,1248,5,
1723,1457,5,
1725,953,15,
1728,301,2,
1728,482,2,
1728,882,2,
1729,162,3,
1729,389,3,
1729,532,11,
1730,1596,12,
1733,438,3,
1733,777,3,
1736,18,25,
1736,134,3,
1736,659,3,
1736,1184,11,
1736,1324,3,
1736,1419,3,
1737,1025,2,
1738,493,2,
1739,1524,12,
1739,1653,16,
1740,433,3,
1741,226,25,
1741,253,3,
1741,527,3,
1742,935,3,
1742,1066,3,
1742,1265,11,
1744,1149,6,
1745,420,3,
1746,293,3,
1746,406,3,
1746,1342,3,
1747,472,12,
1747,1312,3,
1748,1543,8,
1750,296,2,
1750,972,2,
1751,664,2,
1751,898,2,
1751,1187,2,
1753,61,25,
1753,444,4,
1753,1063,4,
1753,1207,4,
1753,1355,4,
1755,132,25,
1756,303,3,
1756,944,3,
1756,1211,3,
1759,736,2,
1760,695,4,
1760,781,3,
1760,958,3,
1760,1171,3,
1761,191,2,
1761,308,2,
1761,705,2,
1761,1280,2,
1764,308,10,
1764,894,8,
1764,1044,8,
1764,1103,6,
1764,1180,6,
1764,1364,5,
1765,1554,8,
1767,116,18,
1767,904,3,
1767,1070,3,
1769,111,38,
1769,198,3,
1769,468,21,
1769,589,3,
1769,734,3,
1770,236,3,
1771,325,7,
1774,543,32,
1774,798,24,
1774,1280,32,
1774,1737,24,
1774,2004,32,
1775,1115,23,
1775,1289,20,
1775,1387,24,
1778,512,18,
1778,985,6,
1780,296,5,
1781,281,15,
1781,432,6,
1784,1340,6,
1785,1187,3,
1787,329,15,
1788,365,12,
1788,547,12,
1788,1457,3,
1788,1488,3,
1788,1396,27,
1788,1580,12,
1789,337,3,
1789,654,3,
1789,805,3,
1789,1273,3,
1789,1584,3,
1789,1751,3,
1790,506,18,
1792,1195,3,
1794,746,2,
1794,1170,2,
1798,413,3,
1798,1301,3,
1798,1506,3,
1800,1216,15,
1800,1361,20,
1804,946,7,
1807,209,3,
1807,117,24,
1807,248,3,
1807,274,22,
1807,355,3,
1807,757,4,
1807,853,4,
1807,981,3,
1807,1356,3,
1807,1398,3,
1807,1501,4,
1808,661,2,
1809,373,15,
1809,574,15,
1809,973,15,
1809,1432,7,
1809,1580,15,
1809,1674,15,
1810,452,3,
1810,610,3,
1810,655,3,
1813,277,14,
1813,738,24,
1813,1195,3,
1815,497,3,
1815,722,3,
1815,791,3,
1815,810,2,
1815,1246,6,
1815,1291,3,
1815,1429,3,
1815,1436,2,
1815,1578,6,
1817,1336,3,
1817,1755,3,
1818,311,10,
1819,318,14,
1819,404,7,
1819,614,6,
1820,314,4,
1820,758,4,
1820,1057,4,
1820,1338,4,
1821,419,25,
1821,937,14,
1822,188,33,
1823,1588,17,
1824,343,12,
1825,21,24,
1825,463,3,
1825,1134,3,
1825,1662,3,
1825,1667,13,
1826,599,3,
1826,708,4,
1826,1229,3,
1826,2003,4,
1826,2040,5,
1826,2083,6,
1826,2385,4,
1827,120,14,
1828,514,7,
1830,25,24,
1831,209,15,
1831,953,15,
1831,1313,15,
1831,1480,3,
1831,1738,27,
1832,420,3,
1832,1387,3,
1832,1498,3,
1832,1689,3,
1832,1757,3,
1832,1939,3,
1834,743,3,
1834,977,3,
1835,412,6,
1836,453,28,
1836,642,29,
1836,1533,39,
1840,117,3,
1840,318,6,
1840,623,3,
1840,755,3,
1840,929,3,
1840,1289,3,
1840,1340,3,
1844,507,22,
1844,682,10,
1845,264,2,
1845,600,2,
1845,906,2,
1845,997,2,
1847,138,27,
1847,760,14,
1848,55,20,
1848,1078,3,
1849,932,3,
1856,119,14,
1856,543,7,
1856,741,8,
1856,1178,14,
1856,1211,7,
1856,1348,14,
1856,1387,6,
1856,1687,14,
1856,1769,14,
1856,1859,15,
1856,2001,14,
1857,236,24,
1861,118,71,
1861,658,3,
1861,792,3,
1862,1059,9,
1863,444,3,
1864,962,4,
1864,1044,4,
1865,304,2,
1865,653,2,
1866,721,26,
1867,349,11,
1869,0,20,
1869,84,20,
1869,106,3,
1869,390,13,
1869,440,12,
1869,658,3,
1872,214,3,
1872,272,3,
1872,430,3,
1872,550,3,
1872,691,3,
1872,1312,3,
1872,1555,3,
1872,1770,3,
1876,47,15,
1876,684,6,
1876,728,6,
1876,1167,15,
1881,832,3,
1882,52,39,
1882,175,23,
1882,380,15,
1882,951,5,
1882,972,15,
1882,1143,15,
1882,1184,15,
1884,101,13,
1885,274,6,
1886,166,41,
1886,354,41,
1893,801,3,
1895,356,3,
1895,416,3,
1895,1513,3,
1895,1641,3,
1896,745,3,
1896,962,3,
1898,456,2,
1900,439,4,
1900,558,4,
1900,705,4,
1900,859,4,
1900,1135,4,
1900,1513,4,
1900,1650,4,
1901,144,6,
1901,192,4,
1901,522,4,
1901,619,4,
1901,1444,4,
1905,1534,6,
1911,255,2,
1913,530,3,
1913,752,3,
1915,592,2,
1915,695,2,
1915,930,3,
1915,1054,3,
1917,39,14,
1917,76,30,
1917,482,34,
1917,1055,2,
1918,1091,2,
1918,1276,2,
1920,508,3,
1920,1286,3,
1922,332,3,
1922,1593,3,
1922,1852,3,
1923,249,35,
1925,251,2,
1925,819,2,
1925,1542,2,
1925,1725,2,
1928,529,3,
1928,690,3,
1928,970,3,
1928,1181,3,
1930,430,17,
1930,595,17,
1930,1048,17,
1930,1257,17,
1931,486,6,
1931,598,7,
1934,73,24,
1934,707,13,
1934,1406,6,
1936,69,21,
1936,397,3,
1936,684,3,
1936,754,3,
1938,1464,4,
1939,166,16,
1939,184,16,
1939,563,3,
1941,202,20,
1941,421,2,
1941,448,9,
1941,704,6,
1941,1061,6,
};
}
static void init3() {
a3 = new int[] {
1941,1235,2,
1941,1717,14,
1942,271,3,
1942,450,3,
1942,617,3,
1942,672,3,
1942,1318,16,
1942,1400,3,
1942,1698,3,
1943,317,2,
1945,263,3,
1945,572,3,
1945,681,16,
1945,1266,16,
1945,1525,3,
1945,1682,3,
1946,294,3,
1948,204,2,
1948,565,2,
1948,870,2,
1948,1196,2,
1949,307,3,
1949,454,3,
1951,849,41,
1955,439,2,
1955,569,2,
1955,776,2,
1955,1001,2,
1956,254,3,
1956,656,3,
1956,916,3,
1956,989,16,
1957,259,16,
1958,278,4,
1958,431,4,
1958,478,4,
1958,834,4,
1958,1534,4,
1958,1599,4,
1959,625,3,
1960,463,3,
1960,662,15,
1961,340,4,
1961,1373,4,
1961,1526,4,
1962,62,30,
1962,633,30,
1962,1040,7,
1963,288,18,
1964,354,21,
1965,770,3,
1965,1152,3,
1967,50,37,
1967,712,2,
1967,877,2,
1970,1112,20,
1971,347,3,
1971,673,3,
1971,756,3,
1973,37,15,
1973,615,15,
1973,694,15,
1977,0,22,
1977,361,3,
1977,617,3,
1977,853,5,
1977,863,3,
1977,1049,5,
1977,1059,3,
1977,1230,3,
1977,1515,3,
1978,409,4,
1981,477,13,
1983,165,7,
1983,1420,7,
1984,869,3,
1984,968,3,
1984,1041,3,
1984,1245,3,
1984,1420,15,
1984,1481,3,
1985,102,22,
1985,332,13,
1986,98,12,
1988,592,6,
1989,1197,4,
1991,881,13,
1992,669,3,
1995,165,29,
1996,111,2,
1996,166,18,
1996,596,2,
1996,754,16,
1996,1370,2,
1997,362,3,
1997,645,3,
1997,691,8,
1997,981,8,
1997,1668,3,
1997,1707,17,
1999,861,17,
1999,1050,21,
2001,539,3,
2004,357,3,
2004,795,3,
2004,996,3,
2004,1155,3,
2009,329,2,
2009,459,2,
2009,594,2,
2009,993,2,
2009,1156,2,
2010,1054,14,
2011,1008,3,
2011,1350,3,
2011,1685,3,
2015,267,3,
2015,930,26,
2015,1052,3,
2018,738,2,
2020,78,6,
2020,581,14,
2023,1504,3,
2027,72,18,
2027,343,3,
2027,395,3,
2028,123,20,
2033,367,88,
2034,115,14,
2034,173,14,
2034,435,6,
2037,295,3,
2037,681,3,
2037,750,8,
2039,107,25,
2039,134,3,
2039,718,3,
2042,1123,2,
2044,394,17,
2044,625,18,
2044,712,6,
2045,451,6,
2045,524,5,
2045,693,3,
2045,925,3,
2048,224,6,
2048,447,6,
2049,43,12,
2049,94,12,
2049,819,8,
2049,952,12,
2050,365,3,
2050,270,17,
2050,528,3,
2050,662,3,
2055,508,37,
2055,626,3,
2055,644,2,
2055,803,3,
2055,811,3,
2055,983,3,
2055,1082,3,
2057,657,37,
2061,13,40,
2063,411,3,
2063,752,3,
2063,1077,3,
2064,735,3,
2065,334,2,
2065,920,2,
2065,1112,2,
2067,172,6,
2067,449,6,
2067,668,14,
2074,831,3,
2075,201,11,
2075,310,2,
2075,385,2,
2075,549,2,
2075,591,2,
2077,463,2,
2077,973,2,
2078,207,2,
2078,543,2,
2078,801,2,
2078,977,2,
2078,984,2,
2078,1425,2,
2078,1432,2,
2087,6,20,
2090,404,2,
2090,508,2,
2090,1009,2,
2095,72,24,
2097,84,6,
2097,753,13,
2098,318,14,
2098,358,14,
2102,97,30,
2105,63,26,
2105,91,26,
2105,233,26,
2105,839,26,
2106,5,15,
2106,207,14,
2106,279,2,
2106,318,2,
2106,361,14,
2106,479,2,
2106,738,2,
2106,837,15,
2112,125,14,
2114,844,3,
2114,1044,3,
2124,460,3,
2127,238,17,
2127,590,14,
2127,732,5,
2130,391,9,
2135,256,19,
2137,414,18,
2137,531,2,
2137,608,2,
2137,1160,2,
2138,146,15,
2140,1543,3,
2143,329,2,
2143,952,2,
2144,667,27,
2149,680,24,
2149,796,24,
2149,1355,15,
2152,320,16,
2154,233,3,
2154,313,3,
2154,416,3,
2154,663,3,
2154,796,3,
2154,912,3,
2154,961,3,
2155,37,24,
2155,103,24,
2155,408,21,
2158,408,2,
2158,557,2,
2158,624,2,
2161,280,3,
2161,237,24,
2161,635,3,
2161,765,3,
2162,537,2,
2175,1483,4,
2175,1668,4,
2175,1838,4,
2175,2221,4,
2177,393,2,
2177,557,2,
2182,564,14,
2189,799,24,
2189,917,3,
2191,76,14,
2191,278,14,
2191,879,14,
2192,67,15,
2192,987,2,
2200,83,19,
2200,606,26,
2201,482,12,
2208,2029,2,
2208,2102,2,
2208,2200,2,
2210,932,16,
2211,577,3,
2214,42,22,
2214,370,3,
2214,300,18,
2214,575,3,
2214,740,3,
2214,1115,3,
2214,1185,3,
2214,1220,3,
2214,1441,3,
2214,1592,3,
2214,1646,8,
2214,1719,3,
2214,1796,3,
2218,496,2,
2218,542,2,
2218,1570,2,
2218,1654,2,
2218,1965,2,
2222,416,3,
2224,0,20,
2225,558,6,
2225,1139,6,
2244,0,31,
2257,15,14,
2257,75,14,
2257,237,14,
2258,169,20,
2274,768,14,
2274,1242,15,
2279,42,14,
2279,97,14,
2279,168,14,
2279,466,15,
2279,649,5,
2279,835,6,
2298,1240,3,
2299,510,2,
2299,616,2,
2299,857,2,
2299,965,2,
};
}
static int[] a0;
static int[] a1;
static int[] a2;
static int[] a3;
static {
init0();
init1();
init2();
init3();
}
int[] annotate() {
int[] ans = new int[9939];
int idx = 0;
for (int i:a0) ans[idx++] = i;
for (int i:a1) ans[idx++] = i;
for (int i:a2) ans[idx++] = i;
for (int i:a3) ans[idx++] = i;
return ans; }}

