public class BannerAnnotate {
static void init0() {
a0 = new int[] {
0,159,18,
1,1232,36,
3,343,3,
3,1554,3,
9,67,13,
9,156,6,
9,564,5,
9,1160,7,
10,54,16,
11,273,3,
13,213,3,
13,348,3,
13,400,3,
13,1430,3,
15,2083,6,
21,1330,3,
23,254,6,
23,309,17,
23,331,18,
23,444,3,
23,476,6,
23,547,19,
23,727,6,
25,250,19,
25,432,3,
25,580,3,
25,971,9,
25,1155,26,
25,1222,3,
25,1708,3,
25,1819,3,
27,13,27,
28,491,15,
28,795,3,
28,981,2,
30,966,2,
30,1285,2,
31,190,3,
31,963,3,
32,137,27,
32,304,15,
32,326,3,
32,553,3,
32,893,3,
32,990,3,
32,1587,18,
32,1769,3,
32,1887,3,
34,231,27,
34,666,3,
35,1439,3,
35,1864,6,
35,1921,3,
42,0,6,
42,202,11,
42,307,16,
42,847,6,
42,1287,33,
43,215,29,
43,625,18,
47,1042,25,
48,1472,6,
50,376,3,
51,476,3,
52,150,14,
52,378,14,
52,935,14,
52,1914,14,
54,521,2,
60,450,3,
60,877,3,
60,1194,3,
60,1380,3,
60,1466,3,
63,107,8,
63,320,22,
64,299,3,
64,1193,3,
65,292,3,
65,519,3,
65,849,3,
67,376,3,
68,17,14,
68,148,40,
68,878,14,
69,124,44,
71,347,3,
71,528,3,
71,687,3,
71,755,3,
71,829,3,
71,1117,3,
71,1567,3,
72,1366,6,
73,55,13,
73,374,3,
73,438,3,
73,581,3,
73,988,3,
73,1644,3,
77,303,2,
77,171,20,
77,559,2,
77,631,2,
77,1037,2,
78,1607,2,
80,688,2,
80,882,2,
80,1149,2,
80,1258,2,
80,1459,2,
80,1582,2,
80,1624,2,
80,1792,2,
80,1901,2,
81,121,23,
81,408,14,
81,633,14,
81,1155,24,
82,1403,3,
86,0,54,
86,131,54,
86,597,5,
87,367,16,
87,427,34,
87,542,16,
87,634,5,
87,935,23,
87,1077,16,
87,1165,14,
88,1128,29,
89,659,3,
91,100,24,
91,180,24,
91,206,3,
91,310,3,
91,677,3,
91,745,3,
91,781,24,
91,1090,3,
91,1141,3,
91,1502,3,
91,1622,3,
92,95,13,
92,320,2,
92,386,2,
92,641,2,
92,1515,2,
93,445,23,
95,342,3,
95,703,3,
95,1244,3,
96,68,16,
96,673,16,
98,183,6,
98,220,21,
98,1183,30,
98,1248,14,
99,510,3,
99,1356,3,
100,135,6,
100,245,18,
100,368,15,
100,683,18,
100,718,6,
100,915,6,
100,1035,6,
100,1438,6,
101,587,5,
101,847,5,
101,1301,5,
101,1853,5,
107,1582,6,
109,217,31,
109,635,3,
109,679,3,
109,751,3,
109,1275,3,
109,1392,3,
110,197,2,
110,109,15,
110,701,2,
112,1075,3,
112,1083,3,
112,1414,3,
112,1540,24,
123,187,7,
124,1511,3,
126,329,3,
128,276,3,
128,512,6,
128,566,3,
128,688,3,
128,769,3,
128,960,3,
128,1266,3,
128,1394,3,
128,1574,3,
128,1698,3,
128,1886,3,
129,1032,14,
130,231,2,
130,1262,2,
131,587,52,
131,641,8,
131,895,16,
132,1007,8,
135,344,3,
136,188,12,
138,597,3,
138,670,3,
138,988,3,
142,525,6,
142,1677,21,
149,109,15,
151,261,9,
153,332,6,
155,454,27,
156,35,20,
157,112,3,
157,278,3,
157,1429,8,
159,65,2,
159,353,6,
159,508,3,
159,749,3,
160,73,24,
160,141,24,
160,171,24,
160,276,24,
160,197,3,
160,368,3,
160,1078,24,
166,841,3,
166,1116,3,
170,912,3,
170,1048,3,
172,535,13,
172,631,13,
176,712,3,
177,1108,18,
177,1314,2,
178,151,50,
178,288,3,
178,1045,3,
178,1559,3,
179,97,7,
180,1034,3,
186,116,3,
186,159,18,
186,505,10,
186,635,3,
186,730,7,
186,767,3,
186,823,3,
186,951,3,
186,996,18,
186,1288,17,
187,372,3,
187,473,3,
187,756,3,
187,786,3,
188,787,2,
188,930,2,
190,422,2,
190,478,2,
190,1194,12,
190,1678,2,
192,777,6,
194,444,7,
194,838,29,
194,1009,20,
194,1664,13,
194,1938,13,
195,137,13,
195,920,20,
198,1703,4,
203,319,10,
203,442,3,
203,798,3,
203,1145,3,
204,105,14,
204,388,24,
204,437,17,
204,694,21,
205,879,4,
206,0,27,
207,506,2,
211,893,3,
211,1062,3,
213,239,12,
215,900,24,
215,1429,13,
215,1556,13,
216,173,7,
216,1043,2,
217,151,26,
217,1698,15,
218,244,3,
218,530,3,
218,757,3,
218,803,3,
224,357,3,
224,212,16,
224,1195,5,
226,681,13,
226,789,14,
226,1011,18,
226,1547,15,
230,357,3,
230,886,3,
230,1000,3,
236,311,2,
236,1611,2,
236,1681,2,
237,96,3,
237,129,3,
237,722,3,
237,955,3,
237,1237,3,
237,1661,3,
240,621,3,
240,952,3,
240,1083,3,
240,1149,3,
240,1182,6,
240,1461,3,
242,468,12,
243,280,3,
243,354,2,
243,441,20,
243,838,3,
248,442,3,
248,851,3,
248,1185,3,
249,24,41,
252,1059,18,
253,0,14,
253,722,7,
253,1525,25,
255,270,2,
255,447,2,
255,764,2,
256,502,3,
256,581,7,
259,776,3,
264,561,2,
264,591,3,
264,1324,3,
264,1478,3,
264,1615,2,
267,185,35,
267,222,3,
267,336,3,
267,891,3,
268,16,8,
268,903,3,
270,788,2,
270,2019,16,
271,168,13,
271,606,13,
272,663,3,
272,1373,3,
272,1404,3,
272,1621,3,
273,470,2,
273,957,2,
273,1110,3,
275,1296,2,
276,94,20,
276,283,7,
276,729,10,
280,1159,3,
283,1001,4,
285,87,3,
287,687,15,
287,1392,15,
289,30,3,
289,516,13,
289,1017,6,
289,1090,3,
290,1070,7,
291,208,6,
294,842,4,
295,504,3,
295,876,3,
295,995,3,
295,1735,3,
295,2185,3,
297,39,38,
297,320,14,
297,817,14,
297,919,14,
299,62,3,
299,299,3,
301,726,13,
302,527,16,
303,212,20,
303,893,19,
308,318,3,
308,612,3,
309,746,3,
310,722,3,
310,818,3,
310,984,3,
310,1394,2,
311,1069,3,
311,1095,3,
311,1210,3,
311,1348,3,
312,767,3,
312,1636,27,
315,1282,2,
315,1154,12,
315,1982,2,
319,776,2,
320,136,24,
320,1143,24,
320,1347,24,
321,1121,16,
322,204,16,
323,382,3,
327,229,2,
327,748,2,
330,530,22,
330,578,15,
330,825,2,
330,847,3,
330,955,2,
330,1625,3,
330,1854,2,
330,1874,3,
330,1956,3,
330,2024,2,
330,2168,2,
330,2902,2,
338,162,15,
338,562,3,
338,321,26,
338,1939,15,
338,2359,15,
341,425,28,
341,482,8,
347,61,24,
347,91,24,
347,117,3,
347,342,3,
348,507,26,
348,852,13,
348,891,14,
348,1632,23,
349,226,2,
349,1084,2,
350,269,9,
350,415,4,
350,553,4,
350,1520,4,
352,1412,4,
354,246,6,
354,1786,6,
355,51,18,
355,1819,17,
356,915,2,
358,1269,2,
359,1012,2,
359,1316,2,
360,205,3,
360,911,18,
362,11,25,
365,925,3,
365,1016,3,
365,1165,3,
365,1388,3,
365,1752,3,
365,1885,3,
366,219,29,
366,283,2,
366,414,2,
366,486,2,
366,524,2,
366,697,2,
366,939,2,
366,1004,2,
366,1094,2,
367,1516,3,
367,2021,3,
370,64,12,
370,767,12,
373,1080,26,
374,389,3,
374,438,4,
376,176,3,
376,532,3,
378,455,3,
378,988,3,
379,52,29,
379,457,29,
380,257,2,
380,319,21,
380,358,2,
380,1435,2,
380,1557,19,
380,2235,21,
380,2501,21,
381,709,12,
384,1246,3,
385,804,3,
385,955,3,
385,1696,3,
387,137,12,
387,1479,10,
387,1792,12,
388,442,53,
388,899,8,
393,488,3,
393,854,3,
393,966,6,
393,1084,6,
393,1338,6,
393,1799,6,
394,293,15,
394,656,18,
394,1521,15,
396,65,25,
396,679,25,
398,376,3,
398,419,3,
398,1138,3,
398,1288,3,
401,54,19,
401,256,18,
402,43,29,
402,394,8,
402,683,8,
403,72,3,
403,312,3,
403,477,3,
404,116,33,
405,901,2,
405,1011,2,
408,1643,19,
409,1308,3,
410,478,2,
410,914,2,
412,946,3,
416,253,3,
416,442,3,
419,0,29,
419,737,18,
421,206,3,
421,515,3,
421,874,3,
421,922,3,
421,1081,3,
425,216,50,
425,1705,42,
431,447,13,
433,106,16,
434,269,3,
435,309,7,
435,1420,14,
439,822,15,
440,862,6,
440,1191,2,
441,1326,3,
441,1960,2,
442,382,3,
442,522,11,
442,559,3,
442,2008,3,
443,434,2,
443,703,2,
443,744,2,
443,778,11,
443,886,2,
443,988,2,
443,1578,2,
443,1655,9,
443,1669,3,
443,1737,2,
443,1798,2,
444,256,6,
444,431,6,
448,274,24,
450,30,3,
450,64,24,
450,90,24,
450,116,3,
450,233,3,
450,313,3,
450,367,3,
450,561,3,
453,748,3,
453,1186,3,
454,39,15,
455,68,24,
455,129,24,
455,155,3,
455,536,3,
455,1462,3,
455,1732,3,
457,234,2,
457,279,2,
457,593,2,
457,995,2,
458,241,6,
458,312,3,
458,561,3,
458,677,3,
458,1090,3,
458,1183,6,
458,1379,5,
459,218,16,
459,976,16,
460,678,2,
462,892,18,
463,37,21,
463,747,10,
463,1093,32,
464,519,3,
464,785,3,
464,884,3,
464,1148,3,
464,1643,3,
464,1759,3,
464,1836,3,
465,497,17,
469,362,6,
469,529,3,
469,733,3,
469,795,3,
470,566,3,
471,364,3,
471,172,25,
471,534,3,
471,657,3,
471,780,3,
471,850,3,
471,1022,3,
471,1232,3,
471,1416,3,
471,1605,3,
476,199,13,
476,229,3,
476,145,21,
478,464,3,
478,653,3,
479,825,2,
479,974,2,
483,1175,5,
483,1593,5,
483,1988,4,
483,2278,4,
483,2334,4,
483,2440,4,
484,16,3,
484,147,3,
484,301,3,
484,668,2,
484,958,3,
484,1070,3,
485,1306,3,
486,204,6,
487,252,3,
488,21,22,
489,463,3,
489,485,3,
489,1348,3,
493,1125,4,
494,172,50,
497,34,25,
497,222,3,
497,1035,3,
499,69,24,
499,99,24,
499,212,3,
499,520,3,
500,165,45,
501,4,11,
503,105,18,
503,330,14,
503,435,23,
503,715,18,
503,819,14,
503,901,18,
505,41,24,
505,67,3,
505,199,24,
505,258,3,
505,431,3,
505,544,3,
505,969,3,
505,1569,3,
505,1677,3,
506,654,12,
506,716,13,
506,749,11,
506,954,11,
507,1250,15,
510,251,15,
511,215,3,
511,302,17,
511,428,3,
511,613,3,
511,800,3,
511,1064,3,
511,1069,3,
511,1186,3,
513,382,2,
513,282,15,
516,148,11,
516,581,20,
518,350,2,
518,1129,16,
518,1154,2,
520,458,15,
520,1050,14,
520,1522,14,
521,703,3,
521,910,29,
523,224,5,
523,926,5,
523,1017,3,
523,1214,5,
523,1237,3,
523,1380,5,
524,1027,3,
524,1128,3,
524,1184,3,
525,1074,13,
527,666,13,
527,1007,13,
531,75,54,
531,131,54,
531,187,5,
531,476,5,
533,1693,13,
534,54,26,
534,770,19,
534,1300,7,
534,1419,7,
536,271,3,
536,452,3,
536,740,3,
536,1023,3,
536,1209,3,
536,1384,3,
537,1353,2,
539,657,3,
540,458,13,
540,539,25,
540,1324,13,
541,322,3,
541,409,3,
541,611,6,
541,754,6,
541,1057,3,
541,1296,11,
541,1390,3,
541,1581,3,
541,1703,3,
543,227,3,
543,153,23,
543,306,3,
543,3651,3,
547,593,35,
547,957,3,
548,345,3,
548,396,3,
548,439,3,
548,468,3,
548,1025,3,
550,766,3,
551,36,13,
553,117,10,
555,100,25,
555,1412,4,
555,1732,15,
555,1787,15,
557,219,13,
557,1004,15,
561,266,3,
561,485,3,
561,1019,3,
561,1111,3,
563,841,16,
563,959,17,
565,1630,3,
566,340,3,
566,557,3,
566,1978,3,
566,2020,3,
568,214,20,
568,1548,7,
569,1388,3,
569,1686,2,
569,1923,3,
571,708,3,
571,1558,3,
572,329,2,
572,523,2,
572,698,2,
574,246,3,
574,360,3,
576,266,5,
576,837,6,
576,936,2,
576,1048,2,
576,1430,3,
576,1585,6,
576,1705,2,
578,254,3,
578,358,3,
579,339,2,
579,1373,2,
584,254,3,
584,384,17,
584,446,3,
584,504,17,
584,622,3,
584,773,3,
584,891,3,
584,1049,3,
584,1128,3,
584,1431,3,
584,1546,3,
584,1646,3,
584,1725,3,
586,601,15,
588,225,4,
589,358,15,
589,1508,15,
589,1822,15,
590,182,14,
590,830,4,
591,362,3,
591,389,3,
591,508,3,
591,615,3,
591,925,3,
591,1497,18,
593,245,3,
594,54,6,
594,821,6,
594,1410,2,
594,2760,2,
596,119,14,
598,433,2,
598,991,2,
598,1243,2,
598,1567,2,
600,139,2,
600,359,2,
600,1019,2,
600,1486,2,
601,829,3,
604,811,2,
605,131,3,
607,20,23,
608,797,18,
609,292,3,
609,483,3,
609,839,3,
609,894,3,
610,624,19,
610,765,3,
610,2149,3,
613,1047,9,
613,1237,4,
613,1691,3,
618,198,6,
620,0,63,
620,65,63,
620,130,6,
622,663,15,
624,1740,3,
624,1851,3,
624,1967,3,
624,2034,3,
625,248,3,
625,305,4,
625,645,8,
626,654,2,
626,1032,2,
626,1182,2,
626,1899,2,
626,2199,2,
627,388,3,
627,598,3,
627,1141,3,
627,1961,3,
628,693,4,
628,1183,4,
630,108,37,
631,461,3,
631,628,3,
631,655,3,
631,852,3,
631,1105,3,
631,1236,7,
632,657,3,
632,1693,3,
633,429,25,
633,456,3,
633,1306,3,
633,1560,3,
635,346,3,
635,857,3,
636,634,13,
636,958,2,
637,71,18,
637,597,16,
638,422,6,
638,773,6,
638,1020,17,
638,1647,3,
638,1932,3,
638,2047,7,
638,2566,6,
639,830,3,
640,717,4,
642,2011,14,
643,78,3,
646,313,13,
647,29,28,
647,621,2,
647,863,3,
647,1450,7,
649,697,13,
652,261,8,
652,584,2,
653,312,17,
653,569,18,
653,1130,6,
653,1260,3,
655,78,7,
655,576,14,
656,164,27,
656,573,7,
663,0,38,
663,124,25,
663,151,3,
663,586,3,
663,611,3,
663,699,3,
663,1198,7,
665,459,3,
665,690,3,
665,741,3,
668,399,3,
668,652,3,
668,970,3,
668,1276,3,
672,24,3,
672,111,34,
673,34,18,
680,40,8,
680,827,8,
681,575,13,
682,31,25,
682,273,4,
682,544,4,
682,1073,4,
683,295,3,
683,316,6,
683,524,6,
683,945,3,
685,235,3,
691,242,3,
691,142,15,
691,847,3,
691,1242,3,
691,1386,3,
695,68,24,
695,234,23,
695,445,6,
695,548,6,
695,630,6,
695,691,6,
695,890,7,
695,1123,14,
695,1566,6,
695,2040,6,
696,765,4,
696,933,4,
697,220,14,
702,571,2,
702,1257,2,
704,496,2,
704,742,2,
704,956,2,
708,1666,3,
709,1281,2,
710,549,3,
710,643,3,
710,856,3,
710,1051,3,
712,243,3,
713,6,24,
713,89,24,
};
}
static void init1() {
a1 = new int[] {
713,270,3,
713,685,4,
713,1370,3,
713,1881,14,
715,513,14,
716,802,16,
717,564,3,
717,574,3,
717,882,3,
717,906,3,
717,1310,3,
717,1867,3,
717,1970,3,
718,193,45,
720,41,18,
720,171,18,
720,1042,24,
720,1161,23,
720,1569,23,
720,1636,18,
720,1748,24,
724,806,3,
724,1072,7,
724,1090,3,
724,1391,27,
724,1618,3,
725,66,38,
725,115,38,
725,282,3,
725,1212,3,
725,1316,7,
725,1347,3,
725,1426,3,
725,1466,3,
725,1582,3,
725,1653,3,
726,1220,20,
727,401,3,
727,878,3,
727,1035,3,
727,1178,3,
727,1269,3,
728,39,13,
729,1017,24,
730,62,5,
731,314,2,
734,98,17,
734,414,6,
734,791,6,
734,1815,6,
735,1475,12,
735,1699,12,
737,90,18,
738,537,3,
739,364,3,
739,457,3,
739,701,3,
739,831,3,
739,1208,3,
739,1455,3,
739,1601,3,
739,1825,3,
739,1881,3,
739,1969,3,
740,330,3,
740,849,3,
740,1347,3,
740,1578,3,
742,171,2,
742,1655,16,
743,153,18,
743,1343,18,
744,136,23,
744,459,23,
744,1046,28,
745,124,15,
745,1084,5,
745,1350,6,
745,1428,6,
745,1503,6,
745,1809,5,
748,932,16,
748,1389,16,
749,672,4,
749,1387,4,
755,744,3,
755,903,3,
755,1732,3,
756,252,24,
757,464,12,
757,1600,12,
758,259,25,
762,568,3,
762,887,3,
762,905,11,
762,924,3,
762,945,11,
762,1283,3,
763,273,3,
763,380,3,
763,483,3,
763,509,3,
763,654,3,
763,729,3,
763,878,3,
763,987,3,
763,1270,3,
765,1651,3,
766,0,24,
766,194,6,
766,255,3,
766,429,3,
766,489,3,
766,701,3,
766,956,3,
766,1024,3,
766,1106,6,
766,1353,3,
766,1517,10,
766,1576,3,
766,1626,3,
766,1895,12,
766,2004,3,
766,2048,3,
766,2108,3,
766,2145,24,
766,2201,3,
766,2276,3,
766,2359,3,
766,2521,10,
766,2584,3,
766,2637,3,
770,31,10,
770,381,22,
770,1466,22,
773,670,3,
773,855,3,
773,978,10,
775,5639,20,
775,5910,2,
776,344,3,
776,461,3,
776,778,3,
776,1753,17,
777,429,3,
777,100,22,
777,837,3,
777,919,3,
777,1001,3,
778,29,18,
778,312,2,
778,500,2,
780,598,4,
781,667,3,
788,56,15,
788,528,5,
788,1569,6,
788,1863,14,
789,267,8,
790,992,3,
790,1136,3,
793,208,3,
793,360,3,
793,568,3,
794,55,3,
794,1045,3,
794,1362,3,
794,1412,3,
794,1594,3,
794,1626,3,
796,383,15,
796,814,15,
796,1335,15,
797,712,2,
797,894,2,
797,976,3,
797,1020,2,
799,63,18,
799,781,20,
799,899,18,
799,962,18,
799,2115,18,
799,2355,15,
801,1460,3,
801,1480,13,
802,975,3,
805,286,6,
805,530,21,
805,596,3,
805,727,21,
807,388,3,
807,644,3,
807,819,3,
807,1114,3,
807,1298,3,
807,1649,3,
811,489,25,
817,857,14,
818,877,6,
821,1461,10,
821,2625,14,
823,40,13,
823,1788,13,
825,0,24,
825,45,24,
825,100,24,
825,284,24,
825,569,24,
825,674,24,
825,855,24,
825,987,24,
825,1079,24,
825,1182,24,
825,1518,24,
825,1617,24,
827,447,2,
828,246,27,
829,632,3,
829,1089,3,
829,1224,3,
829,1318,3,
831,65,13,
833,403,2,
833,429,2,
833,633,2,
833,791,2,
833,867,2,
833,1305,2,
834,33,19,
834,366,14,
834,433,2,
834,440,8,
834,573,2,
834,668,2,
834,840,12,
837,650,22,
837,874,21,
837,906,21,
842,308,19,
843,430,7,
843,1125,17,
845,26,29,
846,450,3,
847,249,20,
847,2180,20,
849,579,2,
849,901,2,
849,1366,2,
850,121,8,
851,403,15,
851,436,24,
851,1098,2,
852,1118,4,
853,36,34,
853,179,6,
853,334,7,
853,550,26,
853,671,16,
853,721,22,
853,1224,14,
853,1294,6,
853,1361,34,
855,100,24,
855,271,24,
855,503,24,
855,1463,3,
855,1740,3,
858,484,3,
861,1673,3,
862,539,3,
862,1242,24,
862,2084,3,
863,615,2,
865,234,2,
865,432,2,
866,1896,3,
869,744,3,
869,877,3,
869,1964,3,
874,13,40,
874,192,40,
874,1822,7,
874,2032,7,
875,492,3,
875,773,2,
875,1087,3,
875,1232,3,
877,415,5,
877,545,5,
877,886,5,
877,1318,5,
877,1568,5,
878,268,2,
878,625,2,
878,740,2,
879,579,3,
879,1375,3,
879,1393,3,
882,620,3,
882,656,3,
882,911,3,
882,970,4,
882,1453,4,
882,1639,4,
883,53,27,
883,319,31,
883,521,25,
883,558,27,
893,301,14,
893,562,4,
893,1304,4,
894,284,2,
894,481,2,
894,627,2,
894,783,2,
894,857,2,
894,1071,2,
894,1177,2,
895,411,2,
895,1001,2,
895,1046,2,
895,1089,2,
898,122,20,
899,2025,8,
900,366,27,
900,599,3,
900,656,3,
900,719,3,
900,1089,18,
900,1365,3,
901,1052,3,
903,882,3,
905,148,29,
905,806,21,
906,1308,3,
907,369,2,
907,525,2,
907,663,2,
907,754,2,
907,984,2,
907,1153,2,
907,1296,2,
907,1437,2,
907,1538,2,
907,1761,2,
908,418,5,
908,934,5,
908,1004,3,
908,1159,3,
908,2228,5,
908,2337,5,
912,328,3,
912,484,3,
912,1180,3,
912,1275,3,
913,1357,2,
916,1636,3,
918,1406,15,
920,395,3,
920,651,3,
920,746,3,
921,990,20,
921,1133,17,
921,1238,18,
921,1476,18,
921,1621,6,
921,1958,18,
922,1506,15,
922,1627,21,
923,27,24,
923,58,24,
923,174,3,
923,577,3,
923,794,3,
923,993,3,
924,2150,20,
925,1790,19,
927,728,3,
929,237,20,
930,252,3,
930,328,9,
932,935,2,
932,1097,2,
932,1371,2,
933,31,3,
933,417,8,
933,429,3,
933,996,3,
933,1088,3,
933,1181,3,
933,1256,5,
935,86,3,
935,169,3,
935,951,3,
935,1077,13,
935,1117,3,
935,1258,3,
935,1304,39,
935,1374,3,
935,1612,3,
935,1762,3,
936,413,20,
936,730,5,
936,1073,6,
939,250,3,
941,35,37,
941,140,37,
941,437,4,
941,528,3,
941,582,4,
941,1160,8,
941,1290,4,
941,1472,4,
941,1508,3,
941,1667,3,
942,353,3,
942,1087,3,
944,341,2,
944,364,2,
946,756,3,
946,915,24,
947,315,2,
947,245,16,
947,495,2,
947,1340,2,
947,1371,2,
947,1479,2,
947,1589,2,
948,371,3,
948,1258,3,
948,1516,2,
948,1668,3,
948,1771,2,
948,1843,3,
950,212,7,
951,939,2,
951,1417,2,
955,305,3,
955,656,18,
956,1060,2,
956,1283,2,
956,1496,2,
956,1658,2,
957,478,2,
957,592,3,
957,1255,2,
957,1742,2,
958,330,4,
958,734,3,
958,847,3,
961,157,24,
961,299,24,
961,325,3,
961,639,3,
961,1964,3,
962,276,3,
962,585,3,
962,884,3,
963,358,3,
967,76,30,
967,205,17,
967,710,12,
969,609,7,
969,678,7,
969,1443,3,
969,1626,15,
971,93,2,
971,232,2,
971,317,2,
971,387,2,
971,456,2,
971,489,2,
971,619,2,
971,648,2,
971,878,2,
971,1176,2,
971,1292,2,
971,1486,2,
974,1042,3,
974,1318,3,
974,1841,3,
978,28,13,
978,395,13,
978,576,13,
978,876,13,
978,1453,13,
978,1694,12,
978,1851,13,
981,61,7,
981,626,7,
981,1276,3,
982,472,3,
982,528,3,
983,575,4,
984,578,6,
986,874,22,
987,24,14,
987,286,18,
987,708,3,
987,917,3,
987,1014,14,
987,1032,3,
987,1101,3,
987,1586,3,
988,1325,3,
991,50,6,
991,606,6,
991,680,6,
991,1053,2,
991,1144,2,
993,380,4,
993,843,4,
993,905,10,
993,1171,4,
993,1286,4,
996,759,13,
996,1566,13,
996,1705,13,
998,371,5,
998,416,5,
998,1598,5,
1000,651,7,
1000,987,7,
1001,422,3,
1001,762,3,
1001,966,3,
1001,1110,3,
1001,1313,3,
1001,1370,3,
1001,1727,3,
1002,287,3,
1002,709,3,
1002,798,3,
1002,953,3,
1002,1155,13,
1002,1275,3,
1006,128,13,
1006,396,14,
1006,542,14,
1007,624,18,
1007,845,6,
1007,1280,6,
1007,1579,18,
1008,482,18,
1009,707,2,
1009,1091,2,
1009,1223,2,
1010,300,6,
1015,1183,2,
1015,1495,2,
1016,52,23,
1016,196,34,
1016,523,3,
1016,645,20,
1017,27,29,
1017,456,3,
1017,557,3,
1017,1440,3,
1020,320,3,
1020,581,3,
1032,384,3,
1032,463,3,
1032,507,3,
1032,680,3,
1032,707,3,
1034,402,14,
1034,508,3,
1034,808,3,
1038,937,3,
1038,1730,3,
1038,2109,3,
1039,1657,3,
1040,1209,16,
1043,264,3,
1043,271,2,
1043,423,3,
1043,431,2,
1043,535,2,
1043,851,3,
1043,866,2,
1043,1062,2,
1043,1095,3,
1043,1226,2,
1043,1358,3,
1043,1366,2,
1043,1391,2,
1043,1518,2,
1048,167,21,
1048,803,20,
1052,720,25,
1052,747,3,
1052,829,3,
1052,1327,3,
1052,1355,3,
1052,1391,3,
1055,1945,14,
1056,194,3,
1056,431,3,
1056,1224,3,
1059,304,2,
1059,532,2,
1059,635,2,
1059,879,2,
1059,1064,2,
1059,1228,4,
1060,134,27,
1060,1111,3,
1060,1554,3,
1061,488,2,
1061,515,2,
1061,628,2,
1061,657,2,
1061,692,2,
1061,1548,2,
1061,1607,2,
1063,1501,3,
1064,300,2,
1064,613,2,
1064,1353,2,
1064,2952,2,
1065,703,8,
1066,1457,2,
1067,328,3,
1067,589,3,
1067,673,3,
1067,905,3,
1067,1576,3,
1067,1652,3,
1068,669,3,
1069,960,17,
1073,434,5,
1073,1822,6,
1073,1979,6,
1073,2050,6,
1073,2074,6,
1073,2165,12,
1075,784,3,
1075,1094,14,
1075,1558,9,
1076,512,3,
1076,543,3,
1076,895,3,
1076,907,3,
1076,1259,6,
1076,1442,3,
1076,1792,3,
1076,1909,3,
1076,1933,3,
1076,2170,3,
1076,2485,3,
1076,2509,3,
1076,2595,3,
1076,2714,3,
1079,426,2,
1079,495,2,
1079,686,2,
1079,1004,2,
1079,1275,2,
1080,373,2,
1080,521,2,
1080,586,2,
1081,508,3,
1081,578,3,
1083,365,3,
1084,633,15,
1084,801,15,
1087,50,2,
1090,57,3,
1090,384,3,
1090,502,3,
1090,654,3,
1090,667,5,
1090,1091,3,
1090,1163,5,
1091,1333,3,
1091,1523,3,
1091,1737,3,
1092,153,3,
1092,363,3,
1092,525,3,
1092,572,3,
1092,719,3,
1092,817,3,
1092,1003,3,
1093,635,6,
1093,939,6,
1095,10,30,
1096,211,27,
1096,489,3,
1096,1136,3,
1099,0,24,
1099,282,24,
1099,951,3,
1103,736,3,
1103,1477,3,
1104,548,6,
1104,907,7,
1104,1711,7,
1104,2043,12,
1105,633,3,
1105,779,3,
1105,924,3,
1105,1032,3,
1105,1526,3,
1105,1614,3,
1105,1724,3,
1106,788,19,
1106,833,13,
1110,281,3,
1110,94,28,
1110,380,3,
1110,514,3,
1110,1581,3,
1111,534,25,
1111,561,3,
1111,699,3,
1111,1384,3,
1112,189,13,
1112,330,13,
1112,1349,14,
1114,325,6,
1117,1719,6,
1119,277,3,
1119,94,28,
1119,458,3,
1119,1090,3,
1119,1260,3,
1119,1359,3,
1119,1634,3,
1119,1945,3,
1121,59,16,
1121,324,2,
1121,716,2,
1124,586,3,
1126,44,14,
1126,487,17,
1126,1097,14,
1131,466,18,
1131,708,18,
1131,1038,18,
1131,1411,18,
1132,142,3,
1132,51,22,
1132,655,3,
1135,145,31,
1135,178,4,
1136,1302,12,
1139,268,32,
1139,361,21,
1140,353,2,
1141,1450,3,
1144,867,3,
1144,1503,3,
1146,110,3,
1146,902,13,
1147,595,10,
1147,1428,3,
1149,710,3,
1149,1229,2,
1149,1549,3,
1150,751,19,
1150,1210,19,
1151,423,3,
1151,321,17,
1151,641,3,
1151,648,3,
1151,767,3,
1151,841,3,
1151,1242,3,
1151,1471,3,
1151,1609,3,
1151,1621,3,
1151,1724,3,
1152,777,13,
1153,15,12,
1153,45,8,
1153,200,12,
1153,517,8,
1153,618,8,
1153,788,8,
1155,326,3,
1155,623,3,
1155,1200,3,
1157,779,2,
1158,765,7,
1158,845,13,
1159,453,2,
1161,163,18,
1164,1003,13,
1164,1283,3,
1165,1497,4,
1166,530,3,
1167,1104,8,
1170,120,25,
1170,744,14,
1170,1055,6,
1170,1552,26,
1171,516,15,
1171,543,4,
1171,1188,4,
1171,1379,4,
1175,291,13,
1175,322,12,
1175,523,12,
1175,890,13,
1176,45,15,
1176,691,15,
1177,408,3,
1177,563,3,
1178,358,3,
1178,426,3,
1178,1234,3,
1180,705,3,
1180,1310,27,
1180,1375,16,
1180,1501,16,
1180,1530,5,
1180,1621,5,
1181,1374,5,
1181,1418,6,
1185,88,25,
1185,147,6,
1190,0,24,
1190,162,24,
1190,261,3,
1190,960,3,
1191,764,2,
1191,861,16,
1191,1676,16,
1191,1707,2,
1192,38,14,
1192,327,3,
1193,406,2,
1193,1018,3,
1193,1061,15,
1194,1200,3,
1194,1429,2,
1194,1449,3,
1196,437,2,
1196,720,2,
1197,270,3,
1197,454,3,
1197,813,3,
1197,1146,3,
1197,1632,3,
1197,1844,3,
1198,281,14,
1198,444,14,
1198,539,6,
1198,755,6,
1198,915,6,
1198,953,6,
1198,968,3,
1198,1027,6,
1198,1042,3,
1198,1126,6,
1199,13,3,
1199,21,3,
1199,357,5,
1199,575,3,
1199,583,3,
1199,1123,3,
1199,1248,3,
1199,1321,3,
1199,1329,3,
1202,282,14,
1202,366,6,
1202,806,6,
1203,473,6,
1203,750,2,
1203,762,6,
1203,980,6,
1204,236,3,
1206,56,3,
1206,501,3,
1206,740,6,
1206,927,3,
1206,1137,3,
1206,1147,3,
1206,1460,3,
1206,1666,3,
1208,25,24,
1208,207,24,
1208,1031,24,
1210,415,2,
1210,473,2,
1210,659,2,
1210,947,2,
1210,1350,2,
1210,1496,2,
1210,1669,2,
1213,579,2,
1213,639,2,
1213,1428,2,
1213,1591,2,
1213,1741,2,
1215,527,3,
1215,623,13,
1215,747,3,
1215,986,3,
1215,1092,16,
1215,1286,3,
1217,393,13,
1219,0,45,
1220,129,3,
1220,1065,18,
1222,149,14,
1224,436,3,
1224,567,3,
1224,716,3,
1225,304,20,
1225,557,20,
1226,974,21,
1227,680,3,
1228,745,2,
1228,618,9,
1229,24,3,
1229,384,3,
1229,719,3,
1229,797,3,
1229,995,3,
1229,1290,3,
1233,258,3,
1233,115,21,
1233,332,3,
1233,826,3,
1233,941,3,
1233,1037,3,
1233,1397,3,
1233,1898,3,
1235,945,3,
1236,24,38,
1237,90,3,
1237,231,17,
1237,325,34,
1237,393,17,
1237,416,3,
1237,514,3,
1237,276,30,
1237,593,6,
1237,940,3,
1237,1231,3,
1237,1268,14,
1237,1558,3,
1238,13,3,
1242,1054,21,
1243,1730,18,
1244,260,6,
1244,571,6,
1244,649,6,
1244,681,6,
1244,813,6,
1244,920,7,
1246,357,2,
1246,704,2,
1246,898,2,
1247,769,2,
1247,619,22,
1247,1216,2,
1247,1448,2,
1247,1644,2,
1247,1723,2,
1247,1930,2,
1247,1995,2,
1248,196,2,
1248,493,25,
1248,608,2,
1248,793,2,
1249,710,15,
1249,873,20,
1250,203,2,
1250,477,3,
1250,502,3,
1250,568,2,
1250,899,2,
1250,1091,2,
1250,1409,2,
1251,475,11,
1251,514,3,
1251,703,3,
1251,726,3,
1251,777,2,
1251,861,4,
1251,892,4,
1251,982,4,
1251,1025,3,
1251,1088,4,
1251,1460,3,
1251,1492,3,
1251,1598,2,
1253,571,2,
1253,654,2,
1253,790,22,
1253,859,2,
1253,1332,2,
1254,1014,2,
1256,816,2,
1256,1463,7,
1257,826,3,
1261,319,18,
};
}
static void init2() {
a2 = new int[] {
1263,552,3,
1265,25,18,
1265,45,2,
1267,72,17,
1267,1755,3,
1269,340,13,
1269,660,2,
1270,1270,3,
1272,185,27,
1273,137,33,
1273,872,3,
1273,906,3,
1273,1179,3,
1273,1276,3,
1274,315,17,
1274,700,6,
1274,788,6,
1274,936,6,
1276,473,2,
1276,543,2,
1276,739,2,
1276,857,2,
1276,975,2,
1276,1091,2,
1276,1138,2,
1276,1494,2,
1276,1541,2,
1276,1749,2,
1277,0,3,
1277,231,3,
1278,559,3,
1278,1136,3,
1278,1712,3,
1280,821,2,
1280,857,2,
1280,917,2,
1280,1120,2,
1282,452,3,
1282,612,3,
1282,767,3,
1282,1149,3,
1282,1471,3,
1282,1688,3,
1285,557,3,
1285,919,3,
1285,1643,3,
1287,253,5,
1287,467,5,
1287,911,5,
1287,1313,5,
1288,707,14,
1288,789,3,
1288,848,13,
1293,141,22,
1297,209,18,
1297,335,17,
1300,561,3,
1300,989,3,
1301,435,2,
1301,565,2,
1301,1380,2,
1302,492,3,
1302,641,3,
1302,1567,3,
1304,386,4,
1304,716,4,
1305,549,2,
1305,605,2,
1305,722,2,
1305,746,2,
1305,838,2,
1305,1119,2,
1305,1135,2,
1306,210,22,
1306,234,2,
1306,327,3,
1306,860,3,
1308,522,3,
1308,565,3,
1308,670,7,
1308,977,3,
1308,1257,7,
1308,1439,3,
1311,253,2,
1312,457,3,
1312,643,3,
1312,695,3,
1312,1181,3,
1312,1233,3,
1313,53,32,
1313,959,3,
1313,1198,3,
1313,1357,3,
1314,405,14,
1315,687,6,
1315,1112,6,
1315,1628,6,
1316,1499,2,
1319,2171,2,
1320,153,26,
1320,1164,7,
1321,423,20,
1321,565,36,
1321,1463,20,
1322,870,6,
1323,668,3,
1324,950,2,
1324,1647,3,
1326,33,14,
1327,786,7,
1328,684,4,
1332,791,2,
1332,1017,2,
1332,1169,2,
1332,1196,2,
1335,269,2,
1336,311,2,
1336,376,2,
1336,531,2,
1336,729,2,
1336,931,2,
1336,1274,2,
1337,332,9,
1339,1164,15,
1339,1183,4,
1339,1478,4,
1339,1712,4,
1340,431,3,
1340,1221,3,
1340,1574,3,
1340,1810,3,
1344,768,2,
1345,25,16,
1345,392,16,
1345,551,16,
1345,1138,6,
1348,481,7,
1348,599,3,
1348,1925,7,
1349,436,3,
1349,481,2,
1349,835,2,
1349,892,2,
1351,285,28,
1351,578,3,
1353,926,3,
1356,1353,2,
1356,1519,7,
1356,1660,2,
1358,1188,2,
1359,270,37,
1361,242,2,
1361,325,2,
1361,396,2,
1361,653,2,
1361,896,2,
1361,954,2,
1361,1179,2,
1362,462,7,
1362,1320,15,
1363,100,50,
1363,249,3,
1363,326,3,
1363,1116,3,
1365,193,18,
1365,371,3,
1365,514,3,
1365,547,3,
1365,975,3,
1365,1200,3,
1365,1256,3,
1365,1408,27,
1367,299,3,
1367,459,3,
1367,667,3,
1369,0,3,
1369,704,3,
1369,756,3,
1369,1337,3,
1369,1539,3,
1369,1621,3,
1370,346,3,
1370,959,2,
1374,128,7,
1374,787,6,
1374,1013,6,
1374,1701,7,
1378,410,7,
1379,223,27,
1382,713,3,
1382,1433,3,
1383,312,3,
1383,604,6,
1383,777,3,
1385,518,17,
1385,731,17,
1385,1375,6,
1386,806,3,
1386,1151,3,
1388,17,3,
1388,232,3,
1388,409,3,
1388,437,3,
1388,522,3,
1388,1042,3,
1388,1522,3,
1389,349,19,
1390,374,3,
1392,1186,3,
1392,1306,3,
1392,1381,4,
1392,1390,3,
1393,934,14,
1393,1000,14,
1394,380,2,
1394,458,2,
1394,715,2,
1396,1868,27,
1396,1956,19,
1398,171,26,
1399,72,3,
1399,77,28,
1400,104,29,
1400,343,2,
1400,388,2,
1400,482,2,
1400,579,2,
1400,630,2,
1400,768,2,
1400,971,2,
1400,1080,2,
1401,384,4,
1403,95,6,
1404,59,40,
1404,226,25,
1404,253,3,
1404,322,7,
1404,662,3,
1406,158,20,
1406,547,7,
1406,717,7,
1407,261,2,
1407,430,2,
1407,1520,2,
1407,1662,2,
1408,425,16,
1408,1930,19,
1409,459,3,
1409,632,3,
1409,745,3,
1409,961,3,
1409,1080,3,
1409,1318,3,
1409,1426,3,
1411,197,24,
1411,223,3,
1411,898,16,
1411,1336,16,
1413,656,3,
1413,945,3,
1413,1249,3,
1417,380,3,
1417,555,3,
1417,768,3,
1420,347,52,
1421,270,7,
1422,0,3,
1422,95,3,
1422,103,4,
1422,543,3,
1422,709,3,
1422,793,3,
1422,836,3,
1422,888,3,
1422,1361,3,
1422,1471,3,
1422,1479,4,
1425,284,14,
1428,415,4,
1428,683,4,
1428,1013,4,
1430,252,3,
1430,435,3,
1430,559,3,
1430,1544,3,
1434,734,3,
1435,175,8,
1435,297,8,
1435,756,8,
1435,1230,8,
1437,119,31,
1441,498,16,
1441,673,35,
1442,0,34,
1442,368,3,
1442,580,3,
1442,1073,34,
1443,299,26,
1443,909,13,
1443,942,6,
1443,1318,6,
1444,193,2,
1444,579,2,
1444,733,2,
1444,780,2,
1444,968,2,
1445,2116,4,
1450,276,2,
1450,179,15,
1451,229,12,
1453,559,2,
1453,921,2,
1456,1739,3,
1457,1336,3,
1458,511,3,
1458,1017,3,
1459,1072,20,
1459,1346,7,
1460,466,6,
1460,987,6,
1461,199,19,
1461,329,6,
1462,25,24,
1462,80,24,
1462,106,3,
1462,574,3,
1463,567,2,
1463,1116,2,
1463,1259,2,
1467,0,3,
1467,494,3,
1467,553,34,
1467,742,3,
1467,971,3,
1467,1163,3,
1471,720,3,
1471,894,3,
1471,1193,3,
1471,1448,7,
1474,129,3,
1474,380,3,
1474,632,3,
1474,826,3,
1474,1663,3,
1475,295,7,
1475,445,15,
1476,837,3,
1476,904,3,
1476,1033,3,
1476,1160,3,
1476,1285,4,
1477,767,3,
1477,796,2,
1482,347,3,
1482,406,3,
1482,1384,3,
1482,1720,3,
1484,434,3,
1484,597,3,
1484,671,3,
1484,704,2,
1484,730,3,
1484,851,3,
1484,955,3,
1494,86,4,
1494,602,3,
1494,990,3,
1494,1043,3,
1495,51,5,
1497,110,2,
1497,73,18,
1497,1295,2,
1497,1435,2,
1497,1780,2,
1497,1887,2,
1498,126,14,
1498,241,14,
1501,918,20,
1502,507,13,
1502,808,14,
1502,1024,13,
1502,1330,14,
1502,1534,13,
1503,444,2,
1503,523,2,
1504,39,24,
1504,126,24,
1504,152,3,
1504,420,3,
1504,688,3,
1507,703,3,
1507,823,3,
1507,927,3,
1507,1332,3,
1507,1737,3,
1512,581,3,
1512,1921,3,
1513,1779,14,
1517,643,2,
1518,199,3,
1518,642,3,
1522,399,5,
1523,68,16,
1523,230,16,
1523,912,16,
1525,960,28,
1525,1318,4,
1525,1463,2,
1528,409,6,
1528,1499,4,
1528,1638,5,
1531,250,5,
1531,799,5,
1532,246,3,
1532,524,3,
1532,1225,3,
1532,1443,3,
1532,1745,3,
1534,289,3,
1534,440,2,
1534,793,3,
1534,873,2,
1534,927,2,
1534,1104,3,
1534,1284,3,
1535,881,7,
1536,480,18,
1536,559,18,
1538,357,14,
1538,849,13,
1538,945,5,
1539,795,6,
1539,993,5,
1544,1221,6,
1545,56,20,
1545,222,20,
1545,683,3,
1545,749,29,
1545,930,3,
1545,1193,7,
1547,172,2,
1547,195,2,
1547,564,18,
1547,684,2,
1547,871,2,
1549,515,5,
1549,1218,3,
1549,1612,5,
1549,1714,5,
1551,297,2,
1551,321,3,
1551,500,2,
1551,514,3,
1551,627,3,
1551,716,2,
1551,966,2,
1551,1061,3,
1552,0,43,
1552,254,3,
1552,121,24,
1552,467,3,
1552,812,3,
1552,1008,3,
1552,1788,3,
1553,529,2,
1554,766,2,
1554,815,2,
1554,1730,2,
1555,217,3,
1555,432,3,
1555,704,3,
1555,750,3,
1555,1026,3,
1555,1120,3,
1555,1222,5,
1555,1293,3,
1555,1311,3,
1556,182,18,
1556,360,6,
1556,522,3,
1556,552,3,
1556,1057,3,
1557,442,2,
1557,1547,2,
1560,418,6,
1562,145,3,
1563,497,21,
1563,727,13,
1570,796,25,
1571,566,3,
1571,659,3,
1571,1064,3,
1571,1551,3,
1571,1724,3,
1574,329,26,
1574,717,2,
1579,533,3,
1579,707,3,
1579,1129,3,
1579,1520,3,
1581,603,3,
1581,1009,3,
1581,1084,2,
1587,1382,3,
1591,360,3,
1591,619,3,
1591,677,3,
1591,698,11,
1591,770,3,
1591,836,3,
1591,857,11,
1591,968,3,
1591,1133,3,
1591,1185,3,
1591,1201,3,
1591,1337,3,
1591,1410,3,
1593,16,51,
1593,119,51,
1593,172,6,
1594,221,2,
1594,309,2,
1594,385,2,
1594,1627,2,
1594,1715,2,
1600,158,14,
1600,382,13,
1600,1418,13,
1603,940,23,
1605,222,3,
1605,620,3,
1605,728,3,
1605,928,3,
1605,1100,3,
1605,1115,3,
1607,434,7,
1608,103,15,
1608,256,15,
1608,590,15,
1608,1281,15,
1608,1841,15,
1609,479,12,
1609,642,12,
1609,770,12,
1609,1027,12,
1612,560,3,
1612,684,3,
1612,1300,3,
1612,1371,12,
1613,456,3,
1613,558,3,
1616,397,3,
1616,542,3,
1616,649,3,
1616,1459,3,
1616,1577,3,
1617,446,2,
1619,223,2,
1619,499,2,
1619,1052,2,
1619,1279,2,
1619,1399,2,
1619,1570,2,
1619,1763,2,
1620,478,22,
1620,855,22,
1621,10,8,
1621,208,14,
1621,312,8,
1621,439,8,
1621,452,14,
1622,101,38,
1622,277,3,
1622,681,3,
1622,790,3,
1622,1140,3,
1622,1331,3,
1622,1413,3,
1622,1460,3,
1623,519,3,
1623,752,3,
1623,913,3,
1624,34,15,
1629,997,6,
1632,99,3,
1632,175,3,
1632,131,17,
1632,316,3,
1632,573,3,
1632,689,3,
1632,915,3,
1632,982,3,
1632,1183,3,
1632,1322,3,
1632,1600,3,
1632,1728,3,
1634,809,8,
1636,184,8,
1636,241,3,
1636,1161,3,
1636,1283,8,
1640,503,14,
1640,612,6,
1640,823,6,
1642,638,42,
1642,1361,7,
1642,1471,26,
1645,152,35,
1645,189,3,
1649,512,7,
1649,524,6,
1650,177,3,
1650,108,17,
1650,251,3,
1650,503,3,
1650,893,3,
1650,968,7,
1650,1068,3,
1650,1149,3,
1650,1365,3,
1650,1753,3,
1650,1864,9,
1652,856,6,
1653,46,18,
1653,164,18,
1653,397,7,
1653,484,18,
1653,917,7,
1653,1033,18,
1653,1114,18,
1655,437,12,
1658,969,20,
1660,623,35,
1664,448,3,
1664,512,3,
1664,1506,3,
1665,1165,26,
1665,1409,6,
1665,1424,5,
1665,1590,14,
1665,1682,14,
1667,79,27,
1668,63,25,
1668,310,7,
1668,410,30,
1670,272,2,
1670,349,2,
1672,237,3,
1672,578,3,
1672,667,3,
1672,805,3,
1673,333,3,
1673,480,3,
1673,731,3,
1673,747,3,
1673,798,3,
1673,839,3,
1673,1409,3,
1673,1497,3,
1673,1540,3,
1674,318,23,
1675,513,12,
1675,583,3,
1675,800,6,
1675,2246,24,
1676,560,2,
1678,230,23,
1678,361,6,
1678,821,14,
1678,983,13,
1679,520,16,
1680,75,24,
1680,965,24,
1680,991,3,
1681,567,12,
1681,643,12,
1681,830,12,
1681,946,12,
1682,52,26,
1683,233,3,
1683,1375,13,
1683,1744,13,
1684,83,13,
1685,1346,3,
1685,1406,3,
1686,242,24,
1686,540,3,
1686,924,10,
1686,1130,24,
1686,1678,6,
1686,1701,36,
1687,167,2,
1687,117,14,
1687,236,2,
1687,1878,2,
1689,1727,6,
1689,1834,3,
1690,288,3,
1690,492,3,
1690,726,9,
1690,778,3,
1693,258,6,
1694,205,13,
1694,491,13,
1698,1982,14,
1701,258,3,
1701,380,3,
1701,573,3,
1701,612,3,
1701,650,2,
1701,782,3,
1701,1732,3,
1702,325,3,
1703,112,13,
1703,1045,6,
1703,1105,14,
1705,217,26,
1708,118,13,
1709,339,3,
1709,367,3,
1709,484,3,
1709,748,3,
1709,768,3,
1710,14,15,
1710,1478,3,
1715,17,16,
1715,1624,16,
1716,1140,15,
1717,27,24,
1717,53,24,
1717,207,27,
1717,1139,27,
1718,335,3,
1718,369,27,
1718,433,3,
1718,514,3,
1718,872,3,
1718,1137,3,
1718,1266,3,
1719,232,3,
1719,327,3,
1719,768,3,
1720,41,49,
1720,565,3,
1720,886,3,
1720,1708,3,
1722,1784,4,
1723,246,5,
1723,536,5,
1723,815,3,
1723,840,5,
1723,945,3,
1723,1248,5,
1723,1457,5,
1727,151,23,
1728,17,18,
1728,301,2,
1728,482,2,
1728,882,2,
1729,162,3,
1729,389,3,
1729,444,11,
1729,532,11,
1731,149,24,
1736,134,3,
1736,276,3,
1736,162,17,
1736,659,3,
1736,714,3,
1736,1184,3,
1736,1298,3,
1736,1324,3,
1736,1419,3,
1736,1444,3,
1737,1025,2,
1738,493,2,
1738,839,3,
1738,1480,3,
1739,219,15,
1739,357,15,
1739,1524,12,
1739,1653,16,
1740,552,15,
1741,226,25,
1741,253,3,
1744,890,3,
1746,293,3,
1746,406,3,
1746,620,3,
1746,1342,3,
1747,472,12,
1747,1312,3,
1747,1343,12,
1748,491,29,
1748,603,8,
1749,25,3,
1749,480,3,
1750,217,2,
1750,296,2,
1750,1063,18,
1751,271,2,
1751,664,2,
1751,898,2,
1751,1187,2,
1756,303,3,
1756,944,3,
1756,1211,3,
1759,736,2,
1759,817,16,
1760,781,3,
1760,958,3,
1760,1171,3,
1761,191,2,
1761,308,2,
1761,705,2,
1761,1280,2,
1764,1019,10,
1764,1103,6,
1764,1180,6,
1767,360,3,
1767,518,14,
1769,589,3,
1769,734,3,
1770,236,3,
1771,156,18,
1772,684,34,
1774,302,24,
1774,745,23,
1774,798,24,
1774,1737,24,
1774,2013,23,
1775,1289,20,
1775,1387,24,
1779,1375,12,
1781,85,19,
1784,0,31,
1784,87,31,
1784,120,4,
1784,602,4,
1784,1205,6,
1784,1340,6,
1785,1071,3,
1786,608,17,
1786,1651,28,
1787,729,15,
1788,547,12,
1788,1457,3,
1788,1396,27,
1788,1580,12,
1788,1754,12,
1789,337,3,
1790,420,13,
1791,338,31,
1791,371,4,
1791,949,4,
1792,1195,3,
1793,935,22,
1794,521,2,
1794,905,10,
1794,1479,2,
1794,1727,2,
1794,1897,2,
1800,1216,15,
1804,463,6,
1805,0,16,
1807,0,24,
1807,117,24,
1807,209,3,
1807,248,3,
1807,355,3,
1807,981,3,
1807,1356,3,
1807,1398,3,
1809,373,15,
1809,1432,7,
1809,1674,15,
1810,452,3,
1810,655,3,
1813,277,14,
1813,502,3,
1813,1195,3,
1815,497,3,
1815,722,3,
1815,791,3,
1815,810,2,
1815,1132,3,
1815,1291,3,
1815,1429,3,
1815,1436,2,
1817,1336,3,
1817,1755,3,
1818,47,28,
1818,311,10,
1818,888,13,
1819,341,13,
1819,398,13,
1820,84,16,
1821,419,25,
1821,1570,14,
1824,415,14,
1825,0,17,
1825,514,21,
1825,625,18,
1825,882,8,
1826,599,3,
1826,1561,6,
1826,1601,4,
1826,2003,4,
1826,2040,5,
1826,2083,6,
1826,2417,7,
1826,2616,7,
1827,69,8,
1827,120,14,
1828,455,8,
1828,514,7,
1830,552,2,
1831,953,15,
1831,1313,15,
1831,1750,15,
1832,420,3,
1832,1315,18,
1832,1387,3,
1832,1498,3,
1832,1689,3,
1832,1757,3,
1832,1939,3,
1834,418,35,
1834,455,3,
1834,743,3,
1834,787,3,
1834,912,5,
1836,549,27,
1836,642,29,
1838,1324,3,
1839,215,8,
1840,755,3,
1840,837,3,
1840,929,3,
1840,1289,3,
1841,419,13,
1841,1025,13,
1844,383,23,
1844,507,22,
1845,264,2,
1845,362,18,
1845,600,2,
1845,997,2,
1847,760,14,
1848,1078,3,
1849,296,6,
1849,729,3,
1849,969,3,
1853,421,3,
1854,198,20,
1854,556,20,
1856,543,7,
1856,1769,14,
1857,236,24,
1861,658,3,
1861,792,3,
1863,109,37,
1863,444,3,
1863,476,3,
1863,559,37,
1863,1022,3,
1863,1114,3,
1863,1241,4,
1864,1044,4,
1865,304,2,
1865,653,2,
1865,811,2,
1866,673,15,
1866,927,15,
1869,440,12,
1869,658,3,
1872,214,3,
1872,272,3,
1872,430,3,
1872,550,3,
1872,691,3,
1872,1312,3,
1872,1555,3,
1872,1770,3,
1876,73,18,
1876,719,15,
1876,1081,6,
1878,643,14,
1878,1740,14,
1881,832,3,
1882,96,13,
1882,175,23,
1882,380,15,
1882,619,15,
1882,1184,15,
1884,101,13,
1885,274,6,
1887,1272,4,
1888,1279,3,
1894,13,16,
};
}
static void init3() {
a3 = new int[] {
1895,356,3,
1895,416,3,
1895,1513,3,
1895,1641,3,
1896,745,3,
1896,962,3,
1900,439,4,
1900,558,4,
1900,705,4,
1900,859,4,
1900,1513,4,
1900,1650,4,
1901,192,4,
1901,522,4,
1901,619,4,
1902,182,10,
1908,1111,24,
1910,1184,4,
1913,530,3,
1913,752,3,
1915,592,2,
1915,695,2,
1915,930,3,
1915,1054,3,
1915,1117,5,
1916,397,13,
1918,1276,2,
1920,508,3,
1920,1286,3,
1922,332,3,
1922,1463,3,
1922,1593,3,
1922,1852,3,
1923,430,4,
1925,251,2,
1925,819,2,
1925,1542,2,
1925,1725,2,
1926,356,3,
1926,1510,16,
1928,529,3,
1928,690,3,
1928,970,3,
1928,1181,3,
1930,430,17,
1930,595,17,
1930,1048,17,
1930,1257,17,
1932,928,4,
1934,324,13,
1934,707,13,
1934,989,16,
1936,397,3,
1936,684,3,
1936,754,3,
1937,17,37,
1937,84,37,
1940,670,17,
1940,1176,11,
1941,451,6,
1941,704,6,
1941,1061,6,
1942,111,24,
1942,141,24,
1942,271,3,
1942,450,3,
1942,617,3,
1942,672,3,
1942,1400,3,
1942,1698,3,
1943,317,2,
1945,263,3,
1945,1003,3,
1945,1266,16,
1945,1445,3,
1945,1737,3,
1946,294,3,
1946,644,3,
1947,1252,3,
1948,204,2,
1948,565,2,
1948,870,2,
1948,1196,2,
1949,307,3,
1949,454,3,
1955,439,2,
1955,569,2,
1955,776,2,
1956,254,3,
1956,656,3,
1956,916,3,
1956,989,16,
1957,244,11,
1958,278,4,
1958,431,4,
1958,478,4,
1958,834,4,
1958,1534,4,
1958,1599,4,
1959,625,3,
1960,774,17,
1962,1040,7,
1963,1576,3,
1967,50,37,
1967,139,31,
1967,172,4,
1967,693,4,
1967,712,2,
1967,877,2,
1971,347,3,
1971,984,3,
1971,1105,3,
1971,1148,7,
1971,1363,3,
1971,1458,3,
1971,1597,3,
1971,1715,3,
1977,361,3,
1977,617,3,
1977,863,3,
1977,1059,3,
1977,1230,3,
1977,1515,3,
1978,401,3,
1978,532,3,
1981,139,6,
1981,535,6,
1983,165,7,
1984,869,3,
1984,968,3,
1984,1041,3,
1984,1245,3,
1984,1388,3,
1984,1420,15,
1984,1481,3,
1984,1514,3,
1986,263,12,
1986,341,12,
1986,466,12,
1986,707,6,
1986,1579,12,
1986,1653,12,
1988,592,6,
1988,973,4,
1988,1258,27,
1988,1486,2,
1988,1611,2,
1989,140,44,
1989,186,44,
1989,1197,4,
1992,669,3,
1994,427,4,
1995,253,3,
1995,398,3,
1996,111,2,
1996,732,16,
1996,991,31,
1996,1274,16,
1997,362,3,
1997,369,37,
1997,478,3,
1997,489,37,
1997,645,3,
1997,879,3,
1997,942,17,
1997,1322,3,
1997,1668,3,
1997,1707,17,
2001,62,23,
2001,156,25,
2001,200,23,
2001,225,3,
2001,539,3,
2002,1348,3,
2004,357,3,
2004,605,3,
2004,780,3,
2004,795,3,
2004,996,3,
2004,1155,3,
2009,329,2,
2009,459,2,
2009,594,2,
2009,993,2,
2009,1156,2,
2010,483,14,
2011,1008,3,
2011,1350,3,
2011,1685,3,
2015,139,26,
2015,167,3,
2015,930,26,
2017,160,35,
2017,451,35,
2020,78,6,
2023,1504,3,
2027,343,3,
2027,395,3,
2027,437,6,
2027,574,37,
2030,1075,5,
2033,367,34,
2034,115,14,
2034,147,6,
2034,173,14,
2034,435,6,
2039,23,25,
2039,50,3,
2039,107,25,
2039,134,3,
2039,718,3,
2042,1123,2,
2044,11,29,
2044,90,29,
2044,1659,29,
2045,276,17,
2045,693,3,
2048,224,6,
2048,447,6,
2049,819,8,
2049,878,8,
2050,389,3,
2050,270,17,
2055,508,37,
2055,626,3,
2055,803,3,
2055,811,3,
2055,983,3,
2055,1082,3,
2057,278,37,
2057,657,37,
2057,826,37,
2061,13,40,
2063,411,3,
2063,752,3,
2063,1077,3,
2065,334,2,
2065,920,2,
2065,1112,2,
2067,172,6,
2067,449,6,
2067,668,14,
2069,342,5,
2071,343,26,
2075,310,2,
2075,549,2,
2075,591,2,
2076,81,17,
2077,463,2,
2077,729,2,
2077,913,2,
2077,973,2,
2078,207,2,
2078,452,10,
2078,543,2,
2078,801,2,
2078,977,2,
2078,984,2,
2078,1425,2,
2078,1432,2,
2102,566,3,
2102,620,3,
2106,207,14,
2106,738,2,
2114,844,3,
2124,460,3,
2127,238,17,
2127,583,6,
2127,732,5,
2130,104,6,
2130,831,30,
2131,817,15,
2131,1010,15,
2132,31,24,
2132,156,24,
2138,146,15,
2138,1373,15,
2143,329,2,
2143,574,2,
2143,952,2,
2147,1082,12,
2149,991,15,
2149,1256,15,
2149,1355,15,
2152,330,6,
2154,15,24,
2154,104,24,
2154,130,3,
2154,233,3,
2154,313,3,
2154,416,3,
2154,663,3,
2154,796,3,
2154,912,3,
2154,961,3,
2158,408,2,
2158,557,2,
2158,624,2,
2167,221,14,
2173,337,12,
2177,393,2,
2177,557,2,
2177,642,2,
2180,457,3,
2182,564,14,
2189,917,3,
2191,278,14,
2192,987,2,
2199,183,42,
2201,129,12,
2201,457,3,
2201,552,12,
2208,1581,9,
2208,2029,2,
2208,2102,2,
2208,2200,2,
2209,222,3,
2210,188,17,
2210,592,18,
2210,843,18,
2214,370,3,
2214,300,18,
2214,575,3,
2214,740,3,
2214,1115,3,
2214,1185,3,
2214,1220,3,
2214,1441,3,
2214,1592,3,
2214,1719,3,
2214,1796,3,
2214,2036,3,
2217,907,3,
2218,496,2,
2218,542,2,
2218,1654,2,
2218,1965,2,
2222,416,3,
2225,59,26,
2225,188,45,
2225,932,34,
2232,145,26,
2232,388,26,
2232,1129,26,
2253,31,24,
2253,133,24,
2253,974,24,
2257,237,14,
2274,49,17,
2274,958,17,
2274,1274,16,
2278,152,22,
2278,350,22,
2279,97,14,
2279,168,14,
2279,690,6,
2279,730,6,
2279,835,6,
2299,510,2,
2299,616,2,
2299,857,2,
2299,965,2,
};
}
static int[] a0;
static int[] a1;
static int[] a2;
static int[] a3;
static {
init0();
init1();
init2();
init3();
}
int[] annotate() {
int[] ans = new int[10086];
int idx = 0;
for (int i:a0) ans[idx++] = i;
for (int i:a1) ans[idx++] = i;
for (int i:a2) ans[idx++] = i;
for (int i:a3) ans[idx++] = i;
return ans; }}

