public class BannerAnnotate {
static void init0() {
a0 = new int[] {
0,54,38,
0,147,30,
1,234,5,
3,91,3,
3,68,21,
5,30,31,
7,19,9,
9,104,6,
9,156,6,
9,240,14,
9,1350,12,
9,1621,6,
10,54,16,
10,167,26,
10,278,17,
10,355,17,
11,240,15,
13,137,18,
13,163,13,
15,318,3,
15,290,26,
15,1770,12,
15,1819,12,
15,2117,6,
18,0,55,
18,259,3,
18,237,20,
18,374,3,
18,345,27,
18,1506,35,
19,162,51,
19,1515,46,
20,96,5,
21,155,24,
21,296,27,
21,430,25,
22,93,26,
22,180,14,
22,267,26,
22,1429,26,
23,11,87,
23,134,22,
23,244,16,
23,466,16,
23,547,19,
23,717,16,
25,1290,12,
25,1691,12,
26,356,2,
26,341,13,
26,1954,11,
30,482,14,
30,748,26,
31,225,17,
31,244,3,
31,364,13,
38,189,3,
38,158,29,
39,69,26,
41,68,3,
41,48,18,
41,268,2,
41,460,16,
41,245,21,
41,1133,9,
41,1265,22,
41,1289,4,
41,1296,125,
42,245,18,
42,317,6,
42,370,15,
42,547,9,
42,1078,28,
43,361,9,
44,263,2,
44,243,18,
44,724,24,
46,217,10,
46,1567,18,
47,1018,3,
47,992,24,
47,1252,26,
49,260,9,
50,672,3,
52,935,14,
53,1011,4,
53,1179,23,
54,128,2,
54,105,21,
58,339,10,
61,261,29,
62,0,27,
62,645,18,
62,835,18,
62,1453,28,
62,2758,27,
62,2930,18,
63,85,30,
63,160,4,
63,298,44,
63,117,41,
63,691,8,
67,218,2,
67,197,19,
68,161,27,
71,206,23,
72,1168,6,
72,1366,6,
76,602,7,
76,959,3,
76,934,23,
77,1799,12,
80,724,3,
80,770,3,
80,844,4,
80,747,21,
80,701,21,
80,809,33,
80,1107,4,
80,1055,50,
82,82,5,
83,183,19,
83,326,37,
83,691,11,
86,188,5,
86,202,17,
86,1203,27,
87,464,12,
87,479,14,
88,65,17,
88,348,17,
88,491,17,
88,690,17,
88,803,17,
88,926,17,
88,1066,29,
88,1128,29,
89,284,3,
89,261,21,
89,1263,4,
89,1230,31,
90,83,14,
90,184,11,
90,246,2,
90,230,14,
90,413,11,
90,516,6,
91,206,3,
91,180,24,
92,333,28,
92,763,2,
92,739,22,
93,445,8,
94,99,23,
94,310,12,
94,384,14,
97,401,13,
97,992,11,
100,75,7,
100,233,30,
100,368,15,
100,1035,6,
100,1688,7,
101,598,31,
101,1332,13,
102,291,4,
102,414,4,
102,403,9,
102,857,4,
103,357,12,
105,422,10,
105,1079,23,
106,1180,16,
107,2040,22,
109,285,8,
110,279,8,
112,392,3,
112,402,12,
112,464,3,
112,364,26,
112,435,27,
113,398,23,
113,502,9,
113,518,17,
113,682,11,
114,1171,27,
115,160,7,
117,826,22,
123,187,7,
123,772,12,
124,350,23,
124,1133,3,
124,1204,3,
124,1179,23,
124,1104,27,
128,265,3,
128,1886,3,
129,168,51,
129,249,18,
129,783,3,
129,834,3,
129,760,21,
129,806,26,
130,318,3,
130,284,32,
130,961,4,
130,935,24,
134,85,9,
134,181,18,
136,63,26,
136,188,12,
136,270,32,
136,341,18,
136,602,12,
137,549,23,
138,167,3,
141,517,4,
141,493,22,
141,766,43,
141,1184,11,
141,1657,33,
142,515,16,
146,281,9,
149,109,15,
151,420,13,
155,454,27,
155,1174,7,
155,1558,7,
157,211,9,
157,707,31,
157,1683,10,
159,211,28,
160,197,3,
160,171,24,
166,257,30,
167,1205,21,
168,380,26,
168,945,11,
171,142,4,
171,83,57,
172,879,13,
173,192,26,
176,495,4,
176,1459,14,
177,161,20,
177,468,2,
177,453,13,
177,1108,18,
178,204,3,
178,278,13,
179,97,7,
179,667,7,
179,848,17,
179,911,4,
179,1156,9,
179,878,31,
183,1292,11,
184,184,3,
184,158,24,
186,146,31,
186,505,10,
186,1454,6,
190,212,2,
190,196,14,
191,253,13,
192,119,2,
192,103,14,
193,154,3,
193,126,26,
193,348,20,
193,642,10,
193,1318,12,
194,179,23,
194,427,24,
194,847,20,
197,307,5,
197,271,34,
203,15,32,
203,319,10,
204,42,24,
204,110,9,
204,302,20,
204,355,7,
204,388,24,
205,4,41,
205,693,33,
205,729,4,
206,957,3,
206,932,23,
207,765,12,
207,1031,4,
207,1090,19,
207,1014,15,
209,561,4,
209,519,40,
210,402,2,
210,409,20,
210,379,21,
210,1320,2,
210,1304,14,
211,1469,45,
211,1598,22,
215,33,28,
215,326,28,
215,917,7,
215,1520,28,
217,151,26,
218,513,11,
221,82,2,
221,104,13,
221,200,27,
223,1029,45,
224,230,3,
224,212,16,
225,276,12,
226,99,26,
226,1188,20,
226,1537,25,
228,140,2,
228,118,20,
229,179,4,
229,138,39,
240,224,14,
240,240,4,
240,733,4,
240,811,5,
240,775,34,
240,683,48,
240,1182,6,
241,74,2,
242,112,51,
243,205,2,
243,186,17,
245,193,6,
245,161,30,
245,1591,11,
248,170,3,
248,147,21,
250,1000,31,
253,97,4,
253,63,32,
253,722,7,
253,852,36,
253,1422,5,
256,581,7,
258,135,2,
258,114,19,
259,75,9,
259,361,4,
259,331,28,
261,254,22,
262,258,5,
262,214,42,
262,580,28,
263,390,30,
265,513,8,
266,117,35,
268,16,8,
268,340,3,
268,314,24,
271,624,4,
272,0,44,
272,182,22,
272,206,3,
272,452,14,
273,248,2,
273,230,16,
273,401,3,
273,375,24,
273,607,4,
273,577,28,
274,150,3,
274,116,32,
276,417,18,
276,554,7,
277,141,4,
277,111,28,
277,1348,3,
280,247,3,
283,254,29,
284,460,4,
284,435,23,
285,360,4,
285,319,39,
286,841,13,
287,363,68,
287,1038,9,
289,541,7,
289,1017,6,
289,1335,9,
290,324,32,
291,202,12,
291,351,31,
293,26,17,
295,202,16,
295,444,20,
296,153,4,
296,112,39,
296,585,4,
297,39,38,
297,189,16,
297,320,14,
297,919,14,
302,266,25,
302,350,12,
302,853,12,
303,141,3,
303,107,32,
304,176,6,
304,624,18,
305,172,36,
306,527,3,
306,500,25,
307,15,19,
307,788,12,
307,962,19,
308,307,9,
309,589,4,
310,862,2,
310,842,18,
310,1423,2,
310,1397,24,
311,395,3,
311,370,23,
311,880,3,
311,862,16,
312,199,3,
312,171,26,
313,239,36,
318,111,52,
318,165,6,
318,758,33,
319,739,2,
319,716,21,
320,284,6,
320,597,20,
321,271,17,
321,1529,11,
321,1557,23,
322,204,16,
323,98,33,
323,138,27,
323,287,14,
323,382,3,
323,771,19,
324,26,23,
324,69,23,
324,317,23,
324,361,23,
324,493,7,
324,519,37,
324,831,7,
324,970,19,
324,1140,19,
324,1679,23,
328,170,3,
328,544,3,
329,91,17,
329,313,18,
329,653,3,
329,1013,17,
330,555,18,
332,113,2,
332,162,4,
332,126,34,
332,86,25,
334,402,11,
335,360,3,
335,469,4,
335,335,23,
335,428,39,
339,257,34,
344,70,3,
344,106,3,
344,1421,3,
347,117,3,
347,91,24,
348,206,26,
348,399,36,
349,596,21,
351,533,3,
351,500,31,
352,125,5,
354,1786,6,
355,215,38,
356,285,2,
356,268,15,
358,557,2,
358,532,23,
360,62,3,
360,44,16,
362,11,25,
365,2373,13,
367,335,3,
367,312,21,
368,1236,2,
368,1578,21,
369,309,4,
369,493,4,
370,172,40,
370,767,12,
371,125,4,
371,207,27,
372,117,17,
372,179,3,
372,227,2,
372,207,18,
372,160,17,
373,523,15,
374,167,3,
374,143,22,
378,418,18,
378,438,3,
380,87,2,
380,64,21,
380,411,18,
380,2127,3,
380,2105,20,
382,366,9,
382,877,11,
382,1035,29,
382,1137,28,
382,2145,30,
383,668,5,
383,643,23,
384,632,3,
384,604,26,
386,165,22,
386,303,24,
386,1800,8,
387,1587,5,
388,105,18,
388,259,8,
388,501,11,
390,136,10,
390,448,20,
393,266,2,
393,375,5,
393,247,17,
393,337,36,
394,18,16,
394,516,49,
394,599,15,
394,1228,29,
394,1735,41,
395,162,2,
395,145,15,
395,1232,8,
396,227,37,
397,730,14,
398,212,3,
398,181,29,
398,499,4,
398,466,31,
398,595,36,
398,669,4,
398,644,23,
398,878,56,
400,546,2,
400,523,21,
401,54,19,
401,127,45,
401,256,18,
402,94,8,
402,147,57,
402,394,8,
402,433,3,
402,470,8,
402,407,24,
402,829,8,
402,1168,8,
404,594,33,
405,129,2,
405,112,15,
407,56,16,
407,1145,5,
408,994,14,
408,1471,3,
408,1452,17,
409,63,31,
409,420,30,
410,121,21,
410,173,2,
410,295,22,
410,156,15,
410,698,22,
410,726,21,
410,803,2,
410,784,17,
410,1683,43,
412,43,14,
414,27,18,
414,591,14,
414,1302,22,
418,466,3,
418,442,22,
420,456,4,
420,436,18,
421,25,22,
421,49,22,
421,83,46,
421,274,14,
421,1138,8,
422,174,3,
422,164,8,
425,216,50,
425,290,14,
425,743,4,
425,1624,32,
425,1714,29,
428,0,18,
430,714,3,
430,680,32,
431,447,13,
431,625,13,
432,25,18,
432,200,46,
432,310,14,
432,403,11,
432,810,10,
433,46,16,
433,949,15,
433,1937,17,
434,1355,6,
435,60,27,
435,455,26,
436,1296,48,
437,580,12,
438,113,5,
438,91,20,
439,315,10,
441,766,3,
441,736,28,
441,1830,2,
441,1810,18,
441,2206,4,
441,2516,14,
441,2542,11,
442,795,3,
442,1178,4,
442,1153,23,
443,178,40,
443,272,2,
443,277,9,
443,324,3,
443,248,22,
443,296,26,
443,1600,3,
443,1605,9,
446,775,3,
447,107,4,
447,71,34,
448,407,4,
448,369,36,
448,568,16,
450,116,3,
450,210,21,
450,90,24,
450,422,15,
451,1309,44,
455,155,3,
455,129,24,
456,307,4,
456,269,36,
458,123,3,
458,250,30,
458,892,5,
460,0,19,
460,337,2,
460,326,9,
463,37,21,
463,244,26,
463,338,17,
463,438,30,
463,1102,23,
470,90,51,
470,517,3,
470,491,24,
471,346,4,
471,323,21,
471,1362,10,
471,1389,10,
476,168,3,
476,145,21,
478,68,17,
478,268,17,
478,403,43,
481,196,10,
483,53,105,
483,188,35,
483,225,4,
483,629,3,
483,591,36,
483,789,4,
483,930,92,
483,1024,5,
483,2468,5,
485,47,11,
485,207,11,
486,374,4,
486,361,11,
488,21,22,
489,264,4,
489,360,2,
489,337,21,
489,242,20,
491,993,31,
492,2186,15,
493,63,24,
493,387,23,
493,1031,24,
495,145,12,
499,125,3,
499,99,24,
502,291,17,
502,728,4,
502,695,31,
503,200,33,
504,220,34,
504,256,4,
505,67,3,
505,41,24,
505,225,3,
505,199,24,
506,22,13,
506,70,11,
506,286,13,
506,325,11,
506,716,13,
506,749,11,
506,876,11,
506,1039,9,
507,700,17,
510,206,15,
510,251,15,
511,735,4,
512,62,3,
512,44,16,
512,252,9,
512,263,4,
512,283,4,
512,831,4,
512,1512,4,
513,135,4,
515,473,101,
516,551,26,
518,128,2,
520,381,6,
520,809,23,
520,1041,23,
520,1529,7,
520,1663,21,
521,478,8,
523,286,5,
523,643,17,
523,1104,5,
524,548,8,
524,718,3,
524,688,28,
528,268,37,
530,98,13,
531,187,5,
531,200,17,
531,131,54,
533,308,2,
534,54,26,
534,216,36,
535,215,37,
536,129,3,
536,106,21,
538,196,46,
538,245,4,
538,505,23,
538,768,18,
538,833,4,
538,796,35,
538,944,13,
538,1329,4,
541,184,3,
541,165,17,
541,611,6,
541,754,6,
541,778,18,
543,178,3,
543,153,23,
543,259,3,
543,236,21,
543,431,3,
543,416,13,
543,777,25,
543,1135,5,
543,1104,29,
543,1351,3,
543,1331,18,
543,2243,3,
544,0,11,
546,32,18,
546,263,3,
546,228,33,
546,457,3,
546,422,33,
546,580,18,
546,958,3,
546,927,29,
547,235,3,
547,211,22,
547,630,4,
547,684,5,
547,556,22,
547,643,39,
547,872,3,
548,150,25,
553,1008,58,
554,808,4,
555,243,4,
555,216,25,
556,482,26,
556,524,16,
557,414,4,
557,369,43,
557,669,4,
558,649,23,
559,1167,20,
561,131,3,
562,919,34,
565,2560,18,
566,73,11,
566,135,3,
566,111,22,
566,211,4,
566,186,23,
567,48,6,
567,208,27,
568,1548,7,
569,490,11,
569,784,24,
569,810,3,
569,1588,19,
569,1619,3,
571,167,5,
571,123,42,
573,605,6,
574,545,3,
574,528,15,
574,990,14,
575,919,11,
576,524,4,
576,601,3,
576,651,4,
576,609,40,
576,499,23,
576,572,27,
576,719,13,
576,814,14,
576,1029,11,
576,1174,16,
578,55,3,
578,24,29,
578,132,3,
578,101,29,
583,445,15,
584,338,18,
584,384,17,
584,504,17,
585,749,11,
586,147,24,
587,124,4,
587,90,32,
590,0,33,
590,72,33,
590,182,14,
590,107,4,
590,430,21,
590,741,13,
590,1060,13,
591,1377,3,
592,66,24,
592,220,33,
592,255,4,
593,1499,25,
594,54,6,
594,821,6,
596,279,14,
596,722,30,
597,348,7,
597,1682,19,
598,45,20,
598,150,2,
598,128,20,
600,116,20,
601,77,15,
603,162,4,
603,132,28,
604,251,2,
604,224,25,
604,782,3,
604,752,28,
607,196,11,
607,378,20,
608,210,49,
609,448,18,
610,277,26,
611,655,2,
611,631,22,
612,86,25,
612,1114,25,
613,1136,8,
614,119,3,
614,274,15,
614,97,20,
615,326,4,
615,400,5,
615,363,35,
615,286,38,
615,759,6,
615,1135,9,
618,198,6,
620,130,6,
620,65,63,
620,857,12,
621,157,2,
622,71,15,
622,501,14,
623,294,6,
623,242,50,
624,798,24,
625,151,4,
625,116,33,
626,197,5,
626,288,2,
626,264,22,
626,163,32,
626,1182,2,
629,402,4,
629,361,39,
630,152,18,
631,176,3,
632,220,4,
632,198,20,
633,429,25,
633,456,3,
633,1127,10,
633,1392,10,
633,1950,12,
634,920,19,
634,941,3,
635,139,39,
637,58,50,
637,114,11,
637,353,46,
637,401,6,
637,515,17,
637,679,37,
637,737,8,
638,312,10,
638,331,43,
638,903,36,
638,1091,10,
638,1413,9,
638,1879,10,
638,2566,6,
638,2605,10,
639,76,7,
639,959,7,
639,1116,7,
640,142,30,
640,808,4,
640,817,41,
640,772,34,
641,838,11,
642,2011,14,
643,532,4,
643,491,39,
647,11,14,
647,29,28,
647,1554,14,
648,150,3,
648,648,3,
649,127,53,
649,204,17,
649,933,7,
649,1121,10,
653,1412,27,
655,78,7,
655,147,16,
657,770,20,
663,0,38,
663,124,25,
663,151,3,
668,53,24,
668,79,31,
669,11,26,
672,111,34,
674,530,8,
675,905,7,
676,118,33,
676,153,4,
677,149,14,
682,145,4,
682,118,25,
};
}
static void init1() {
a1 = new int[] {
683,404,11,
683,440,25,
683,471,7,
683,524,6,
691,922,33,
694,760,2,
694,743,15,
694,1816,7,
695,445,6,
695,548,6,
695,1114,23,
695,1238,4,
695,1206,30,
695,2012,12,
695,2254,24,
696,258,4,
696,231,25,
697,881,13,
703,1172,3,
703,1139,31,
704,155,30,
704,259,4,
704,228,29,
704,610,18,
704,1110,13,
704,1171,13,
705,323,11,
707,11,28,
708,153,34,
708,314,8,
708,590,8,
709,370,2,
709,353,15,
710,268,13,
710,860,12,
713,115,3,
713,89,24,
713,1684,16,
713,1727,10,
716,256,7,
716,268,24,
717,989,3,
717,974,13,
718,147,3,
719,527,3,
719,499,26,
719,895,8,
720,50,9,
720,183,6,
720,1569,25,
722,81,17,
722,386,17,
722,753,17,
724,157,3,
724,135,20,
724,348,4,
724,309,37,
724,1325,37,
725,79,25,
725,115,38,
727,21,16,
727,337,16,
727,549,27,
727,987,19,
728,169,10,
731,174,2,
731,154,18,
731,565,40,
732,1137,20,
733,221,3,
733,722,14,
734,141,16,
734,213,3,
734,304,19,
734,325,6,
734,187,24,
734,1364,6,
734,1491,3,
734,1463,26,
734,1815,6,
736,11,48,
736,144,26,
736,172,5,
736,581,41,
736,783,5,
736,964,14,
738,526,14,
739,27,18,
739,1359,5,
740,882,4,
740,857,23,
742,1655,16,
742,1673,13,
742,1709,16,
744,136,23,
744,459,23,
744,1767,24,
745,480,12,
745,780,15,
745,1251,12,
745,1422,12,
745,1503,6,
747,0,42,
748,1398,7,
750,0,14,
755,27,53,
756,77,35,
756,259,17,
758,259,25,
758,1446,8,
760,70,51,
761,82,20,
761,220,20,
761,242,38,
762,721,3,
763,221,4,
763,179,40,
764,141,3,
764,112,27,
765,1257,12,
765,1474,12,
766,1106,6,
766,1202,12,
766,2521,10,
770,110,29,
771,311,3,
773,171,3,
773,143,26,
773,356,4,
773,324,30,
773,558,3,
773,544,12,
773,978,10,
773,1411,14,
774,179,13,
775,598,4,
775,866,32,
775,900,3,
775,3436,18,
775,4818,25,
776,156,3,
776,276,5,
776,233,41,
776,137,17,
779,327,7,
779,1301,7,
783,246,6,
784,304,31,
784,852,5,
785,70,3,
786,77,3,
786,55,20,
788,56,15,
788,198,15,
788,272,6,
788,745,15,
788,1006,14,
788,1453,15,
788,1569,6,
789,28,36,
789,123,16,
789,191,23,
789,473,52,
791,155,2,
791,202,15,
791,135,18,
791,284,4,
791,246,36,
791,427,4,
791,402,23,
791,1595,24,
797,327,3,
799,548,22,
799,781,20,
799,971,9,
799,2124,9,
800,646,13,
800,800,12,
801,163,3,
801,135,26,
801,838,17,
801,985,13,
801,1480,13,
803,236,12,
803,1526,30,
811,25,24,
811,261,24,
811,480,34,
811,591,40,
811,1437,24,
813,677,3,
813,654,21,
814,31,22,
817,203,2,
817,179,22,
817,694,25,
818,807,6,
818,877,6,
818,1103,6,
818,1925,16,
819,890,24,
819,991,3,
819,957,32,
819,1236,13,
819,1287,13,
819,1383,23,
821,71,9,
821,121,9,
821,391,2,
821,424,3,
821,399,23,
821,369,20,
821,2551,14,
821,2625,14,
822,446,2,
822,431,13,
823,483,21,
823,1197,27,
824,0,26,
825,1169,11,
829,182,3,
829,270,4,
829,240,28,
829,160,20,
831,1146,5,
832,196,16,
834,0,41,
834,149,2,
834,181,18,
834,131,16,
834,299,36,
834,423,25,
834,840,12,
834,913,8,
834,947,8,
834,1310,13,
837,1628,7,
839,124,3,
840,176,29,
840,401,5,
840,519,4,
840,742,17,
840,1222,10,
841,491,3,
841,474,15,
843,161,3,
843,138,21,
843,640,3,
843,745,4,
844,177,55,
844,479,22,
844,817,8,
844,855,19,
847,106,15,
849,115,4,
849,84,29,
849,661,4,
849,808,4,
849,777,29,
849,628,31,
851,60,82,
851,144,51,
851,422,38,
851,462,3,
852,850,4,
852,817,31,
853,0,52,
853,63,7,
853,550,26,
853,671,16,
853,883,16,
853,1010,7,
853,1215,23,
853,1379,16,
854,448,20,
856,68,38,
856,1594,10,
856,1906,6,
856,1995,6,
856,2042,6,
857,405,63,
858,74,27,
859,196,68,
862,276,3,
862,254,20,
864,257,3,
864,464,19,
864,659,26,
866,328,3,
866,303,23,
866,430,4,
866,398,30,
867,582,3,
867,547,33,
868,118,18,
869,112,3,
869,93,17,
869,124,14,
869,236,5,
869,355,3,
869,385,2,
869,365,18,
869,192,42,
869,332,21,
869,834,41,
869,1489,9,
869,1578,4,
869,1894,9,
871,237,62,
872,658,24,
874,13,40,
874,205,27,
877,1358,13,
880,247,58,
880,663,12,
882,376,30,
882,467,4,
882,782,4,
882,747,33,
883,290,20,
883,521,25,
884,67,27,
884,107,16,
886,0,14,
887,893,8,
890,492,3,
890,782,13,
891,751,3,
892,201,21,
892,1205,22,
893,0,20,
893,40,18,
893,76,33,
893,154,33,
893,276,12,
893,189,4,
893,1288,12,
893,1371,19,
893,1396,17,
893,1450,22,
894,222,45,
894,1203,26,
895,78,2,
899,535,13,
899,822,3,
899,800,20,
899,1318,34,
899,1358,40,
899,1634,21,
899,2306,9,
900,1089,18,
900,1135,12,
900,1291,10,
900,1303,21,
901,423,19,
901,789,15,
903,162,3,
903,250,10,
903,298,12,
903,677,3,
903,654,21,
905,135,3,
905,101,32,
906,231,31,
907,289,2,
907,265,22,
908,493,4,
908,468,23,
909,312,3,
909,292,18,
909,1311,13,
910,52,33,
910,414,10,
910,445,12,
910,509,13,
910,945,28,
911,425,3,
911,396,27,
913,676,2,
913,659,15,
918,1080,5,
918,1057,21,
919,218,2,
919,201,15,
921,972,38,
922,214,26,
923,84,3,
923,58,24,
924,184,5,
924,1746,3,
924,1730,14,
925,481,34,
925,1858,13,
926,498,4,
927,618,14,
927,637,13,
930,110,3,
930,87,21,
930,458,47,
932,254,2,
932,264,25,
932,233,19,
933,221,3,
933,308,5,
933,270,36,
933,705,20,
933,871,9,
934,456,10,
934,480,13,
935,117,3,
935,86,29,
935,169,3,
935,200,3,
935,1496,24,
935,1755,19,
936,588,25,
938,95,51,
938,630,6,
941,895,48,
942,53,14,
942,562,14,
942,749,11,
942,1113,14,
944,85,2,
944,63,20,
945,388,9,
945,581,8,
946,341,3,
946,410,7,
948,23,9,
948,149,15,
948,494,9,
948,704,11,
948,1782,9,
950,194,25,
950,762,7,
950,786,5,
953,1547,16,
955,44,24,
955,317,27,
955,415,16,
955,457,24,
956,213,3,
956,236,2,
956,264,2,
956,219,15,
956,244,18,
956,185,26,
956,439,5,
957,371,3,
957,408,18,
957,344,25,
957,895,3,
957,867,26,
958,150,39,
959,226,6,
961,325,3,
961,299,24,
961,429,5,
961,392,35,
964,288,13,
972,603,12,
972,617,3,
973,112,19,
974,1434,17,
975,310,25,
976,31,14,
976,146,14,
976,411,25,
978,1279,28,
979,174,4,
979,147,25,
980,130,16,
982,54,13,
982,632,4,
982,581,49,
983,171,4,
983,141,28,
984,280,3,
984,543,6,
984,961,3,
986,42,32,
986,187,32,
986,874,22,
987,496,2,
987,482,12,
988,503,26,
988,531,3,
990,1186,4,
991,606,6,
991,680,6,
992,129,3,
992,218,19,
992,104,23,
994,1217,28,
995,289,4,
995,240,47,
995,782,4,
995,748,32,
999,100,12,
1000,102,7,
1000,58,42,
1000,323,7,
1000,279,42,
1000,566,7,
1000,651,7,
1000,987,7,
1001,1213,8,
1002,239,4,
1002,217,20,
1002,1513,16,
1006,20,37,
1006,396,14,
1006,506,28,
1006,1395,29,
1007,522,10,
1007,552,9,
1007,570,14,
1007,1280,6,
1008,284,10,
1009,269,2,
1009,342,3,
1009,254,13,
1009,313,27,
1010,1456,14,
1013,273,19,
1016,0,115,
1016,261,2,
1016,241,18,
1016,791,15,
1017,122,3,
1017,91,29,
1018,960,3,
1019,29,26,
1019,155,26,
1019,183,3,
1020,172,17,
1021,606,11,
1029,841,3,
1029,820,19,
1032,374,22,
1034,154,3,
1034,133,19,
1034,402,14,
1034,582,5,
1035,59,51,
1035,219,13,
1035,720,19,
1037,192,15,
1038,523,3,
1038,624,12,
1038,680,4,
1038,508,13,
1038,659,19,
1039,146,3,
1039,120,24,
1043,128,2,
1043,108,18,
1043,644,12,
1044,195,5,
1044,149,44,
1046,243,3,
1047,425,2,
1047,415,8,
1048,458,29,
1048,750,24,
1050,1194,26,
1052,720,25,
1052,747,3,
1055,166,13,
1055,541,3,
1055,523,16,
1055,1945,14,
1057,309,4,
1058,196,2,
1058,178,16,
1059,257,2,
1059,233,22,
1061,0,41,
1061,141,17,
1061,814,32,
1063,679,9,
1063,709,21,
1064,517,2,
1064,1543,5,
1064,1506,35,
1064,1789,4,
1064,1757,30,
1065,233,3,
1065,269,4,
1065,214,17,
1065,242,25,
1066,711,3,
1066,677,32,
1067,777,4,
1067,727,48,
1071,32,16,
1071,189,35,
1071,431,13,
1071,589,12,
1072,1,22,
1073,203,5,
1073,159,42,
1073,332,3,
1073,304,26,
1073,1239,3,
1073,1212,25,
1073,1942,3,
1073,1919,21,
1073,2074,6,
1075,738,13,
1076,512,9,
1077,110,11,
1078,354,3,
1079,254,2,
1079,233,19,
1079,294,39,
1080,879,48,
1081,450,3,
1081,666,31,
1081,793,31,
1081,829,23,
1081,1097,31,
1081,1206,21,
1082,266,18,
1083,855,20,
1083,1645,3,
1083,1686,14,
1084,106,4,
1084,69,35,
1084,399,20,
1085,99,5,
1085,66,31,
1085,336,6,
1085,289,45,
1087,279,4,
1089,81,22,
1090,179,16,
1091,276,3,
1091,249,25,
1091,821,4,
1091,771,48,
1091,1183,3,
1091,1405,13,
1091,1523,3,
1093,61,5,
1093,28,31,
1093,635,6,
1095,155,3,
1095,123,30,
1095,1270,11,
1096,0,26,
1099,309,3,
1099,951,3,
1100,716,4,
1100,666,48,
1101,213,2,
1101,198,13,
1102,85,14,
1103,46,11,
1103,145,15,
1103,551,3,
1103,534,15,
1103,1113,12,
1103,2068,12,
1104,2049,6,
1106,157,4,
1106,121,34,
1106,360,2,
1107,114,21,
1108,86,14,
1108,392,14,
1111,329,4,
1111,534,25,
1111,561,3,
1111,279,48,
1112,921,4,
1112,1094,23,
1112,1349,14,
1112,1461,17,
1113,258,14,
1113,508,25,
1114,340,18,
1116,22,14,
1116,80,14,
1116,1358,20,
1116,1570,25,
1117,148,7,
1117,315,7,
1117,349,2,
1117,466,2,
1117,334,13,
1117,599,7,
1117,1659,17,
1117,1823,7,
1121,59,16,
1121,104,25,
1125,313,11,
1125,389,21,
1125,859,26,
1126,248,5,
1126,286,5,
1126,739,3,
1126,723,14,
1127,908,15,
1127,1100,12,
1132,75,3,
1132,51,22,
1132,219,3,
1132,195,22,
1133,439,3,
1133,416,21,
1134,1258,12,
1134,1278,12,
1136,785,21,
1137,253,4,
1137,225,26,
1138,304,3,
1138,269,33,
1138,539,4,
1139,1203,32,
1140,164,2,
1140,145,17,
1141,133,29,
1141,327,3,
1141,674,13,
1141,689,13,
1141,707,16,
1141,1035,13,
1141,1082,12,
1141,1190,27,
1142,179,4,
1142,142,35,
1143,683,16,
1143,1039,7,
1143,1200,16,
1143,1398,32,
1143,1438,25,
1144,0,88,
1144,131,14,
1145,293,39,
1146,368,3,
1146,337,29,
1151,274,3,
1151,252,20,
1154,228,50,
1155,134,3,
1155,203,17,
1155,111,21,
1155,484,4,
1155,462,20,
1155,502,8,
1155,1025,13,
1158,271,6,
1158,392,24,
1158,554,31,
1159,100,3,
1159,73,25,
1159,649,15,
1159,951,49,
1159,1185,9,
1160,384,4,
1161,786,2,
1161,763,21,
1162,157,3,
1162,127,28,
1164,217,2,
1164,1665,18,
1164,2045,25,
1166,473,35,
1166,1133,36,
1169,57,46,
1170,1552,26,
1171,157,4,
1171,126,29,
1171,458,36,
1172,222,2,
1172,204,16,
1172,481,21,
1172,522,12,
1172,1203,21,
1172,1244,12,
1174,124,3,
1174,100,22,
1175,475,11,
1176,71,15,
1177,326,3,
1178,821,15,
1183,27,15,
1184,882,3,
1184,1150,3,
1184,1130,18,
1184,2203,41,
1188,219,4,
1188,178,39,
1188,1744,4,
1191,189,8,
1191,561,17,
1191,623,2,
1191,596,25,
1191,1136,12,
1193,152,3,
1193,131,19,
1193,655,9,
1193,739,3,
1194,54,15,
1194,471,13,
1194,581,19,
1194,1279,2,
1194,1261,16,
1194,1486,13,
1195,1399,15,
1197,818,15,
1197,882,16,
1197,1327,15,
1198,60,25,
1198,118,25,
1198,433,25,
1198,1027,6,
1198,1839,6,
1198,1876,24,
1199,102,47,
1199,237,23,
1200,89,7,
1200,129,4,
1200,179,3,
1200,98,29,
1200,154,23,
1200,1143,10,
1200,1791,43,
1202,355,17,
1202,806,6,
1203,313,2,
1203,298,13,
1206,292,3,
1206,270,20,
1206,827,7,
1210,518,14,
1210,1151,22,
1211,219,13,
1212,308,4,
1212,1348,17,
1213,331,2,
1213,304,25,
1213,589,17,
1213,1748,22,
1215,244,3,
1218,282,4,
1218,252,28,
1218,1166,3,
1218,1149,15,
1219,179,4,
1219,132,45,
1219,1519,14,
1220,0,30,
1220,1041,42,
1221,215,11,
1221,1373,11,
1224,32,14,
1224,159,3,
1224,338,22,
1224,362,3,
1224,136,21,
1225,289,35,
1225,866,3,
1225,844,20,
1226,266,10,
1226,279,44,
1226,342,13,
1227,165,13,
1227,640,12,
1228,263,21,
1228,290,13,
1228,524,13,
1228,1074,21,
1233,1819,6,
1235,339,16,
1235,623,42,
1236,24,38,
1237,67,19,
1237,340,19,
1237,570,14,
1237,593,6,
1237,1644,23,
1238,17,11,
1238,130,9,
1240,237,19,
1242,375,8,
1243,473,15,
1243,535,12,
1243,605,19,
1244,45,3,
1244,17,26,
1244,260,6,
1244,920,7,
1247,643,2,
1247,619,22,
1248,67,22,
1248,121,2,
1248,162,32,
1248,103,16,
1249,697,4,
1249,702,2,
1250,104,2,
1250,85,17,
1251,422,3,
1253,245,2,
1253,221,22,
1254,101,4,
1256,711,65,
1257,165,13,
1257,904,13,
1257,1004,9,
1257,1278,19,
1257,1353,24,
1259,125,3,
1259,157,24,
1259,100,23,
1259,809,3,
1259,772,35,
1263,994,18,
1263,1527,18,
1263,1560,11,
1265,85,26,
1265,411,10,
1267,293,3,
1267,274,17,
1267,537,3,
1267,508,27,
1268,465,5,
1268,421,42,
1269,63,2,
1269,77,17,
1269,40,21,
1270,335,3,
1271,165,8,
1271,1470,10,
1272,750,30,
1273,137,33,
1274,112,2,
1274,92,18,
1274,1407,23,
1276,271,2,
1276,247,22,
1277,145,27,
1277,231,12,
1277,270,63,
1277,481,6,
1277,425,54,
1277,770,5,
1277,1188,5,
1280,323,2,
1280,307,14,
1281,302,14,
1283,0,45,
1285,1165,19,
1285,1710,13,
1288,81,13,
1288,99,21,
1288,302,21,
1288,517,18,
1288,546,13,
1288,564,21,
1288,587,2,
1288,707,14,
1288,732,3,
1290,161,3,
1290,145,14,
1291,23,7,
1292,229,4,
1292,188,39,
1292,830,20,
1293,17,38,
1293,86,77,
1296,100,3,
1296,641,3,
1296,672,3,
1296,653,17,
1300,148,3,
1300,128,18,
1302,343,3,
1302,310,31,
1302,670,3,
1302,646,22,
1302,1133,10,
1302,1408,32,
1304,195,19,
1304,263,10,
1305,372,2,
1305,349,21,
1305,706,18,
1307,237,6,
1307,226,9,
1308,1129,23,
1308,1527,9,
1309,145,17,
1310,39,14,
1310,122,24,
1310,234,14,
1310,718,24,
};
}
static void init2() {
a2 = new int[] {
1310,744,3,
1311,185,2,
1311,163,20,
1312,21,22,
1312,101,8,
1312,111,22,
1312,199,14,
1312,135,3,
1313,53,32,
1313,140,38,
1313,772,6,
1314,396,23,
1314,1031,7,
1315,138,6,
1315,296,3,
1315,278,16,
1315,625,13,
1315,666,4,
1315,640,4,
1315,652,12,
1315,687,6,
1315,1021,6,
1315,1112,6,
1316,468,2,
1316,506,2,
1316,496,8,
1316,454,12,
1316,1062,3,
1316,1093,3,
1316,1038,22,
1316,1072,19,
1316,1451,3,
1316,1729,15,
1320,153,26,
1320,921,4,
1320,894,25,
1322,469,22,
1322,1531,6,
1322,2043,32,
1323,132,16,
1323,432,27,
1323,461,3,
1324,59,22,
1324,502,37,
1324,1150,7,
1325,105,19,
1325,427,25,
1326,1224,21,
1326,1344,12,
1327,204,43,
1328,492,4,
1328,445,45,
1328,1221,4,
1329,276,3,
1329,252,22,
1329,686,7,
1329,1323,4,
1329,1290,31,
1330,295,22,
1332,206,18,
1332,666,2,
1337,261,44,
1337,1023,22,
1338,784,20,
1339,68,33,
1339,173,33,
1340,1661,12,
1340,1814,12,
1341,303,8,
1343,273,4,
1343,344,3,
1343,242,29,
1343,320,22,
1343,479,9,
1343,655,20,
1343,1122,43,
1343,1455,61,
1343,1632,20,
1344,74,18,
1344,136,4,
1344,94,40,
1344,620,2,
1344,588,30,
1345,604,24,
1345,836,14,
1345,855,13,
1346,536,18,
1346,556,3,
1350,44,28,
1350,74,28,
1350,104,3,
1351,504,3,
1351,660,9,
1351,746,47,
1352,287,3,
1352,261,24,
1353,237,9,
1354,236,18,
1356,210,2,
1356,193,15,
1356,1519,7,
1356,1708,7,
1358,144,3,
1358,112,30,
1359,270,37,
1361,457,24,
1362,518,19,
1362,1157,25,
1362,1765,4,
1362,1726,37,
1363,153,3,
1364,86,28,
1364,405,2,
1364,383,20,
1365,193,18,
1365,255,12,
1367,275,18,
1369,269,40,
1369,354,15,
1371,118,3,
1371,1380,23,
1372,158,3,
1372,166,16,
1372,263,3,
1372,237,24,
1372,137,19,
1373,43,2,
1374,99,12,
1374,128,7,
1374,275,11,
1374,602,5,
1374,1104,10,
1374,1134,7,
1374,1228,6,
1375,31,18,
1376,63,50,
1376,279,22,
1376,303,3,
1377,64,17,
1377,187,30,
1377,569,18,
1377,1078,22,
1378,471,14,
1378,521,22,
1379,236,14,
1381,59,32,
1381,268,3,
1381,234,32,
1381,1332,8,
1382,83,38,
1382,684,4,
1382,660,22,
1382,1483,5,
1382,1458,23,
1382,2046,10,
1383,184,3,
1383,161,21,
1383,572,6,
1383,604,6,
1385,46,4,
1385,117,23,
1385,14,30,
1385,228,4,
1385,196,30,
1385,437,23,
1385,1849,17,
1386,310,3,
1386,281,27,
1387,140,3,
1387,988,13,
1388,682,9,
1388,800,15,
1389,61,51,
1391,13,25,
1392,201,4,
1392,244,4,
1392,170,29,
1392,216,26,
1393,191,24,
1398,171,26,
1401,716,13,
1402,1437,13,
1403,95,6,
1403,889,18,
1404,72,27,
1404,226,25,
1404,253,3,
1405,289,20,
1406,547,7,
1406,717,7,
1407,1049,7,
1408,0,28,
1408,366,4,
1408,335,29,
1408,1118,4,
1409,576,5,
1409,545,29,
1409,1210,8,
1410,104,25,
1410,285,25,
1410,1171,25,
1411,223,3,
1411,197,24,
1413,1249,3,
1419,49,37,
1419,88,51,
1422,299,5,
1422,269,28,
1423,53,32,
1423,158,32,
1423,873,3,
1423,894,3,
1423,1027,32,
1427,17,3,
1427,33,19,
1427,0,15,
1427,206,11,
1427,384,11,
1428,270,3,
1428,242,26,
1428,950,28,
1434,38,13,
1434,389,29,
1434,708,24,
1434,1189,57,
1435,186,30,
1435,1142,20,
1439,248,21,
1441,216,10,
1441,464,27,
1441,738,7,
1441,1165,10,
1441,1356,7,
1442,36,8,
1442,150,3,
1442,207,19,
1442,132,16,
1442,893,22,
1442,1112,8,
1443,942,6,
1443,1466,4,
1444,215,28,
1445,211,4,
1445,174,35,
1445,593,13,
1445,660,43,
1445,755,19,
1445,1373,23,
1449,308,6,
1450,196,2,
1450,179,15,
1451,73,68,
1451,143,54,
1451,199,6,
1451,213,28,
1451,1152,7,
1453,1253,10,
1454,1149,37,
1454,1241,37,
1456,272,4,
1456,245,25,
1457,209,3,
1457,183,24,
1457,884,8,
1459,179,10,
1459,1346,7,
1460,148,3,
1460,179,6,
1460,131,15,
1461,318,17,
1462,106,3,
1462,80,24,
1464,307,19,
1464,756,22,
1467,69,27,
1467,278,3,
1467,371,4,
1467,341,28,
1467,248,28,
1469,302,2,
1469,281,19,
1469,698,8,
1469,1111,4,
1470,392,3,
1470,373,17,
1471,1412,43,
1473,250,5,
1474,347,7,
1474,632,12,
1474,652,24,
1474,1451,7,
1475,192,15,
1477,403,2,
1477,383,18,
1479,228,13,
1482,37,22,
1482,166,22,
1482,190,3,
1482,296,14,
1490,633,4,
1490,595,36,
1490,745,4,
1495,872,17,
1495,891,5,
1496,52,56,
1496,499,9,
1498,1196,14,
1499,559,25,
1501,1805,23,
1502,1289,55,
1503,292,3,
1503,265,25,
1504,152,3,
1504,126,24,
1504,456,17,
1505,42,20,
1506,291,3,
1506,272,17,
1507,455,20,
1507,645,3,
1507,622,21,
1512,323,7,
1512,364,4,
1512,1249,4,
1512,1218,29,
1513,128,33,
1513,163,4,
1513,651,3,
1513,761,26,
1513,629,20,
1514,751,11,
1515,633,13,
1516,178,9,
1517,91,19,
1517,356,5,
1518,84,3,
1518,59,23,
1519,46,19,
1519,70,11,
1519,139,19,
1519,163,11,
1519,922,11,
1521,506,3,
1521,469,35,
1525,24,30,
1525,774,30,
1528,1272,4,
1529,147,4,
1529,101,44,
1531,339,3,
1531,315,22,
1532,743,2,
1534,43,39,
1534,151,32,
1534,185,3,
1534,213,2,
1534,194,17,
1535,135,6,
1535,181,14,
1535,97,36,
1535,853,35,
1536,559,18,
1536,642,21,
1536,907,12,
1537,104,4,
1537,89,13,
1537,279,4,
1537,264,13,
1538,386,36,
1538,994,7,
1539,324,13,
1539,795,6,
1544,231,23,
1545,197,14,
1549,216,25,
1551,194,2,
1551,175,17,
1552,584,19,
1552,605,3,
1553,46,2,
1553,85,3,
1554,126,2,
1554,109,15,
1554,328,5,
1554,1646,12,
1555,293,3,
1555,1322,11,
1556,170,30,
1556,360,6,
1556,458,4,
1556,431,25,
1556,530,7,
1556,590,7,
1556,1022,7,
1557,203,2,
1557,183,18,
1557,361,32,
1557,857,22,
1559,1454,15,
1560,418,6,
1561,330,23,
1561,518,9,
1562,934,13,
1563,71,31,
1568,241,4,
1571,77,13,
1571,181,13,
1571,265,18,
1571,887,2,
1571,873,12,
1572,102,21,
1572,465,5,
1572,417,46,
1574,103,2,
1574,123,18,
1574,83,18,
1574,247,19,
1574,548,35,
1576,422,4,
1576,393,27,
1576,643,7,
1576,1098,4,
1576,1065,31,
1579,0,26,
1579,396,25,
1579,461,22,
1579,485,3,
1579,576,14,
1579,1035,12,
1579,1049,3,
1579,1438,12,
1581,102,20,
1581,182,2,
1581,166,14,
1581,364,2,
1581,346,16,
1582,0,24,
1582,216,69,
1584,202,48,
1584,627,9,
1584,868,15,
1586,51,12,
1587,481,33,
1587,563,7,
1587,775,11,
1587,942,7,
1587,1184,25,
1590,47,9,
1590,271,9,
1590,1217,27,
1590,1353,9,
1592,277,3,
1592,255,20,
1593,172,6,
1593,119,51,
1594,87,2,
1594,68,17,
1597,39,16,
1600,1567,32,
1602,276,3,
1602,246,28,
1602,564,17,
1603,188,34,
1603,940,23,
1603,1260,10,
1606,151,13,
1606,502,17,
1607,434,7,
1607,969,42,
1608,186,28,
1613,130,3,
1613,243,23,
1613,103,25,
1614,59,8,
1614,104,8,
1615,31,14,
1615,126,14,
1615,1143,22,
1616,84,31,
1616,155,72,
1616,276,14,
1619,125,2,
1619,108,15,
1619,455,2,
1619,484,2,
1619,463,19,
1619,432,21,
1620,64,14,
1620,117,22,
1620,431,14,
1620,478,14,
1620,534,14,
1620,855,22,
1620,937,14,
1620,1117,14,
1620,1204,14,
1620,1272,14,
1620,1330,14,
1620,1372,14,
1620,1573,14,
1620,1630,22,
1620,1710,35,
1620,1749,22,
1621,24,17,
1622,51,17,
1622,101,38,
1622,490,18,
1622,758,17,
1624,824,5,
1624,871,12,
1624,1013,18,
1625,60,14,
1627,106,33,
1627,141,4,
1627,1741,2,
1627,1715,24,
1628,152,9,
1628,163,17,
1628,348,26,
1628,744,11,
1629,267,3,
1629,276,10,
1629,248,17,
1630,242,3,
1630,220,20,
1631,200,3,
1631,164,34,
1632,247,4,
1632,220,25,
1632,292,4,
1632,265,25,
1632,1604,4,
1634,833,9,
1635,185,9,
1635,713,3,
1635,683,28,
1636,0,18,
1636,29,18,
1636,58,3,
1636,263,28,
1636,301,8,
1636,521,11,
1636,793,5,
1636,854,8,
1636,922,26,
1636,965,8,
1636,975,16,
1636,1109,18,
1636,1283,8,
1636,1296,9,
1637,26,3,
1637,599,3,
1638,93,50,
1638,256,3,
1638,233,21,
1639,385,20,
1640,26,24,
1640,88,26,
1642,638,42,
1642,1471,26,
1644,228,5,
1644,196,30,
1647,69,2,
1647,52,15,
1649,512,7,
1649,586,16,
1650,310,3,
1650,284,24,
1650,716,4,
1652,388,15,
1652,856,6,
1652,969,10,
1658,49,13,
1658,197,9,
1658,947,13,
1660,317,8,
1660,355,10,
1660,518,12,
1660,551,15,
1662,21,22,
1662,80,22,
1662,219,46,
1664,165,3,
1664,131,32,
1665,1540,18,
1665,1564,17,
1665,1862,24,
1665,1919,15,
1667,30,45,
1669,967,17,
1670,65,3,
1670,44,19,
1670,242,3,
1670,412,14,
1670,221,19,
1675,379,12,
1675,513,12,
1675,950,14,
1675,1359,24,
1675,2246,24,
1676,203,2,
1676,182,19,
1677,161,6,
1677,129,30,
1680,991,3,
1680,965,24,
1682,151,3,
1682,133,16,
1683,130,3,
1683,111,17,
1683,1719,9,
1683,1903,3,
1685,28,13,
1685,1220,13,
1686,40,8,
1686,279,25,
1686,355,8,
1686,1185,11,
1686,1756,11,
1690,256,7,
1690,282,3,
1690,397,5,
1690,726,9,
1695,424,12,
1698,644,14,
1698,842,14,
1698,1187,14,
1698,1747,8,
1698,1846,14,
1698,1954,14,
1698,2084,14,
1699,946,12,
1700,23,27,
1703,310,23,
1703,640,27,
1703,1045,6,
1705,217,26,
1705,919,4,
1707,123,3,
1707,353,14,
1707,88,33,
1707,1254,25,
1707,1629,19,
1710,244,3,
1710,227,15,
1711,148,5,
1714,275,23,
1714,1604,24,
1715,933,40,
1716,457,15,
1718,4,12,
1718,401,3,
1718,378,21,
1718,1010,21,
1720,327,3,
1722,323,17,
1722,342,3,
1722,1527,4,
1722,1491,34,
1723,238,5,
1723,214,22,
1723,587,17,
1724,249,4,
1724,208,39,
1724,842,17,
1724,861,3,
1725,24,17,
1725,530,13,
1725,560,13,
1725,597,13,
1725,1123,17,
1726,720,14,
1727,996,17,
1732,435,3,
1732,409,24,
1732,822,4,
1732,772,48,
1733,386,3,
1733,559,20,
1735,188,3,
1738,324,2,
1738,297,25,
1739,810,3,
1739,777,31,
1740,163,3,
1740,145,16,
1741,226,25,
1741,253,3,
1742,115,3,
1742,94,19,
1742,455,17,
1742,1218,12,
1742,1320,17,
1742,1393,17,
1744,364,11,
1745,202,3,
1745,179,21,
1752,189,17,
1752,209,4,
1754,83,33,
1754,269,33,
1754,304,4,
1754,1155,26,
1754,1400,17,
1756,292,9,
1756,500,53,
1759,817,16,
1761,71,2,
1761,139,15,
1761,54,15,
1762,1292,45,
1764,199,21,
1764,475,6,
1764,1103,6,
1764,1165,6,
1764,1287,6,
1764,1409,6,
1767,101,3,
1767,72,27,
1767,518,14,
1767,672,4,
1767,638,32,
1767,1081,33,
1768,113,2,
1768,149,28,
1768,97,14,
1769,96,3,
1769,70,24,
1769,392,12,
1770,111,22,
1770,135,3,
1770,504,15,
1771,563,3,
1771,544,17,
1772,837,13,
1774,135,23,
1774,366,24,
1774,798,24,
1774,1280,32,
1775,301,24,
1775,1031,24,
1775,1115,23,
1775,1192,20,
1775,1278,31,
1775,1387,24,
1776,204,12,
1779,275,21,
1781,197,32,
1781,379,3,
1781,355,22,
1782,497,14,
1784,1205,6,
1784,1340,6,
1785,938,90,
1787,329,15,
1788,13,40,
1788,406,13,
1788,973,16,
1788,1042,13,
1788,1266,29,
1788,1425,3,
1788,1495,15,
1788,1396,27,
1789,272,3,
1789,245,25,
1789,477,31,
1789,510,6,
1790,490,11,
1790,638,16,
1790,656,15,
1792,69,16,
1792,314,3,
1792,293,19,
1792,399,4,
1792,380,17,
1792,1245,12,
1794,204,20,
1794,226,2,
1794,306,4,
1794,270,34,
1795,1,17,
1798,130,3,
1798,100,28,
1800,105,25,
1800,622,49,
1800,829,4,
1800,1361,20,
1803,214,32,
1804,0,88,
1804,463,6,
1804,1027,6,
1804,1120,31,
1806,101,4,
1807,143,3,
1807,117,24,
1807,389,12,
1807,403,11,
1807,420,7,
1807,432,20,
1807,599,4,
1807,564,33,
1807,919,13,
1807,1217,3,
1807,1195,20,
1808,41,9,
1809,1432,7,
1810,162,3,
1810,142,18,
1811,79,3,
1811,55,22,
1812,906,6,
1813,409,3,
1813,382,25,
1815,118,2,
1815,102,14,
1815,907,9,
1816,231,15,
1816,248,18,
1816,1675,23,
1817,76,14,
1817,264,2,
1817,248,14,
1818,305,16,
1819,404,7,
1819,901,29,
1820,25,9,
1820,110,4,
1820,233,3,
1820,209,22,
1820,84,24,
1821,36,25,
1822,54,33,
1822,197,24,
1822,391,33,
1823,968,17,
1823,1588,17,
1824,343,12,
1824,549,4,
1825,103,3,
1825,77,24,
1825,1662,3,
1826,299,3,
1826,483,17,
1826,273,24,
1826,2083,6,
1828,139,3,
1828,111,26,
1828,482,39,
1830,135,2,
1830,109,24,
1831,652,3,
1831,633,17,
1834,148,3,
1834,313,7,
1834,336,9,
1834,129,17,
1834,226,85,
1834,636,23,
1835,83,18,
1835,129,14,
1836,977,48,
1838,187,15,
1838,622,20,
1840,305,7,
1841,462,13,
1842,427,4,
1842,551,11,
1842,410,15,
1842,564,3,
1842,1256,18,
1843,142,3,
1843,123,17,
1843,839,8,
1844,436,8,
1844,507,22,
1845,87,2,
1845,68,17,
1847,376,7,
1848,221,19,
1848,414,2,
1848,395,17,
1848,837,3,
1848,811,24,
1849,182,3,
1849,296,6,
1849,160,20,
1850,197,3,
1850,227,4,
1850,205,20,
1850,175,20,
1855,38,10,
1856,353,22,
1856,451,22,
1856,841,7,
1856,1211,7,
1862,131,51,
1862,304,15,
1862,394,34,
1864,548,3,
1864,518,28,
1866,85,4,
1866,68,15,
1869,317,12,
1869,440,12,
1874,96,44,
1874,642,37,
1875,323,17,
1877,19,14,
1878,181,18,
1880,133,12,
1880,150,12,
1881,181,3,
1881,144,35,
1882,76,33,
1882,175,23,
1886,66,17,
1887,309,3,
1887,291,16,
1888,120,16,
1888,169,4,
1888,138,29,
1888,325,41,
1891,26,15,
1893,581,3,
1893,747,17,
1893,572,7,
1895,702,2,
1898,196,2,
1898,179,15,
1900,1421,20,
1903,149,35,
1903,205,18,
1906,205,16,
1910,717,4,
1910,681,34,
1910,1082,13,
1911,93,2,
1911,78,13,
1911,809,23,
1911,1070,4,
1911,1020,48,
1913,1103,8,
1915,9,88,
1915,246,3,
1915,222,22,
1915,849,20,
1916,279,3,
1916,254,23,
1917,1087,22,
1918,459,2,
1918,434,23,
1922,520,2,
1922,497,21,
1922,1259,3,
1922,1244,13,
1923,113,17,
1923,267,17,
1923,293,5,
1925,224,2,
1925,898,62,
1927,318,12,
1927,547,30,
1928,307,18,
1928,364,12,
1930,148,17,
1930,406,41,
1930,595,17,
1931,20,24,
1931,95,24,
1931,121,3,
1931,580,25,
1932,57,3,
1932,30,25,
1932,143,3,
1932,305,2,
1932,289,14,
1932,116,25,
1932,539,7,
1934,73,24,
1934,1697,24,
1938,558,29,
1939,718,17,
1941,202,20,
1941,1061,6,
1942,168,3,
1947,456,4,
1947,538,30,
1947,426,28,
1947,1101,27,
1947,1551,10,
1947,1797,10,
1948,769,4,
1948,751,16,
1949,178,40,
1949,398,16,
1950,141,2,
1950,220,42,
1950,120,19,
1951,57,11,
1951,849,41,
};
}
static void init3() {
a3 = new int[] {
1952,169,26,
1952,363,3,
1952,334,27,
1955,309,3,
1955,281,26,
1957,230,4,
1957,244,59,
1957,192,36,
1959,154,3,
1959,117,35,
1959,1276,13,
1960,148,63,
1960,278,19,
1961,52,4,
1961,142,4,
1961,115,25,
1961,505,5,
1961,973,8,
1962,288,23,
1962,471,16,
1962,1040,7,
1963,102,3,
1963,79,21,
1963,681,7,
1965,753,4,
1965,718,33,
1966,198,4,
1966,164,32,
1967,612,2,
1967,596,14,
1969,231,7,
1969,916,12,
1970,1496,9,
1971,27,3,
1971,0,25,
1971,280,3,
1971,253,25,
1971,640,3,
1971,602,36,
1973,175,51,
1975,2311,20,
1977,162,22,
1977,186,3,
1978,100,3,
1978,74,24,
1979,121,6,
1980,567,29,
1981,526,15,
1981,554,15,
1981,1428,15,
1981,1553,15,
1985,943,13,
1985,1014,3,
1986,263,12,
1986,328,6,
1986,341,12,
1986,466,12,
1986,1256,17,
1986,1405,13,
1986,1653,12,
1986,1680,17,
1988,105,17,
1988,256,11,
1988,982,11,
1988,1545,9,
1992,24,3,
1992,0,22,
1992,279,3,
1992,255,22,
1992,613,19,
1994,26,31,
1994,184,42,
1994,228,4,
1996,166,18,
1997,66,6,
1997,229,58,
1997,489,84,
1997,1089,9,
1997,1610,9,
1999,794,19,
1999,964,13,
2002,197,14,
2002,1183,14,
2004,207,3,
2004,184,21,
2004,326,12,
2004,1025,20,
2005,135,18,
2008,79,4,
2008,51,26,
2014,724,3,
2014,690,32,
2015,532,13,
2020,581,14,
2020,668,6,
2026,25,33,
2026,717,16,
2027,63,3,
2027,72,18,
2027,40,21,
2028,206,23,
2029,1,17,
2031,159,37,
2031,216,8,
2031,260,17,
2033,367,34,
2034,435,6,
2037,214,3,
2037,184,28,
2037,430,24,
2039,23,25,
2039,50,3,
2039,107,25,
2039,134,3,
2041,14,14,
2042,192,2,
2042,168,22,
2045,218,14,
2049,126,12,
2049,717,12,
2050,113,3,
2050,91,20,
2050,637,18,
2051,294,4,
2051,262,30,
2053,270,17,
2055,508,37,
2056,544,27,
2056,847,33,
2057,109,28,
2059,29,14,
2061,13,40,
2063,90,26,
2065,634,4,
2066,184,10,
2067,172,6,
2067,354,14,
2067,449,6,
2069,256,3,
2069,234,20,
2072,178,2,
2072,169,7,
2077,121,2,
2077,99,20,
2078,705,11,
2080,924,14,
2080,1088,4,
2080,1065,21,
2081,15,4,
2090,125,2,
2090,108,15,
2093,0,17,
2095,305,16,
2098,334,18,
2099,212,2,
2099,196,14,
2099,402,3,
2099,368,32,
2099,1716,3,
2099,1689,25,
2101,9,25,
2101,75,14,
2101,142,34,
2101,1081,14,
2102,35,14,
2102,212,14,
2105,202,16,
2110,136,2,
2110,116,18,
2112,509,6,
2112,567,6,
2112,610,6,
2112,844,14,
2112,941,14,
2112,1319,12,
2114,0,19,
2114,251,3,
2114,729,13,
2114,806,13,
2118,86,13,
2120,164,2,
2127,65,7,
2127,583,21,
2128,102,3,
2128,76,24,
2128,426,21,
2128,467,23,
2128,550,7,
2128,715,4,
2128,684,29,
2129,18,10,
2130,701,160,
2131,30,16,
2131,438,16,
2135,158,22,
2135,195,14,
2135,256,19,
2135,1581,9,
2136,120,63,
2138,1114,17,
2140,579,16,
2140,597,3,
2143,351,3,
2144,763,38,
2147,217,2,
2148,373,46,
2152,368,51,
2154,130,3,
2154,104,24,
2154,313,3,
2155,423,6,
2157,28,7,
2158,80,11,
2158,121,3,
2158,172,2,
2159,378,4,
2159,346,30,
2159,892,7,
2161,31,14,
2161,237,24,
2161,320,3,
2161,263,3,
2161,298,20,
2161,923,14,
2161,1232,14,
2161,1341,14,
2162,76,9,
2162,165,34,
2164,308,32,
2164,360,48,
2166,255,13,
2167,0,24,
2167,221,14,
2168,245,24,
2168,286,14,
2175,379,4,
2175,343,34,
2175,1808,12,
2176,34,2,
2176,275,2,
2177,672,32,
2179,41,33,
2179,77,33,
2179,395,16,
2179,1369,16,
2179,1423,33,
2179,1636,27,
2188,44,33,
2190,111,2,
2190,94,15,
2192,282,2,
2192,265,15,
2194,219,11,
2194,310,21,
2196,235,56,
2208,63,22,
2208,147,18,
2208,459,2,
2208,435,22,
2208,1390,18,
2208,1594,22,
2208,2277,18,
2209,16,22,
2209,40,22,
2209,64,3,
2209,340,22,
2211,290,3,
2211,318,3,
2211,296,20,
2211,786,44,
2217,159,3,
2217,122,35,
2218,29,44,
2218,78,9,
2218,214,18,
2218,356,2,
2218,332,22,
2218,1698,24,
2222,234,11,
2225,0,41,
2225,128,41,
2225,804,42,
2226,137,39,
2227,656,13,
2232,931,4,
2232,913,16,
2242,0,24,
2254,14,13,
2255,378,6,
2255,840,21,
2259,1,14,
2262,15,26,
2266,77,29,
2274,79,51,
2279,679,17,
2279,720,16,
2279,782,6,
2281,0,22,
2288,34,8,
2289,28,62,
2293,266,25,
2298,901,3,
2298,874,25,
2299,152,2,
2299,128,22,
};
}
static int[] a0;
static int[] a1;
static int[] a2;
static int[] a3;
static {
init0();
init1();
init2();
init3();
}
int[] annotate() {
int[] ans = new int[9915];
int idx = 0;
for (int i:a0) ans[idx++] = i;
for (int i:a1) ans[idx++] = i;
for (int i:a2) ans[idx++] = i;
for (int i:a3) ans[idx++] = i;
return ans; }}

