#include <cstdio>
#include <vector>
using namespace std;
class BannerAnnotate {
public:
vector<int> annotate() {
vector<int> a = {
0,54,21,
0,76,16,
2,17,30,
2,77,21,
3,4,21,
3,47,15,
3,68,21,
3,392,14,
3,465,21,
3,91,4,
3,343,3,
3,1554,3,
5,86,15,
6,522,15,
6,539,27,
6,568,15,
6,585,25,
7,19,9,
9,99,11,
10,45,25,
10,164,29,
10,275,20,
10,352,20,
12,87,21,
13,39,21,
13,102,17,
13,144,11,
13,488,5,
15,1711,31,
15,1770,12,
15,1819,12,
15,2059,30,
17,22,31,
18,183,13,
18,1473,14,
19,12,14,
19,162,51,
19,1293,15,
19,1547,14,
21,50,15,
21,90,21,
21,123,17,
21,380,16,
22,101,18,
22,275,18,
22,1437,18,
23,197,30,
25,149,4,
25,432,3,
25,580,3,
25,1222,3,
25,1708,3,
25,1819,3,
27,82,12,
28,128,5,
28,150,3,
28,257,11,
28,569,3,
28,795,3,
31,360,17,
32,20,21,
32,240,21,
32,264,3,
32,326,3,
32,553,3,
32,893,3,
32,990,3,
32,1147,5,
32,1552,18,
32,1769,3,
32,1887,3,
34,21,18,
34,0,8,
34,231,27,
34,259,29,
35,42,5,
35,51,7,
35,142,7,
35,489,5,
35,778,5,
35,1894,7,
35,2043,5,
38,522,6,
40,78,21,
41,103,18,
41,1401,20,
41,68,4,
41,602,15,
41,703,4,
41,860,4,
41,911,15,
42,307,16,
42,1227,14,
43,1204,18,
43,1349,22,
43,361,9,
44,236,25,
44,1148,22,
44,161,12,
44,624,12,
44,999,12,
45,28,18,
46,1567,12,
47,53,14,
47,27,8,
47,177,18,
47,196,14,
47,311,31,
47,491,13,
47,1265,41,
47,349,8,
47,625,8,
47,1042,8,
48,533,10,
48,717,9,
48,1388,13,
49,209,6,
49,239,6,
50,12,9,
50,649,21,
51,66,30,
51,153,21,
51,211,30,
52,266,13,
52,422,13,
53,50,6,
53,521,11,
53,855,7,
53,1496,6,
54,487,11,
54,847,18,
55,12,17,
58,18,20,
58,245,20,
58,634,20,
58,851,20,
58,940,20,
58,1154,20,
58,1313,21,
60,88,14,
60,151,20,
60,125,14,
60,319,10,
62,274,53,
62,599,18,
62,743,17,
62,2563,17,
63,181,15,
63,1283,13,
65,110,28,
65,140,20,
65,170,4,
65,292,3,
65,519,3,
65,849,3,
66,293,18,
66,132,4,
66,162,3,
66,274,3,
67,188,4,
67,376,3,
68,0,8,
68,240,12,
68,57,8,
68,161,6,
68,861,8,
68,1039,18,
69,404,11,
69,1100,11,
70,683,12,
71,165,39,
71,1347,21,
71,1623,13,
71,231,12,
72,27,36,
72,187,10,
73,55,13,
73,122,18,
73,79,13,
73,103,8,
73,1609,18,
75,38,20,
75,520,20,
75,106,20,
75,465,20,
75,493,21,
77,171,20,
77,239,36,
77,615,10,
77,718,10,
77,870,10,
77,1084,10,
78,196,20,
78,44,10,
78,182,10,
78,263,26,
78,305,18,
78,923,10,
78,1004,12,
78,1118,10,
78,1198,10,
78,1372,10,
78,1453,10,
78,1753,10,
78,1787,10,
79,8,16,
80,754,14,
81,9,14,
81,121,23,
81,262,23,
81,329,23,
81,408,14,
81,575,26,
81,633,14,
81,749,14,
81,858,23,
81,989,23,
81,1052,14,
81,1322,23,
83,15,16,
83,183,19,
83,414,16,
83,876,16,
83,90,7,
86,115,11,
86,202,17,
86,1213,17,
87,121,24,
87,367,16,
87,542,16,
87,1077,16,
87,195,5,
87,500,9,
87,634,5,
88,65,17,
88,228,13,
88,348,17,
88,491,17,
88,687,20,
88,800,20,
88,926,17,
88,1078,17,
88,1140,17,
88,1465,13,
89,55,21,
89,433,13,
89,191,15,
89,261,21,
89,284,4,
89,659,3,
89,667,7,
89,973,3,
89,1044,3,
89,1263,5,
90,47,5,
90,426,25,
90,609,5,
90,687,5,
90,787,5,
91,100,24,
91,180,24,
91,781,24,
92,229,42,
93,162,23,
93,420,13,
93,445,23,
94,81,9,
94,415,25,
94,281,9,
94,310,12,
94,384,14,
95,34,21,
95,103,27,
95,1244,22,
96,673,16,
96,97,16,
98,159,13,
98,208,33,
98,1171,25,
98,1236,33,
99,106,18,
99,211,17,
99,1876,15,
99,444,16,
99,1399,18,
99,1583,16,
100,414,17,
100,715,9,
100,912,9,
100,1861,40,
100,1744,16,
101,57,8,
101,66,20,
101,143,26,
101,88,8,
101,97,20,
101,119,6,
101,267,6,
101,298,5,
101,372,5,
101,394,5,
101,489,6,
101,587,5,
101,665,5,
101,788,5,
101,847,5,
101,944,6,
101,1164,6,
101,1301,5,
101,1454,6,
101,1688,6,
101,1853,5,
105,122,10,
105,530,15,
105,850,10,
105,1286,15,
106,75,14,
106,294,14,
106,365,14,
106,408,14,
106,1078,11,
106,1180,16,
106,2238,14,
106,1756,7,
107,28,26,
107,1317,20,
107,1664,9,
107,1788,9,
107,2385,15,
109,36,24,
109,181,24,
109,280,13,
109,341,24,
109,793,37,
109,1229,14,
109,217,8,
110,275,12,
113,86,17,
113,795,17,
116,568,18,
117,225,16,
118,126,21,
120,146,21,
122,524,8,
122,533,18,
122,565,15,
123,25,10,
123,137,10,
123,202,17,
123,772,18,
124,1214,16,
124,1204,4,
124,1519,3,
125,44,8,
127,1614,12,
128,8,19,
128,144,19,
128,231,31,
128,479,39,
128,1860,21,
128,318,13,
129,188,31,
129,632,15,
129,749,16,
129,517,14,
129,1032,14,
129,1200,14,
129,1287,14,
129,1747,15,
129,1837,14,
129,1975,14,
130,0,3,
130,165,28,
130,345,4,
130,378,3,
130,453,3,
130,525,3,
130,606,3,
130,696,3,
130,778,3,
130,852,3,
130,982,3,
131,603,36,
131,895,16,
132,1007,8,
134,181,18,
134,229,14,
134,335,14,
134,316,5,
135,677,13,
135,68,20,
135,98,4,
135,182,12,
135,344,3,
135,459,12,
136,280,22,
136,1566,22,
136,644,4,
137,272,8,
138,56,21,
138,143,21,
138,167,3,
138,597,3,
138,670,3,
138,988,3,
139,103,15,
139,586,15,
139,832,15,
141,757,8,
141,776,14,
141,1657,14,
142,515,16,
142,577,32,
146,47,25,
146,673,17,
146,746,14,
146,984,12,
147,56,13,
147,122,13,
149,206,20,
149,1435,27,
150,821,5,
151,85,18,
151,129,39,
151,261,28,
151,835,5,
155,525,19,
156,35,20,
156,67,14,
157,50,30,
157,1664,29,
159,31,6,
159,109,15,
159,135,8,
159,353,6,
160,73,24,
160,141,24,
160,171,24,
160,215,33,
160,276,24,
160,1078,24,
161,806,17,
161,482,6,
162,635,12,
163,49,3,
163,173,21,
163,120,3,
163,224,3,
163,333,3,
163,391,3,
163,567,3,
163,680,3,
163,803,3,
163,871,3,
164,88,5,
164,98,4,
164,120,4,
168,108,5,
168,238,15,
168,340,17,
168,380,17,
168,1659,17,
168,1730,19,
168,1861,17,
168,461,5,
168,1360,5,
168,1393,5,
169,5,38,
170,25,13,
170,170,13,
170,388,13,
170,440,18,
170,665,21,
172,775,4,
173,5,25,
173,192,26,
173,235,12,
174,257,26,
174,284,3,
174,433,3,
174,1197,3,
174,1356,3,
174,1658,3,
174,1883,3,
174,1938,3,
174,1963,5,
176,1276,16,
177,42,13,
177,0,5,
177,161,20,
177,254,13,
177,353,13,
177,453,13,
177,1113,13,
177,95,5,
177,205,5,
177,311,5,
177,564,4,
177,676,5,
177,1088,5,
177,1200,5,
178,36,21,
178,180,21,
178,204,3,
178,288,3,
178,1045,3,
178,1104,3,
178,1559,3,
179,269,15,
179,818,21,
179,848,17,
179,911,5,
179,1046,4,
180,39,21,
180,186,21,
186,17,26,
186,384,30,
186,505,10,
186,691,20,
186,883,26,
186,1048,11,
186,1279,26,
186,323,16,
187,26,4,
187,45,15,
187,123,4,
187,200,9,
187,293,4,
187,372,3,
187,406,4,
187,473,3,
187,756,3,
187,786,3,
187,1213,3,
189,81,13,
189,218,26,
189,680,13,
190,111,14,
190,137,30,
190,196,14,
190,429,14,
190,485,14,
191,152,12,
191,305,34,
191,371,29,
192,258,21,
192,370,30,
193,57,12,
193,861,12,
193,1150,12,
194,78,13,
194,63,5,
194,179,23,
194,300,13,
194,703,21,
194,847,20,
194,1009,20,
194,1664,13,
194,1797,14,
194,1938,13,
194,170,5,
194,530,5,
194,787,5,
194,880,5,
194,1513,5,
194,2049,5,
195,68,14,
195,36,5,
195,137,13,
195,396,23,
195,920,20,
195,1205,14,
195,1242,13,
195,1349,20,
195,270,5,
195,501,5,
195,1154,5,
195,1454,5,
196,538,14,
197,102,22,
197,1238,34,
197,1419,19,
198,45,13,
198,244,26,
198,193,13,
198,1675,14,
199,90,7,
199,468,6,
199,974,6,
201,71,22,
201,124,21,
203,15,21,
203,37,10,
203,64,21,
203,149,18,
203,171,12,
203,208,30,
203,370,12,
203,485,12,
203,1097,18,
203,1336,17,
204,9,5,
204,437,17,
204,787,13,
204,590,5,
205,4,14,
205,180,16,
205,693,14,
205,879,4,
206,460,18,
206,932,23,
206,1605,18,
207,1090,19,
207,964,6,
208,19,12,
209,85,15,
209,135,20,
209,604,15,
209,714,15,
209,1374,15,
209,1503,15,
209,1592,14,
209,295,18,
209,1399,12,
209,1524,12,
209,1886,18,
210,379,21,
211,114,18,
211,1395,4,
211,1481,10,
212,199,13,
213,64,21,
213,215,15,
213,138,21,
213,239,12,
214,81,32,
214,119,26,
214,171,12,
214,255,39,
214,338,18,
214,296,10,
214,652,15,
215,48,13,
215,111,25,
215,184,13,
215,341,13,
215,394,13,
215,1429,13,
215,1535,13,
215,1556,13,
215,253,5,
216,1280,4,
218,17,4,
218,179,17,
218,146,4,
218,244,3,
218,530,3,
218,540,5,
218,757,3,
218,803,3,
218,840,4,
218,1184,4,
218,1426,4,
218,1499,4,
220,31,14,
220,107,4,
220,262,3,
220,272,5,
220,446,5,
220,516,3,
220,1296,15,
221,136,21,
221,335,35,
221,1216,13,
221,1300,13,
221,1393,13,
221,1680,12,
222,203,20,
222,1283,16,
226,83,14,
226,265,13,
226,520,14,
226,630,14,
226,681,13,
226,789,14,
226,1016,13,
226,1049,20,
226,1092,14,
226,1184,24,
226,1277,18,
226,1375,14,
226,1437,32,
226,1625,13,
226,1697,14,
226,1778,14,
226,1935,14,
227,207,18,
228,319,21,
229,84,15,
229,162,15,
229,857,5,
230,80,23,
230,183,18,
230,142,9,
230,161,4,
230,357,3,
230,804,12,
230,886,3,
230,1000,3,
231,142,28,
232,74,14,
236,238,18,
237,155,17,
237,61,18,
237,227,17,
237,300,30,
237,384,21,
237,642,25,
237,730,28,
237,1085,17,
237,1669,25,
237,520,18,
237,1068,7,
237,1312,18,
238,1330,18,
239,32,14,
239,54,5,
239,175,14,
239,155,5,
239,191,4,
239,209,3,
239,221,5,
239,351,5,
239,408,5,
239,518,3,
239,522,5,
239,708,5,
239,1007,3,
239,1148,5,
239,1582,3,
239,1703,3,
239,1840,3,
240,156,31,
240,458,24,
240,240,5,
240,363,18,
241,88,13,
241,212,13,
241,446,13,
242,112,51,
242,241,23,
242,696,14,
242,1209,14,
243,67,21,
243,154,21,
243,186,17,
243,466,18,
243,177,4,
243,280,3,
243,838,3,
245,309,5,
245,363,4,
245,616,8,
245,1707,8,
246,45,3,
246,90,3,
246,232,3,
246,328,3,
246,414,3,
246,499,3,
247,267,6,
247,679,5,
247,810,5,
247,960,5,
247,1452,5,
247,1738,5,
248,43,21,
248,147,21,
248,170,4,
248,442,3,
248,573,3,
248,851,3,
248,1185,3,
248,1582,13,
250,1738,13,
252,78,18,
252,133,29,
252,168,26,
252,1052,25,
252,123,9,
253,202,13,
253,235,14,
253,742,13,
253,874,14,
253,999,14,
253,1302,25,
253,1354,13,
253,1525,16,
253,381,14,
259,15,21,
259,61,23,
259,126,38,
259,336,23,
260,470,12,
260,1115,12,
260,1231,12,
262,53,42,
262,214,42,
262,580,28,
262,620,30,
264,1651,16,
264,859,3,
264,1052,3,
264,1512,16,
265,82,4,
265,246,19,
265,354,3,
265,523,4,
265,1255,3,
266,138,14,
266,364,5,
267,9,21,
267,185,30,
267,286,21,
268,144,19,
268,269,21,
269,64,14,
269,129,14,
271,43,15,
271,67,19,
271,135,17,
271,264,20,
271,641,19,
271,1499,15,
271,1471,15,
272,4,18,
272,186,18,
272,206,4,
272,663,3,
272,1266,3,
272,1373,3,
272,1404,3,
272,1621,3,
273,116,4,
273,538,4,
273,878,4,
275,1126,23,
275,1240,15,
276,94,20,
276,198,20,
276,1497,21,
278,133,12,
278,199,12,
280,381,14,
281,356,17,
281,970,30,
282,142,3,
282,258,3,
282,956,3,
282,1092,3,
282,1312,3,
282,1413,3,
283,44,26,
283,175,19,
283,490,15,
283,1166,15,
283,1394,23,
283,1486,15,
283,1577,19,
283,276,7,
283,423,8,
283,636,10,
283,738,10,
283,823,4,
283,1123,4,
283,1351,4,
283,1423,8,
284,110,23,
284,435,23,
286,87,10,
286,413,20,
286,476,17,
286,309,10,
286,537,10,
286,896,17,
286,1130,10,
287,147,24,
287,675,27,
287,1385,22,
288,170,15,
289,237,21,
289,1324,20,
290,23,5,
290,90,18,
290,1201,13,
290,1458,13,
290,1599,13,
290,1748,13,
290,186,5,
290,416,4,
290,547,5,
290,727,5,
290,1051,5,
290,1267,5,
293,44,8,
294,22,19,
294,86,19,
294,139,26,
294,279,19,
294,394,19,
294,603,19,
294,889,19,
294,208,8,
295,1516,5,
295,1651,4,
296,56,4,
296,153,5,
296,424,4,
296,585,4,
296,1151,16,
296,1252,15,
296,1682,15,
296,1820,4,
297,52,6,
297,189,16,
298,174,14,
298,1407,20,
298,151,11,
299,71,19,
299,62,3,
299,299,3,
301,114,14,
301,726,13,
302,30,44,
302,200,57,
302,527,16,
302,579,44,
304,221,5,
304,381,5,
304,569,5,
304,703,5,
304,969,5,
304,1076,5,
305,78,14,
305,23,5,
305,194,14,
305,319,21,
305,126,5,
305,432,5,
305,541,5,
305,901,5,
307,611,19,
307,885,12,
308,86,31,
308,60,4,
308,179,9,
308,318,3,
308,348,4,
308,612,3,
308,666,5,
309,31,21,
309,589,5,
309,631,4,
309,677,4,
309,706,4,
309,958,21,
309,1037,4,
311,1606,14,
312,119,18,
313,84,14,
313,146,14,
313,261,14,
313,936,14,
314,1485,13,
314,1629,18,
314,1652,19,
315,680,5,
317,91,23,
317,207,23,
317,657,23,
317,928,14,
317,943,30,
318,111,8,
318,130,14,
318,165,7,
318,758,14,
319,716,21,
320,136,24,
320,2012,12,
320,1143,15,
320,1347,15,
321,5,17,
321,0,4,
321,166,18,
321,211,26,
321,375,22,
321,1121,16,
321,1143,30,
321,538,4,
321,701,4,
321,915,4,
321,1047,4,
321,1229,4,
321,1633,4,
321,1853,4,
322,126,5,
322,882,20,
322,1501,13,
322,159,5,
322,273,5,
322,464,5,
322,858,5,
322,982,5,
322,1480,5,
322,1742,5,
322,2085,5,
323,138,27,
323,1176,17,
323,98,14,
323,329,8,
324,26,23,
324,69,23,
324,153,13,
324,272,13,
324,317,23,
324,361,23,
324,533,23,
324,976,13,
324,1146,13,
324,1527,13,
324,1679,23,
324,636,6,
324,736,5,
324,1306,6,
326,95,13,
326,156,23,
326,208,13,
326,311,13,
327,431,4,
328,14,8,
328,23,13,
328,215,8,
328,233,13,
329,47,5,
329,119,19,
329,341,5,
329,547,5,
329,859,5,
329,983,5,
329,1061,5,
330,53,14,
330,72,24,
330,22,18,
330,466,13,
330,530,22,
330,686,14,
330,752,30,
330,2185,14,
330,2472,24,
330,1981,18,
332,855,12,
334,16,13,
334,1072,13,
334,456,18,
334,726,6,
335,60,6,
335,195,5,
335,335,16,
338,820,20,
340,1136,8,
341,71,37,
341,114,19,
341,165,22,
341,308,24,
341,337,20,
341,384,24,
341,413,20,
341,470,20,
341,560,24,
341,636,20,
341,778,20,
341,1302,24,
341,1331,20,
341,1453,19,
344,70,4,
344,106,4,
344,299,3,
344,399,3,
344,1198,3,
344,1325,3,
344,1421,3,
345,1443,21,
346,588,22,
347,61,24,
347,91,24,
347,181,22,
347,128,8,
348,72,13,
348,32,5,
348,41,14,
348,421,14,
348,544,13,
348,852,13,
348,891,14,
348,1511,14,
348,1632,13,
348,1809,16,
348,252,5,
348,368,5,
348,648,5,
348,1005,5,
348,1258,5,
348,1420,5,
348,1884,5,
349,896,13,
350,188,4,
350,415,4,
350,553,4,
350,661,4,
350,946,4,
350,1520,4,
352,125,5,
352,131,12,
352,151,3,
352,1722,3,
354,201,9,
355,55,14,
355,107,21,
355,215,29,
355,420,15,
355,471,21,
355,584,15,
355,890,14,
355,1310,11,
356,37,15,
356,97,19,
356,268,15,
356,1697,19,
356,1740,13,
356,1199,4,
357,549,39,
357,262,12,
357,983,12,
357,1299,12,
358,382,11,
360,26,16,
360,853,18,
360,911,18,
360,147,8,
360,692,8,
362,11,25,
363,310,17,
363,954,17,
363,135,12,
363,213,15,
365,30,14,
365,268,13,
365,205,14,
365,421,10,
365,2086,15,
366,1016,6,
368,14,23,
369,2,16,
369,171,16,
371,99,24,
371,152,15,
371,482,25,
372,821,13,
372,987,13,
372,1523,13,
373,1634,10,
374,27,27,
374,199,26,
376,188,18,
378,418,12,
379,87,22,
379,287,9,
379,526,9,
379,605,5,
380,1349,13,
381,261,6,
381,377,5,
381,639,5,
381,880,3,
381,962,5,
381,1125,6,
381,1188,6,
381,1254,6,
381,1322,6,
381,1446,5,
381,1531,5,
381,1645,5,
381,1964,5,
383,308,28,
383,1240,13,
384,1602,4,
384,1816,4,
385,25,3,
385,190,26,
385,160,4,
385,804,3,
385,955,3,
385,1696,3,
387,20,6,
387,51,12,
387,112,6,
387,137,12,
387,236,21,
387,307,6,
387,364,5,
387,372,5,
387,399,6,
387,773,5,
387,1710,5,
387,1792,12,
388,58,8,
388,412,8,
388,810,8,
390,95,4,
390,448,20,
390,810,22,
390,720,4,
390,853,4,
390,874,3,
393,23,12,
393,40,8,
393,208,21,
393,247,17,
393,231,4,
393,488,4,
393,854,3,
393,1133,12,
393,1482,12,
393,1902,12,
394,1595,17,
396,76,14,
396,690,14,
397,39,4,
397,730,14,
397,676,4,
397,879,4,
397,1229,4,
399,28,16,
399,91,16,
399,135,28,
399,1507,14,
399,501,7,
399,1422,6,
399,1630,7,
400,514,15,
401,256,18,
402,29,5,
402,332,5,
403,72,3,
403,207,5,
403,242,4,
403,312,3,
403,477,3,
403,519,5,
403,811,5,
403,1200,5,
403,1522,3,
404,594,16,
405,21,23,
405,230,16,
405,248,4,
405,518,3,
405,651,3,
408,147,17,
408,272,20,
408,896,28,
408,994,35,
408,1643,19,
408,131,8,
408,401,8,
408,475,8,
408,558,8,
408,723,8,
408,789,18,
408,1591,18,
410,101,15,
410,156,15,
410,182,18,
410,784,17,
410,378,8,
415,719,12,
417,255,21,
418,62,22,
418,442,22,
421,29,18,
421,53,18,
421,102,27,
421,73,4,
421,206,3,
421,515,3,
421,874,3,
421,922,3,
421,1081,3,
422,80,13,
425,11,18,
425,220,18,
425,1718,18,
426,1,12,
427,65,13,
427,247,13,
427,831,13,
427,871,16,
427,1716,13,
428,261,8,
428,274,12,
428,561,12,
428,722,12,
429,587,13,
431,44,21,
431,109,21,
431,309,13,
431,539,21,
431,625,13,
432,102,16,
432,143,15,
432,867,21,
435,44,43,
435,174,14,
435,125,17,
436,127,13,
436,170,12,
436,1263,17,
436,1360,17,
436,747,5,
437,692,26,
437,509,12,
439,207,43,
439,295,12,
439,315,10,
440,8,36,
440,824,12,
440,1036,15,
440,661,14,
441,1345,25,
441,1416,8,
441,2679,8,
441,2698,8,
442,30,16,
442,1627,13,
442,152,4,
442,243,9,
442,382,3,
442,559,3,
442,1178,5,
442,1191,4,
442,1207,6,
442,1570,3,
442,1913,4,
442,2008,3,
443,178,20,
443,2166,21,
443,248,10,
443,259,11,
443,778,11,
444,164,21,
444,422,15,
447,41,6,
447,90,6,
447,508,6,
447,722,12,
447,788,6,
447,1180,6,
448,274,24,
448,407,5,
448,902,4,
449,1079,13,
450,64,24,
450,134,25,
450,90,15,
450,210,21,
450,256,8,
451,54,14,
451,88,5,
451,395,13,
451,1188,14,
451,1340,13,
451,1483,16,
451,425,5,
451,542,5,
451,809,5,
451,1373,5,
452,13,14,
453,94,27,
453,458,16,
454,86,24,
454,213,17,
454,308,15,
454,388,24,
454,476,24,
454,890,15,
454,937,24,
454,1129,24,
454,1339,24,
454,1444,24,
455,68,15,
455,688,25,
455,1264,25,
455,129,15,
455,164,8,
456,307,5,
457,20,14,
457,159,14,
457,1133,21,
457,1114,8,
458,72,25,
458,40,21,
458,144,21,
458,536,16,
458,99,21,
458,123,3,
458,312,3,
458,437,6,
458,561,3,
458,677,3,
458,1090,3,
458,1441,16,
459,96,19,
459,21,16,
459,481,21,
459,918,19,
459,1102,19,
459,218,16,
459,285,13,
459,354,16,
459,416,13,
459,538,13,
459,596,16,
459,704,13,
459,782,13,
459,830,16,
459,976,16,
460,336,15,
461,137,17,
461,298,18,
463,42,16,
463,244,26,
463,329,26,
463,451,17,
463,1102,23,
464,165,21,
464,211,21,
464,234,4,
464,519,3,
464,593,3,
464,785,3,
464,884,3,
464,1148,3,
464,1586,3,
464,1643,3,
464,1759,3,
464,1836,3,
465,96,21,
465,123,21,
465,288,5,
465,483,5,
465,1150,5,
466,110,9,
466,308,21,
467,23,15,
467,320,15,
467,599,15,
467,834,15,
467,965,15,
468,135,12,
469,48,21,
469,108,21,
469,687,21,
469,803,19,
469,131,4,
469,327,5,
469,529,3,
469,733,3,
469,795,3,
470,20,24,
470,110,31,
470,540,15,
470,949,15,
470,1122,15,
470,148,8,
470,167,11,
471,53,29,
471,176,21,
471,310,34,
471,1609,16,
474,59,42,
474,117,58,
474,330,17,
476,53,13,
476,145,21,
476,199,13,
476,324,13,
476,581,16,
476,1036,16,
476,1567,13,
476,1670,13,
476,168,4,
476,229,3,
476,850,5,
476,875,4,
477,17,34,
478,96,26,
478,189,26,
478,558,4,
478,733,4,
479,26,3,
479,155,12,
479,200,3,
479,919,3,
479,1028,3,
480,384,19,
480,911,18,
481,94,18,
481,510,8,
481,688,5,
481,752,4,
481,1280,8,
481,1558,16,
484,75,35,
484,178,30,
484,458,35,
484,528,21,
484,565,38,
484,738,21,
484,1129,34,
484,355,4,
484,654,4,
485,236,18,
486,48,15,
486,77,14,
486,131,25,
487,8,14,
487,32,14,
487,78,21,
487,48,4,
487,252,3,
488,64,14,
488,132,19,
488,157,18,
488,412,17,
488,80,6,
488,101,8,
489,51,33,
489,86,20,
489,116,4,
489,131,8,
489,463,3,
489,485,3,
489,1348,3,
490,398,25,
491,1088,16,
493,11,28,
493,163,39,
493,204,5,
493,301,12,
493,1125,4,
493,1324,4,
495,626,24,
496,45,23,
496,581,23,
497,480,13,
497,749,13,
499,69,24,
499,224,19,
499,99,15,
499,136,8,
500,36,18,
500,189,21,
500,573,21,
501,4,11,
501,127,11,
501,786,16,
502,728,5,
503,47,13,
503,31,5,
503,110,13,
503,219,14,
503,330,14,
503,444,14,
503,584,13,
503,720,13,
503,819,14,
503,906,13,
503,954,14,
503,252,5,
503,682,5,
503,754,5,
503,1063,5,
505,41,24,
505,199,15,
506,22,13,
506,117,13,
506,185,19,
506,286,13,
506,716,13,
506,156,13,
506,246,5,
507,1250,15,
511,8,19,
511,98,21,
511,242,11,
511,365,12,
511,872,23,
511,1093,12,
511,1386,24,
516,148,11,
516,581,20,
516,556,21,
516,653,8,
517,97,16,
517,225,33,
517,275,19,
517,491,19,
517,653,28,
517,819,19,
517,965,19,
517,1048,19,
517,1389,19,
517,159,8,
517,389,8,
517,1267,8,
518,104,21,
520,78,13,
520,495,13,
520,630,13,
520,729,13,
520,894,13,
520,1161,16,
520,1584,13,
520,1641,18,
523,76,13,
523,93,8,
523,102,20,
523,147,8,
523,156,20,
523,178,6,
523,224,5,
523,286,6,
523,323,13,
523,357,21,
523,643,17,
523,926,5,
523,1021,13,
523,1089,13,
523,1104,6,
523,1214,5,
523,1241,13,
523,1380,5,
524,469,14,
524,538,18,
524,485,4,
524,1027,3,
524,1128,3,
524,1367,18,
525,37,13,
525,694,13,
525,1074,13,
527,500,23,
527,559,13,
527,666,13,
527,994,26,
528,345,16,
529,20,29,
529,237,45,
531,41,11,
531,200,17,
531,436,9,
531,563,11,
531,623,8,
531,847,11,
531,1408,11,
531,1512,8,
531,1606,11,
533,456,13,
533,516,13,
533,609,13,
533,743,13,
533,1357,13,
533,1473,13,
533,1515,13,
533,1693,13,
534,0,5,
534,113,11,
534,235,17,
534,617,16,
534,704,20,
534,536,5,
534,603,5,
534,1154,5,
536,106,21,
536,129,4,
536,271,3,
536,452,3,
536,740,3,
536,1023,3,
536,1209,3,
536,1384,3,
537,59,19,
537,193,27,
537,796,18,
537,117,16,
537,339,10,
537,816,10,
538,814,35,
538,1288,20,
538,1553,9,
539,82,21,
539,153,48,
540,225,14,
540,458,13,
540,808,14,
540,1324,13,
540,1586,14,
540,1691,13,
540,770,5,
541,106,17,
541,237,27,
541,322,9,
541,285,11,
541,686,11,
541,838,11,
541,1279,11,
541,1419,11,
541,1530,11,
542,104,21,
542,306,14,
542,521,29,
542,127,21,
543,1064,20,
544,44,13,
545,22,28,
546,779,6,
546,812,6,
547,49,18,
547,211,22,
547,552,26,
547,606,22,
547,640,42,
549,31,18,
551,36,13,
551,63,5,
551,175,13,
551,275,13,
551,333,13,
551,589,13,
551,718,14,
551,1066,13,
551,1226,13,
551,1440,13,
551,1612,13,
551,1963,25,
551,2054,13,
551,379,5,
551,496,5,
551,695,5,
551,964,5,
551,2071,5,
551,2100,5,
553,652,14,
553,1052,14,
554,65,15,
554,94,15,
554,461,15,
554,544,15,
554,854,25,
554,1031,15,
554,1050,46,
554,1209,14,
554,116,8,
555,100,25,
555,177,17,
555,285,15,
555,1732,15,
555,1787,15,
555,216,25,
555,1463,5,
555,1701,5,
556,33,4,
556,673,4,
556,929,4,
556,1274,4,
556,1381,4,
557,181,17,
557,535,20,
557,715,19,
557,743,22,
557,997,22,
557,1078,15,
557,244,15,
557,356,12,
557,414,5,
557,574,15,
557,593,15,
558,649,23,
558,433,5,
559,636,28,
559,717,23,
559,1259,27,
559,1348,28,
560,251,23,
560,904,21,
561,48,21,
561,836,17,
561,107,21,
561,131,3,
561,266,3,
561,485,3,
561,1019,3,
561,1111,3,
562,4,21,
562,157,21,
562,1238,21,
562,888,10,
562,1403,12,
564,153,4,
564,411,4,
564,504,4,
564,524,4,
564,700,4,
565,646,3,
565,773,3,
565,1016,3,
565,1630,3,
566,46,22,
566,100,33,
566,167,17,
566,1367,4,
567,569,16,
567,709,18,
568,214,20,
568,188,21,
568,515,6,
569,404,6,
569,1460,6,
571,134,31,
571,178,16,
571,373,3,
571,708,3,
572,77,12,
572,120,15,
572,67,5,
572,277,14,
572,224,5,
572,317,5,
573,18,35,
573,82,19,
573,155,34,
573,848,35,
574,701,17,
574,314,18,
574,651,4,
574,1293,18,
575,185,22,
576,93,7,
576,275,16,
576,490,32,
576,713,19,
576,745,13,
576,814,29,
576,969,18,
576,1578,13,
578,24,29,
580,46,8,
580,55,20,
580,112,26,
580,260,15,
580,77,8,
580,86,20,
580,233,21,
580,804,8,
580,813,20,
580,1328,8,
580,1337,20,
584,22,21,
584,359,20,
584,470,29,
584,103,13,
584,338,18,
584,384,17,
585,24,21,
585,153,21,
585,390,17,
585,1131,13,
586,110,15,
586,62,14,
586,601,15,
586,1489,17,
586,1792,25,
586,203,14,
587,9,23,
587,99,23,
588,24,17,
588,124,10,
589,14,5,
589,30,3,
589,155,5,
589,246,5,
589,474,5,
589,640,5,
589,647,4,
589,773,3,
589,946,5,
589,973,5,
589,980,4,
589,1116,5,
589,1123,4,
589,1244,5,
589,1887,3,
590,0,14,
590,72,14,
590,107,5,
590,261,8,
590,741,14,
590,830,4,
590,1039,4,
591,10,30,
591,61,31,
591,194,21,
591,255,30,
591,1255,18,
591,1327,31,
591,417,18,
591,1041,14,
593,17,18,
593,1100,5,
594,12,31,
594,254,20,
594,2161,32,
596,30,4,
596,482,25,
596,912,21,
596,428,5,
596,979,4,
597,272,14,
598,1412,16,
599,1432,8,
600,495,21,
600,116,10,
601,669,14,
601,1158,16,
602,12,15,
605,16,17,
605,103,26,
605,53,9,
605,72,4,
605,131,3,
606,24,24,
607,68,14,
607,108,31,
607,1103,14,
607,1161,25,
608,1167,15,
610,2095,13,
610,2149,13,
612,356,12,
612,373,13,
612,233,17,
613,634,17,
613,1288,23,
613,491,4,
613,497,4,
613,890,4,
613,896,4,
613,989,4,
613,1047,9,
613,1085,12,
613,1149,4,
613,1237,4,
613,1254,4,
614,22,20,
614,139,17,
614,97,11,
614,119,4,
614,246,14,
614,274,15,
614,1267,3,
614,1698,3,
615,101,17,
615,240,20,
615,356,24,
615,802,17,
615,1135,9,
615,1218,17,
616,48,8,
620,143,13,
620,210,16,
621,34,21,
621,133,21,
622,40,19,
622,71,15,
622,119,19,
622,501,14,
622,663,15,
624,798,24,
625,42,33,
625,116,33,
625,258,17,
625,419,21,
625,77,20,
625,107,4,
625,151,5,
625,248,3,
625,305,4,
625,452,15,
626,69,10,
626,80,11,
626,767,14,
626,264,10,
626,275,11,
626,568,4,
626,696,4,
626,1156,4,
626,1546,4,
628,43,10,
628,195,16,
628,153,10,
628,275,8,
629,985,13,
629,117,12,
630,33,8,
630,152,18,
630,127,8,
631,42,21,
631,152,21,
631,176,3,
631,461,3,
631,628,3,
631,655,3,
631,852,3,
631,1105,3,
632,313,4,
632,657,3,
632,1693,3,
632,1819,4,
633,429,6,
634,202,5,
635,37,14,
635,112,14,
635,128,4,
635,139,18,
635,346,3,
635,857,3,
637,40,16,
637,27,4,
637,313,16,
637,587,26,
637,737,26,
637,1240,16,
637,135,4,
637,279,4,
637,440,4,
637,1130,15,
637,1176,4,
637,1205,18,
638,12,14,
638,255,21,
638,564,18,
638,1020,17,
638,1357,14,
638,1849,14,
638,1876,13,
638,2361,18,
639,152,21,
639,216,30,
639,1517,21,
640,876,11,
640,891,24,
640,1138,35,
640,1607,11,
640,1622,24,
640,1678,14,
640,1743,24,
643,532,5,
643,863,4,
643,1101,4,
645,40,20,
646,122,23,
646,387,20,
646,614,12,
647,696,27,
647,973,13,
647,1216,17,
647,1109,3,
647,1473,3,
648,78,3,
648,103,3,
648,150,4,
648,379,3,
648,425,3,
648,588,3,
648,648,3,
649,42,14,
649,166,14,
649,201,20,
649,697,13,
649,1096,35,
650,39,31,
650,161,30,
651,10,21,
651,215,30,
651,635,21,
651,308,14,
652,39,12,
652,171,12,
652,278,27,
652,383,6,
652,603,5,
653,312,17,
653,491,17,
653,864,17,
654,268,17,
654,506,17,
654,385,7,
655,672,13,
655,761,12,
655,830,17,
655,1152,12,
655,1218,13,
655,480,16,
655,693,16,
655,1054,16,
656,57,6,
656,164,8,
657,67,17,
657,746,19,
658,1128,15,
659,1422,12,
660,107,16,
660,992,16,
663,13,6,
663,708,21,
663,985,16,
663,124,6,
669,11,27,
673,34,18,
673,233,18,
673,913,18,
673,502,5,
673,583,4,
674,432,18,
674,703,18,
676,0,8,
676,118,14,
676,153,5,
678,16,44,
680,318,5,
680,916,5,
681,74,15,
681,188,15,
681,665,26,
681,917,15,
682,174,22,
682,145,5,
682,273,4,
682,363,18,
682,544,4,
682,1073,4,
683,52,17,
683,75,26,
683,132,30,
683,210,15,
683,417,21,
686,261,15,
686,294,4,
688,64,15,
691,635,18,
691,1284,34,
693,185,19,
695,68,24,
695,156,17,
695,122,5,
695,195,5,
695,627,9,
695,671,26,
695,808,13,
695,1277,12,
695,1554,18,
695,2012,12,
695,2034,12,
695,2254,24,
695,291,5,
695,740,5,
695,1524,5,
695,1827,5,
696,12,13,
696,243,13,
696,297,14,
697,25,24,
697,131,24,
697,571,24,
697,948,13,
698,143,24,
698,327,34,
698,429,18,
698,548,21,
698,1524,24,
699,25,10,
699,106,17,
699,415,10,
699,614,10,
700,90,19,
703,94,14,
703,616,17,
704,130,23,
704,1110,13,
708,142,4,
708,324,4,
708,445,4,
708,1245,5,
708,1666,3,
709,155,21,
709,285,6,
709,592,5,
709,1683,5,
709,1790,5,
710,283,4,
710,549,3,
710,643,3,
710,856,3,
710,1051,3,
711,193,16,
712,653,12,
713,5,25,
713,78,35,
713,124,8,
713,151,4,
713,182,21,
714,21,13,
714,62,21,
714,360,20,
714,463,14,
714,166,21,
716,48,50,
716,30,9,
716,733,57,
716,792,26,
716,256,7,
716,351,9,
716,1081,9,
716,1119,9,
717,588,21,
717,611,4,
717,929,3,
718,249,26,
719,546,18,
721,894,6,
721,1288,14,
722,48,16,
722,218,16,
722,255,11,
722,293,16,
723,106,9,
724,29,21,
724,59,16,
724,135,20,
724,318,14,
724,572,21,
724,670,44,
724,806,11,
724,1194,15,
724,1240,23,
724,1391,27,
724,1547,14,
724,483,13,
724,1494,17,
725,79,6,
725,128,6,
725,357,12,
725,1387,12,
726,45,20,
726,169,20,
726,401,20,
726,945,15,
726,1220,20,
726,252,14,
726,278,14,
726,507,14,
726,635,15,
726,995,14,
727,41,21,
727,108,21,
727,131,4,
727,401,3,
727,428,16,
727,878,3,
727,1035,3,
727,1178,3,
727,1269,3,
728,140,18,
728,169,10,
728,691,18,
728,874,18,
728,1437,18,
729,145,14,
729,175,14,
729,745,14,
729,1017,12,
729,1545,14,
729,1709,18,
729,1759,14,
730,62,5,
732,83,7,
732,285,7,
732,380,7,
732,494,7,
732,1460,7,
732,1796,7,
733,311,18,
734,141,16,
734,403,17,
734,620,15,
734,775,22,
735,52,5,
735,165,5,
735,1628,21,
736,516,13,
737,225,17,
737,901,5,
737,1110,5,
738,53,20,
739,1,13,
739,59,21,
739,82,4,
739,206,5,
739,364,3,
739,457,3,
739,601,3,
739,645,5,
739,701,3,
739,831,3,
739,1132,5,
739,1208,3,
739,1455,3,
739,1601,3,
739,1825,3,
739,1881,3,
739,1927,5,
739,1969,3,
740,1179,21,
740,1229,34,
741,0,8,
741,138,8,
742,1655,16,
743,153,37,
743,599,17,
743,928,17,
744,74,5,
744,136,23,
744,234,13,
744,322,22,
744,376,14,
744,459,23,
744,988,13,
744,1061,13,
744,1259,13,
744,1767,24,
744,91,5,
744,414,5,
744,546,5,
744,881,5,
744,1187,5,
744,1460,5,
744,1677,5,
744,1887,5,
745,62,12,
745,224,23,
745,1251,12,
745,1422,12,
745,1493,16,
745,1575,20,
745,1676,11,
746,151,13,
746,1071,13,
746,1126,13,
747,8,17,
749,91,17,
749,53,8,
749,152,17,
749,110,10,
749,201,8,
749,1074,8,
749,1247,8,
751,27,14,
751,288,14,
753,1623,12,
753,1701,12,
754,22,12,
755,145,16,
755,197,5,
755,291,12,
755,318,11,
755,379,4,
755,503,4,
755,556,11,
755,694,4,
755,1019,4,
755,1063,16,
755,1173,4,
755,1267,4,
755,1552,4,
755,1824,4,
755,1892,4,
757,55,21,
757,464,12,
757,909,5,
757,1600,12,
758,259,19,
759,213,18,
759,241,5,
759,367,4,
759,469,4,
759,600,4,
759,711,4,
760,56,9,
760,90,31,
760,134,8,
760,154,11,
760,286,10,
762,71,4,
762,190,17,
762,168,4,
762,452,4,
762,517,4,
762,568,3,
762,809,4,
762,887,3,
762,924,3,
762,971,5,
762,1113,3,
762,1283,3,
763,48,14,
763,72,14,
763,88,4,
763,188,6,
763,273,3,
763,380,3,
763,483,3,
763,509,3,
763,654,3,
763,729,3,
763,878,3,
763,987,3,
763,1270,3,
764,149,26,
764,297,19,
765,9,17,
765,1387,13,
766,32,21,
766,63,31,
766,100,38,
766,188,12,
766,255,11,
766,429,11,
766,701,11,
766,956,11,
766,1024,11,
766,1102,10,
766,1353,9,
766,1517,10,
766,1576,11,
766,1626,11,
766,2004,11,
766,2048,9,
766,2108,11,
766,2201,11,
766,2276,11,
766,2359,11,
766,2521,10,
766,1541,17,
770,79,5,
770,87,12,
770,758,5,
773,978,10,
774,48,13,
774,0,4,
774,133,22,
774,103,5,
774,121,5,
774,256,4,
775,318,13,
775,876,22,
775,1198,18,
775,1218,17,
775,2432,18,
775,4818,25,
775,5661,18,
775,2657,8,
775,4990,12,
775,5618,10,
776,137,17,
776,182,40,
776,257,17,
776,950,20,
776,1447,17,
776,1753,17,
776,156,4,
776,344,3,
776,461,3,
777,30,22,
777,100,22,
777,205,10,
777,302,10,
777,491,10,
777,515,13,
779,92,13,
779,229,22,
779,609,13,
779,1627,13,
779,689,11,
780,48,39,
780,452,39,
780,380,19,
780,494,4,
780,598,4,
780,798,12,
782,59,15,
782,26,3,
782,428,15,
782,806,38,
782,232,16,
782,281,3,
782,994,16,
782,1703,15,
783,227,25,
783,326,45,
784,708,17,
785,80,22,
785,70,4,
786,17,20,
786,51,24,
786,87,32,
786,77,4,
786,515,9,
786,585,3,
786,735,3,
786,852,15,
788,56,15,
788,198,15,
788,745,15,
788,943,15,
788,1453,15,
788,1637,15,
788,1774,15,
789,87,17,
789,244,31,
790,349,17,
790,369,3,
790,753,3,
790,992,3,
790,1136,3,
791,135,18,
791,402,23,
791,493,12,
791,598,12,
791,1820,21,
791,1940,12,
791,202,15,
792,50,14,
792,370,14,
792,647,14,
792,750,14,
792,890,14,
792,990,14,
792,1295,14,
793,0,22,
793,84,13,
793,48,22,
793,174,23,
794,414,15,
794,755,12,
794,953,30,
794,1686,20,
794,265,18,
794,616,5,
794,1369,5,
795,31,14,
795,233,14,
795,652,14,
795,708,8,
796,156,5,
796,257,13,
797,24,12,
797,206,19,
797,367,21,
797,640,21,
797,805,23,
797,906,19,
798,56,6,
798,64,6,
798,262,6,
798,423,6,
798,971,6,
798,1617,6,
800,857,18,
800,1004,13,
800,598,13,
800,646,13,
801,9,17,
801,144,17,
801,730,11,
802,132,14,
802,172,14,
803,1394,25,
803,224,10,
803,1288,16,
805,15,21,
805,141,12,
805,635,12,
807,244,17,
809,29,17,
809,105,28,
809,616,17,
809,907,17,
809,61,10,
809,358,8,
809,439,8,
810,1064,24,
810,572,8,
811,25,24,
811,69,5,
811,107,13,
811,261,24,
811,406,24,
811,612,14,
811,684,23,
811,803,14,
811,985,17,
811,1437,24,
811,1597,24,
811,198,5,
811,312,5,
811,453,5,
811,875,5,
811,920,5,
811,1152,5,
811,1235,5,
811,1255,5,
811,1323,5,
811,1398,5,
812,741,12,
813,219,26,
813,654,21,
813,677,4,
814,31,22,
815,11,8,
815,855,9,
815,1088,8,
815,1217,8,
815,1294,8,
818,88,11,
818,243,10,
818,802,11,
818,1098,11,
818,1147,11,
818,1581,11,
818,2310,10,
818,1925,16,
818,2104,16,
818,2248,16,
819,890,24,
819,621,12,
819,778,8,
819,1076,12,
821,57,23,
821,399,23,
821,1269,34,
822,186,7,
822,253,7,
822,362,7,
822,589,7,
822,1107,7,
823,40,13,
823,182,13,
823,491,13,
823,687,13,
823,992,13,
823,1076,14,
823,1211,13,
823,1636,13,
823,1788,13,
823,253,5,
824,65,4,
824,100,4,
824,249,4,
824,372,4,
824,634,4,
824,654,4,
824,808,4,
824,958,4,
824,1060,4,
825,0,15,
825,34,35,
825,100,24,
825,284,24,
825,352,14,
825,569,24,
825,674,24,
825,855,24,
825,978,33,
825,1079,24,
825,1169,37,
825,1326,18,
825,1512,30,
825,1617,24,
825,1108,8,
827,1282,15,
827,1206,12,
828,173,17,
829,182,4,
829,502,4,
829,632,3,
829,1089,3,
829,1224,3,
829,1318,3,
830,98,24,
830,507,17,
831,103,20,
831,53,11,
831,482,47,
834,66,16,
834,181,18,
834,131,7,
834,236,19,
834,539,18,
834,1292,7,
835,413,21,
835,1308,20,
836,137,12,
836,197,12,
836,868,12,
836,977,12,
836,1087,12,
837,20,18,
837,312,17,
837,647,25,
837,874,21,
837,906,21,
838,156,12,
839,94,3,
839,124,4,
839,427,3,
839,487,3,
839,959,3,
839,1064,3,
839,1247,3,
839,1330,3,
839,1412,3,
839,1560,3,
839,1623,3,
839,1692,3,
840,401,6,
840,519,5,
840,602,5,
841,919,16,
841,936,10,
842,627,12,
843,118,19,
843,138,21,
843,334,21,
843,161,4,
843,301,9,
843,533,4,
843,1045,13,
844,895,16,
845,76,5,
846,46,22,
846,420,14,
846,1465,14,
846,210,21,
846,234,3,
846,1310,18,
846,1667,21,
847,18,17,
847,95,20,
847,165,17,
847,249,20,
847,437,20,
847,2180,20,
848,745,24,
849,30,18,
849,162,20,
849,277,10,
849,661,5,
850,586,4,
850,1123,18,
850,1374,4,
851,60,44,
851,164,31,
851,403,15,
851,703,15,
851,1128,15,
851,215,11,
851,462,4,
851,599,3,
852,1402,14,
852,349,10,
852,850,5,
852,1187,10,
852,1418,4,
853,36,16,
853,17,5,
853,480,14,
853,671,16,
853,721,22,
853,801,13,
853,986,13,
853,1379,16,
853,1517,17,
853,751,5,
853,853,5,
853,1088,5,
853,1197,5,
853,1337,5,
853,1490,5,
854,764,20,
854,1034,4,
855,100,24,
855,271,24,
855,503,24,
856,1594,10,
856,1947,9,
856,1991,10,
856,2039,9,
856,2697,17,
857,61,17,
857,616,17,
857,80,8,
858,132,4,
858,423,5,
858,484,3,
858,764,4,
858,779,3,
859,4,16,
859,32,26,
859,112,16,
859,132,24,
859,241,23,
859,719,16,
860,0,20,
861,144,4,
861,521,4,
861,612,3,
861,630,5,
861,686,5,
861,830,5,
861,1673,3,
861,1695,5,
862,114,34,
862,254,20,
862,623,34,
862,1072,23,
862,1242,24,
862,1762,20,
863,428,15,
863,822,5,
864,257,4,
864,276,3,
864,464,3,
864,634,8,
864,742,3,
864,1076,3,
865,41,18,
865,94,18,
866,8,18,
866,211,18,
866,231,5,
866,242,4,
866,270,4,
866,372,4,
866,505,6,
866,620,4,
866,851,4,
866,1021,4,
866,1145,4,
866,1218,4,
866,1372,4,
866,1713,4,
867,46,17,
867,84,17,
867,462,17,
867,558,17,
867,615,44,
867,690,21,
867,1045,21,
867,1114,19,
867,1221,23,
867,1291,23,
867,1737,21,
868,118,18,
868,259,3,
868,442,5,
868,468,4,
869,12,18,
869,93,17,
869,192,42,
869,294,30,
869,325,28,
869,365,18,
869,1292,13,
869,1738,24,
869,112,4,
869,135,3,
869,480,3,
869,877,3,
869,1578,4,
869,1615,3,
871,42,6,
871,248,51,
871,458,15,
871,185,6,
872,79,11,
872,242,11,
872,317,13,
872,539,11,
872,776,25,
872,1168,22,
872,1358,11,
872,442,8,
873,69,10,
874,26,6,
874,205,6,
875,121,20,
875,151,4,
875,219,12,
875,492,3,
875,611,10,
875,1087,3,
875,1232,3,
876,24,19,
876,49,17,
876,92,17,
876,156,15,
876,257,21,
876,697,17,
876,1325,17,
876,1861,19,
876,1997,17,
876,2035,25,
876,211,8,
876,347,8,
876,434,16,
876,489,8,
876,1019,8,
876,1075,8,
876,1290,8,
876,1462,8,
876,1789,8,
877,86,20,
877,183,42,
877,1481,33,
877,127,8,
877,136,20,
877,158,6,
877,292,6,
877,359,5,
877,383,15,
877,415,5,
877,451,5,
877,545,5,
877,623,5,
877,665,5,
877,886,5,
877,1156,15,
877,1318,5,
877,1416,5,
877,1559,5,
877,1568,5,
878,156,3,
878,169,3,
878,464,3,
879,4,33,
879,94,9,
879,113,4,
879,1393,3,
881,85,21,
882,42,28,
882,392,44,
882,747,33,
882,329,8,
882,438,4,
882,620,3,
882,656,3,
882,782,5,
882,970,4,
882,1453,4,
882,1639,4,
882,1848,18,
883,975,14,
890,27,13,
890,187,13,
890,318,13,
890,641,22,
890,782,13,
893,76,14,
893,290,25,
893,154,14,
893,189,5,
893,456,9,
893,475,4,
893,519,5,
893,562,4,
893,568,5,
893,757,8,
893,776,4,
893,1049,5,
893,1304,4,
894,89,20,
894,633,34,
894,1212,17,
895,30,17,
895,58,8,
895,391,4,
895,467,12,
897,432,63,
897,701,15,
897,855,18,
897,940,15,
897,1701,14,
897,342,21,
897,1208,18,
898,34,13,
898,60,13,
899,2006,27,
899,141,5,
899,305,4,
899,437,4,
899,693,4,
899,703,4,
899,1084,4,
899,2074,4,
900,117,21,
900,152,21,
900,188,3,
900,539,5,
900,599,3,
900,656,3,
900,719,3,
900,1098,9,
900,1312,12,
900,1365,3,
900,1423,5,
900,1611,12,
901,81,4,
901,690,3,
901,821,3,
901,1052,3,
901,1119,3,
902,1761,13,
903,162,4,
903,250,10,
903,261,8,
903,1179,3,
904,983,13,
904,1061,12,
905,860,5,
906,369,18,
906,408,16,
906,637,18,
906,761,18,
907,30,10,
907,41,11,
907,265,10,
907,276,11,
908,49,8,
908,58,20,
908,92,8,
908,101,20,
908,123,6,
908,199,13,
908,332,7,
908,418,5,
908,493,5,
908,934,5,
908,961,6,
908,1201,6,
908,1364,6,
908,1424,6,
908,1601,6,
908,1739,6,
908,2017,6,
908,2116,6,
908,2228,5,
908,2267,6,
908,2337,5,
908,2415,6,
908,2458,6,
910,494,28,
910,124,12,
910,855,5,
910,958,15,
910,1519,12,
912,442,12,
912,812,12,
913,403,13,
913,871,5,
914,103,14,
914,719,30,
914,1230,23,
914,1356,15,
915,78,5,
915,196,5,
916,92,21,
916,203,30,
916,1348,19,
916,235,4,
916,1636,3,
917,11,13,
918,596,15,
918,1090,15,
918,1406,15,
918,388,6,
920,57,13,
920,223,13,
920,923,13,
921,62,18,
921,124,12,
921,285,17,
921,527,17,
921,599,25,
921,1042,12,
921,1112,38,
921,1234,22,
921,1439,32,
921,1476,18,
921,1613,14,
921,1695,35,
921,1923,30,
921,1958,18,
922,0,4,
922,269,19,
922,1310,15,
922,1506,15,
922,184,4,
922,364,4,
922,596,4,
922,1212,4,
923,27,25,
923,58,24,
923,95,8,
923,860,3,
923,865,17,
924,61,7,
924,1182,13,
924,1315,7,
924,1534,7,
924,1604,7,
924,1896,7,
924,2012,7,
924,2055,4,
924,2131,7,
925,1843,28,
925,1748,18,
926,20,11,
926,111,12,
926,225,19,
926,311,11,
926,519,12,
926,581,12,
926,675,12,
926,840,12,
926,1189,12,
926,1343,12,
926,1475,11,
927,172,4,
927,949,4,
928,223,17,
929,237,20,
929,261,12,
930,69,6,
930,208,18,
930,110,4,
930,252,3,
930,646,6,
931,65,9,
931,118,20,
931,230,9,
931,429,9,
931,757,9,
931,1971,9,
932,68,19,
932,233,19,
933,87,21,
933,178,21,
934,480,13,
935,101,14,
935,184,14,
935,356,14,
935,784,17,
935,1057,18,
935,1077,13,
935,1319,19,
935,1391,17,
935,1735,13,
936,33,17,
936,142,20,
936,272,17,
936,413,20,
936,588,25,
936,895,25,
936,946,10,
936,1060,19,
936,1160,11,
936,1335,21,
936,1368,24,
938,16,7,
938,43,14,
938,115,31,
938,177,11,
938,515,7,
938,546,14,
938,630,7,
938,700,7,
938,782,14,
939,440,18,
939,107,4,
939,206,3,
939,250,3,
939,587,3,
939,641,3,
939,805,3,
939,951,3,
939,1039,4,
939,1128,4,
939,1393,3,
941,35,32,
941,140,32,
941,202,30,
941,327,17,
941,180,4,
941,243,4,
941,402,18,
941,437,4,
941,582,4,
941,1290,4,
941,1472,4,
942,137,4,
942,216,7,
942,267,3,
942,353,3,
942,581,3,
942,766,7,
942,1030,3,
942,1087,3,
945,258,12,
945,399,10,
946,132,30,
946,321,17,
946,341,3,
946,358,17,
946,756,3,
947,105,16,
947,21,5,
947,245,16,
947,207,5,
947,539,5,
947,615,5,
947,883,5,
948,85,12,
948,324,15,
948,108,12,
948,131,4,
948,276,11,
948,371,3,
948,516,3,
948,1258,3,
948,1668,3,
948,1843,3,
949,48,4,
949,101,4,
949,208,4,
949,226,5,
949,650,4,
949,722,4,
949,883,5,
949,1410,5,
949,1571,5,
949,1753,4,
950,131,13,
950,149,14,
950,361,21,
954,158,16,
954,395,26,
954,568,5,
955,356,18,
955,596,16,
955,656,18,
955,112,4,
955,305,3,
956,204,30,
958,18,22,
958,339,22,
958,363,4,
958,444,3,
958,482,3,
958,734,3,
958,847,3,
960,4,21,
960,152,21,
960,675,12,
960,693,21,
961,157,24,
961,299,24,
961,244,6,
961,590,6,
961,1940,6,
963,192,14,
963,793,24,
964,304,3,
965,219,3,
965,365,5,
965,448,3,
965,601,4,
965,669,5,
965,773,3,
965,814,4,
965,819,3,
965,898,5,
965,970,3,
965,1093,3,
965,1175,4,
965,1288,4,
965,1334,3,
965,1571,3,
965,1847,3,
967,76,8,
967,205,17,
967,572,17,
967,1342,16,
968,0,8,
968,318,8,
968,696,8,
968,827,8,
968,955,8,
969,0,21,
969,78,8,
969,493,21,
969,1436,22,
969,1626,15,
969,97,21,
969,311,6,
969,648,5,
969,715,8,
969,821,5,
969,1412,5,
971,23,18,
971,1176,10,
971,567,4,
973,103,8,
973,322,18,
973,283,8,
973,497,8,
974,720,14,
974,1434,17,
975,11,15,
975,310,25,
975,119,15,
975,828,15,
975,1126,15,
976,418,18,
977,27,24,
977,118,12,
977,430,24,
977,641,12,
977,768,12,
977,807,12,
977,1504,12,
977,1842,12,
978,28,13,
978,293,13,
978,383,25,
978,464,14,
978,576,13,
978,718,13,
978,876,13,
978,969,13,
978,1275,26,
978,1453,13,
978,1694,12,
978,1851,13,
978,2048,13,
978,2125,22,
980,57,24,
980,277,14,
980,464,14,
980,743,11,
980,213,5,
982,101,4,
982,472,3,
982,528,3,
983,155,14,
984,326,15,
984,654,16,
987,61,16,
987,99,30,
987,143,30,
987,202,21,
987,676,16,
987,1268,17,
987,1318,17,
987,1501,11,
989,351,21,
991,43,13,
991,85,5,
991,203,12,
991,603,9,
991,908,22,
991,130,14,
991,158,5,
991,404,5,
991,466,5,
991,531,14,
991,761,14,
992,224,13,
993,73,17,
993,387,22,
993,295,7,
993,326,7,
993,380,4,
993,412,3,
993,843,4,
993,1171,4,
993,1286,4,
994,105,17,
994,1325,22,
995,22,38,
995,189,39,
995,240,47,
995,901,38,
995,230,5,
995,289,5,
996,72,5,
996,260,14,
996,544,14,
996,743,29,
996,846,14,
996,1566,13,
996,1635,14,
996,1705,13,
996,209,5,
996,1268,5,
996,1503,5,
996,2481,5,
998,91,8,
998,100,20,
998,165,33,
998,122,8,
998,131,20,
998,153,6,
998,278,6,
998,303,6,
998,371,5,
998,416,5,
998,471,6,
998,545,6,
998,623,6,
998,713,6,
998,985,6,
998,1225,6,
998,1318,6,
998,1367,6,
998,1475,5,
998,1574,6,
998,1598,5,
999,100,12,
1001,4,21,
1001,81,16,
1001,238,27,
1001,269,17,
1001,422,9,
1001,1110,11,
1001,136,17,
1001,347,17,
1001,620,16,
1001,1141,16,
1001,1176,16,
1001,1387,16,
1001,1633,11,
1001,1768,16,
1002,100,20,
1002,20,13,
1002,217,20,
1002,164,13,
1006,35,22,
1006,128,13,
1006,658,18,
1006,867,27,
1006,1010,27,
1006,1248,18,
1006,1385,39,
1006,1664,18,
1006,199,5,
1007,508,24,
1009,62,13,
1009,254,13,
1009,656,11,
1011,169,28,
1011,99,12,
1011,211,28,
1011,245,40,
1011,739,23,
1011,368,12,
1011,639,12,
1011,953,12,
1012,404,21,
1014,88,12,
1014,64,5,
1014,181,13,
1014,389,13,
1014,211,5,
1014,1532,5,
1014,1608,5,
1014,1676,5,
1014,1777,5,
1014,1937,5,
1015,714,13,
1015,806,13,
1015,1682,13,
1016,17,21,
1016,52,18,
1016,89,26,
1016,196,29,
1016,241,18,
1016,390,26,
1016,439,22,
1016,752,17,
1016,791,15,
1017,260,5,
1017,763,5,
1017,1008,5,
1018,937,15,
1019,37,18,
1019,183,4,
1019,991,3,
1019,1385,3,
1019,1494,3,
1020,102,4,
1020,172,17,
1020,138,4,
1020,228,9,
1020,320,3,
1020,331,4,
1020,465,4,
1020,581,3,
1020,712,4,
1020,1042,4,
1021,887,5,
1022,160,18,
1022,211,17,
1022,187,12,
1022,459,12,
1022,877,12,
1026,73,17,
1026,24,8,
1026,124,8,
1026,509,8,
1026,610,13,
1028,21,44,
1028,110,15,
1029,78,11,
1029,175,11,
1032,96,30,
1032,137,21,
1032,190,15,
1032,268,21,
1034,0,11,
1034,1331,26,
1034,133,11,
1034,154,4,
1034,169,8,
1034,366,9,
1034,385,15,
1034,402,14,
1034,468,15,
1034,508,3,
1034,708,14,
1034,808,3,
1035,79,31,
1035,529,15,
1035,328,6,
1035,464,6,
1037,162,16,
1037,1196,16,
1039,82,24,
1039,120,24,
1039,1710,24,
1040,35,16,
1040,122,24,
1040,1209,16,
1040,53,7,
1040,217,7,
1040,423,7,
1040,910,7,
1043,47,21,
1043,34,8,
1043,85,12,
1043,99,4,
1043,108,8,
1043,264,3,
1043,423,3,
1043,851,3,
1043,1095,3,
1043,1182,11,
1043,1358,3,
1044,60,14,
1044,179,14,
1044,1623,14,
1046,31,8,
1046,188,8,
1047,438,5,
1048,117,14,
1048,16,5,
1048,750,24,
1048,803,20,
1048,726,5,
1048,903,5,
1050,493,14,
1050,933,14,
1050,1532,35,
1050,443,13,
1050,760,4,
1050,883,13,
1052,720,6,
1053,4,13,
1053,304,21,
1053,769,4,
1054,81,16,
1054,422,17,
1054,814,16,
1054,982,16,
1056,370,18,
1056,627,15,
1056,857,18,
1057,23,13,
1057,214,21,
1057,293,13,
1057,1168,12,
1058,149,16,
1058,443,16,
1059,120,10,
1059,131,11,
1059,233,10,
1059,244,11,
1060,268,18,
1060,457,21,
1060,1405,18,
1060,297,9,
1060,480,4,
1060,1111,3,
1060,1160,5,
1060,1461,9,
1060,1554,3,
1062,7,31,
1062,40,5,
1062,63,31,
1062,425,18,
1063,1099,15,
1065,33,34,
1065,214,17,
1065,363,41,
1065,233,4,
1065,269,5,
1066,72,21,
1066,536,21,
1067,381,12,
1069,39,29,
1069,102,17,
1069,370,29,
1069,511,16,
1069,960,17,
1070,446,30,
1070,1069,30,
1071,6,17,
1071,243,17,
1071,563,17,
1071,715,17,
1073,104,42,
1073,159,42,
1073,202,16,
1073,247,28,
1073,1742,14,
1073,1819,9,
1073,1970,15,
1073,2038,18,
1073,2070,10,
1073,2165,12,
1074,11,13,
1074,131,13,
1075,50,9,
1075,1026,16,
1075,1137,18,
1075,1316,17,
1075,1485,14,
1075,1501,14,
1075,1167,12,
1075,1350,9,
1075,1558,9,
1076,109,21,
1076,71,17,
1076,323,27,
1076,382,13,
1076,512,9,
1076,796,11,
1076,2170,11,
1076,201,17,
1076,439,13,
1076,742,16,
1076,938,17,
1076,1198,17,
1076,1736,17,
1076,1945,17,
1076,2136,17,
1076,2361,17,
1076,2429,17,
1076,2626,17,
1076,2745,17,
1077,193,22,
1078,341,3,
1078,354,3,
1079,78,40,
1079,4,5,
1079,233,19,
1079,310,5,
1079,455,5,
1079,617,5,
1079,1028,5,
1079,1198,5,
1080,434,8,
1081,793,31,
1081,1097,31,
1081,1254,25,
1081,417,13,
1081,617,13,
1083,91,28,
1083,250,28,
1083,145,8,
1083,280,4,
1083,365,3,
1083,1157,15,
1083,1686,14,
1084,21,46,
1084,82,40,
1084,297,15,
1084,633,15,
1084,801,15,
1086,57,15,
1087,23,21,
1087,143,40,
1087,121,21,
1088,49,15,
1088,220,19,
1088,831,7,
1089,66,13,
1089,90,13,
1089,131,13,
1089,987,13,
1090,77,8,
1090,110,8,
1090,179,16,
1091,870,23,
1091,985,17,
1091,152,12,
1091,282,12,
1091,299,8,
1091,702,12,
1091,1262,12,
1091,1389,12,
1091,1680,12,
1092,153,3,
1092,363,3,
1092,525,3,
1092,572,3,
1092,719,3,
1092,817,3,
1092,1003,3,
1093,599,42,
1093,1454,22,
1093,518,12,
1093,822,12,
1095,10,11,
1095,123,11,
1095,279,8,
1095,324,10,
1095,1270,11,
1096,211,12,
1096,224,14,
1096,348,5,
1096,811,4,
1098,755,43,
1099,0,15,
1099,282,24,
1100,183,30,
1100,218,25,
1101,180,8,
1101,198,13,
1103,857,27,
1103,947,24,
1103,977,14,
1103,1142,12,
1103,1382,30,
1103,1417,15,
1103,2094,12,
1103,784,10,
1103,1329,10,
1104,1219,13,
1104,1550,14,
1104,1621,11,
1104,2300,13,
1104,2431,14,
1104,2463,11,
1105,116,13,
1105,217,13,
1105,169,6,
1105,343,5,
1105,418,5,
1105,445,5,
1105,536,5,
1105,660,4,
1105,888,5,
1105,1217,5,
1105,1250,5,
1105,1491,4,
1105,1566,5,
1105,1739,5,
1106,833,13,
1108,489,16,
1109,202,27,
1109,181,8,
1110,63,4,
1110,151,12,
1110,124,4,
1110,226,5,
1110,281,3,
1110,380,3,
1110,498,4,
1110,514,3,
1110,1186,4,
1110,1581,3,
1110,1605,9,
1111,534,6,
1111,821,12,
1112,10,13,
1112,128,25,
1112,189,13,
1112,248,13,
1112,330,13,
1112,582,19,
1112,767,15,
1112,1030,25,
1112,1104,13,
1112,1246,13,
1112,517,4,
1112,921,4,
1116,1577,18,
1117,47,14,
1117,1659,17,
1119,43,4,
1119,166,27,
1119,124,4,
1119,277,3,
1119,309,4,
1119,398,4,
1119,458,3,
1119,498,3,
1119,521,4,
1119,639,4,
1119,718,4,
1119,901,4,
1119,1090,3,
1119,1260,3,
1119,1634,3,
1119,1674,4,
1119,1718,4,
1119,1945,3,
1120,55,17,
1120,101,17,
1122,96,14,
1122,22,5,
1122,187,14,
1122,247,5,
1122,283,5,
1122,403,5,
1123,21,8,
1123,143,8,
1123,314,8,
1123,434,6,
1124,191,14,
1124,238,21,
1124,319,16,
1125,97,12,
1125,249,12,
1125,275,13,
1125,360,20,
1125,301,7,
1125,313,11,
1125,389,21,
1125,864,21,
1126,487,17,
1126,522,18,
1126,658,21,
1126,772,24,
1126,1132,35,
1126,1192,24,
1126,594,5,
1126,1183,4,
1127,80,25,
1127,250,44,
1127,187,12,
1127,594,12,
1128,77,21,
1128,144,21,
1130,277,15,
1130,1027,15,
1130,1102,15,
1130,1211,15,
1130,1317,15,
1130,1540,15,
1130,136,11,
1131,310,10,
1131,758,12,
1132,51,22,
1132,195,22,
1132,443,18,
1134,41,14,
1134,205,14,
1134,424,14,
1134,578,14,
1134,1339,14,
1134,1578,14,
1134,1624,14,
1134,949,6,
1134,1278,12,
1135,112,31,
1135,178,5,
1135,302,4,
1135,368,4,
1135,787,4,
1136,26,21,
1136,89,12,
1136,164,21,
1136,1302,12,
1137,73,26,
1137,225,26,
1137,278,18,
1138,49,8,
1138,765,8,
1138,946,8,
1138,990,8,
1138,1111,15,
1138,1883,8,
1139,70,21,
1139,28,5,
1139,268,32,
1139,357,25,
1139,1203,32,
1139,254,5,
1139,439,5,
1139,572,5,
1139,734,15,
1139,1153,5,
1140,49,17,
1140,112,18,
1140,218,18,
1140,238,21,
1140,1811,39,
1140,145,8,
1140,860,18,
1140,1601,12,
1141,12,22,
1141,77,17,
1141,196,22,
1141,433,12,
1141,834,18,
1141,1318,9,
1142,208,14,
1143,606,14,
1144,14,18,
1144,93,3,
1144,356,3,
1144,867,3,
1144,1199,3,
1144,1503,3,
1144,1603,3,
1144,1675,4,
1146,1179,11,
1147,424,14,
1149,214,4,
1149,710,3,
1149,1549,3,
1150,223,27,
1150,356,18,
1150,751,19,
1150,1210,19,
1150,1545,29,
1150,1579,41,
1150,1737,18,
1150,1293,8,
1150,1395,18,
1150,1810,8,
1151,90,29,
1151,33,4,
1151,177,13,
1151,243,29,
1151,325,35,
1151,648,11,
1151,841,11,
1151,1242,11,
1151,1621,11,
1151,982,4,
1152,192,13,
1152,210,17,
1152,344,18,
1152,527,16,
1152,461,5,
1152,707,21,
1153,427,5,
1155,0,21,
1155,111,21,
1155,134,4,
1155,203,17,
1155,326,3,
1155,507,3,
1155,623,3,
1155,682,3,
1155,1035,3,
1155,1124,3,
1155,1200,3,
1157,41,5,
1157,47,3,
1157,1501,24,
1157,277,5,
1157,283,3,
1157,491,3,
1157,495,5,
1157,694,5,
1157,700,3,
1157,823,3,
1157,838,5,
1157,844,3,
1157,931,5,
1157,937,3,
1157,1147,5,
1157,1153,3,
1157,1399,5,
1157,1405,3,
1157,1774,5,
1157,1780,3,
1158,4,12,
1158,98,13,
1158,260,17,
1158,516,13,
1158,568,17,
1158,845,13,
1158,930,13,
1159,6,14,
1159,0,5,
1159,462,17,
1159,1049,13,
1159,1196,23,
1159,22,5,
1159,218,8,
1159,649,16,
1161,115,15,
1161,163,18,
1161,237,18,
1161,623,18,
1161,265,5,
1161,581,4,
1161,1040,4,
1161,1378,4,
1162,817,4,
1163,15,44,
1163,76,24,
1164,156,21,
1164,1003,13,
1164,1076,12,
1164,1091,3,
1164,1283,3,
1164,1455,3,
1164,1960,3,
1165,299,38,
1165,409,15,
1167,198,25,
1167,321,5,
1168,11,42,
1170,131,14,
1170,335,16,
1170,436,14,
1170,741,17,
1170,1343,13,
1170,496,18,
1171,54,14,
1171,384,39,
1171,1403,14,
1171,157,5,
1171,425,5,
1171,458,19,
1171,482,12,
1171,508,4,
1171,516,13,
1171,543,4,
1171,591,13,
1171,755,4,
1171,861,4,
1171,981,4,
1171,1027,18,
1171,1180,4,
1171,1188,4,
1171,1379,4,
1171,1473,4,
1172,445,17,
1172,464,15,
1172,518,24,
1172,574,14,
1172,594,15,
1172,1167,17,
1172,1186,15,
1172,1240,24,
1172,1296,14,
1172,1312,15,
1172,1490,10,
1172,490,12,
1172,1212,12,
1174,68,22,
1174,134,19,
1175,98,13,
1175,291,13,
1175,881,22,
1176,620,3,
1177,47,21,
1177,166,3,
1177,302,21,
1177,326,3,
1177,366,15,
1177,408,3,
1177,563,3,
1180,193,5,
1180,1375,16,
1180,1501,16,
1180,246,5,
1180,575,5,
1180,669,5,
1180,773,5,
1180,998,5,
1180,1157,5,
1180,1220,5,
1180,1456,5,
1180,1530,5,
1180,1621,5,
1180,1757,5,
1181,402,4,
1190,0,15,
1190,36,18,
1190,162,24,
1190,289,8,
1190,822,18,
1191,0,7,
1191,377,16,
1191,536,16,
1191,861,16,
1191,1043,16,
1191,1261,16,
1191,1676,16,
1191,146,7,
1191,350,7,
1192,479,13,
1192,899,13,
1192,1172,13,
1192,78,8,
1193,131,19,
1193,774,39,
1193,1061,15,
1193,1209,12,
1193,152,4,
1193,191,17,
1193,739,3,
1193,1018,3,
1194,27,13,
1194,70,22,
1194,113,11,
1194,126,37,
1194,169,18,
1194,203,13,
1194,345,11,
1194,471,13,
1194,505,21,
1194,669,13,
1194,786,13,
1194,1261,16,
1194,1287,20,
1194,1486,13,
1194,274,5,
1194,285,18,
1194,368,18,
1194,535,14,
1196,12,10,
1196,176,18,
1196,455,10,
1196,522,10,
1196,659,10,
1198,912,9,
1198,950,9,
1198,764,4,
1199,623,30,
1199,672,26,
1199,224,11,
1199,450,10,
1200,103,24,
1200,1046,25,
1200,195,10,
1202,355,17,
1202,511,4,
1204,104,19,
1204,94,4,
1204,173,9,
1204,236,3,
1204,590,4,
1205,11,11,
1206,270,20,
1206,217,13,
1208,25,24,
1208,207,24,
1208,1031,24,
1210,46,20,
1210,154,20,
1210,252,10,
1211,500,15,
1213,278,16,
1213,1528,17,
1213,1376,12,
1214,14,17,
1215,150,13,
1215,32,21,
1215,623,13,
1215,220,21,
1215,244,3,
1215,527,3,
1215,747,3,
1215,986,3,
1215,1066,6,
1215,1286,3,
1216,89,20,
1217,60,13,
1217,160,13,
1217,304,13,
1217,393,13,
1217,451,13,
1217,536,13,
1217,688,13,
1217,876,13,
1217,1085,13,
1217,1233,13,
1219,317,16,
1220,10,20,
1220,162,16,
1220,192,30,
1220,637,17,
1220,1272,34,
1220,1543,17,
1221,584,17,
1221,783,21,
1221,1689,21,
1221,280,16,
1221,746,13,
1222,636,18,
1224,100,14,
1224,347,13,
1225,289,35,
1225,557,20,
1226,68,24,
1226,336,19,
1226,681,27,
1227,573,13,
1227,180,4,
1227,680,3,
1228,122,17,
1232,125,13,
1232,186,13,
1232,460,13,
1232,1636,13,
1233,32,21,
1233,1630,21,
1233,115,12,
1233,138,4,
1233,258,3,
1233,332,3,
1233,826,3,
1233,941,3,
1233,1037,3,
1233,1397,3,
1233,1898,3,
1236,37,6,
1237,180,21,
1237,231,17,
1237,276,30,
1237,390,20,
1237,477,29,
1237,904,17,
1237,1106,29,
1237,1231,19,
1237,1268,14,
1238,0,8,
1238,264,14,
1242,60,21,
1242,239,18,
1242,1145,16,
1242,299,21,
1242,566,19,
1242,1054,21,
1243,44,18,
1243,296,29,
1243,391,18,
1243,1730,18,
1243,329,9,
1243,479,9,
1243,605,19,
1244,53,17,
1244,285,17,
1244,557,20,
1244,638,17,
1244,802,17,
1244,878,17,
1246,31,18,
1246,77,18,
1247,62,10,
1247,73,11,
1247,619,10,
1247,630,11,
1248,45,16,
1248,103,16,
1248,228,4,
1248,476,16,
1248,616,3,
1248,801,3,
1248,992,3,
1248,1015,16,
1248,1388,16,
1249,42,23,
1249,223,49,
1249,444,31,
1249,710,15,
1249,828,23,
1249,873,20,
1249,1023,20,
1249,67,11,
1249,94,8,
1250,66,17,
1251,358,20,
1251,475,11,
1251,444,21,
1252,23,21,
1252,105,21,
1252,206,13,
1252,365,13,
1252,478,13,
1252,577,13,
1252,644,21,
1253,59,10,
1253,70,11,
1253,221,10,
1253,232,11,
1253,790,10,
1253,801,11,
1254,473,20,
1254,165,21,
1255,66,8,
1255,154,8,
1255,431,8,
1255,504,8,
1255,758,8,
1255,779,8,
1255,1185,9,
1256,206,18,
1257,67,15,
1257,91,16,
1257,195,15,
1257,559,11,
1257,1004,23,
1258,57,18,
1258,24,21,
1259,71,23,
1259,100,23,
1259,170,11,
1260,569,15,
1263,18,12,
1263,203,18,
1263,1722,18,
1264,49,15,
1264,361,33,
1264,525,15,
1264,836,17,
1264,1219,17,
1264,1321,15,
1264,121,16,
1265,1212,28,
1265,331,3,
1265,411,11,
1265,869,3,
1265,941,16,
1265,1177,3,
1265,1295,3,
1266,136,14,
1266,250,13,
1266,284,21,
1266,861,14,
1267,72,17,
1267,183,21,
1267,274,17,
1267,293,4,
1267,445,3,
1267,698,3,
1267,1166,3,
1267,1252,3,
1268,29,17,
1268,115,17,
1268,169,37,
1268,545,17,
1268,705,17,
1268,972,17,
1269,17,21,
1269,340,13,
1269,364,11,
1270,0,21,
1270,216,13,
1270,311,21,
1270,335,3,
1270,1270,3,
1271,160,13,
1271,452,26,
1271,1453,46,
1271,139,15,
1271,1336,15,
1271,1538,15,
1272,800,45,
1272,158,4,
1272,395,3,
1272,558,3,
1272,788,5,
1273,137,6,
1273,1397,12,
1276,11,11,
1276,247,10,
1276,258,11,
1277,190,30,
1277,291,21,
1277,481,7,
1277,612,6,
1277,1032,6,
1277,1243,6,
1278,144,14,
1278,193,14,
1280,575,5,
1280,684,4,
1281,38,30,
1281,393,30,
1282,71,21,
1282,14,12,
1282,102,12,
1282,125,4,
1282,452,3,
1282,579,12,
1282,612,3,
1282,767,3,
1282,1119,12,
1282,1149,3,
1282,1444,12,
1282,1471,3,
1282,1688,3,
1283,342,30,
1283,407,7,
1285,16,23,
1285,89,21,
1285,357,21,
1285,380,4,
1285,557,3,
1285,919,3,
1285,1643,3,
1286,146,29,
1287,65,8,
1287,74,20,
1287,96,8,
1287,105,20,
1287,127,6,
1287,216,20,
1287,246,5,
1287,253,5,
1287,328,6,
1287,467,5,
1287,474,4,
1287,552,4,
1287,595,5,
1287,823,5,
1287,858,5,
1287,911,5,
1287,1049,4,
1287,1149,5,
1287,1313,5,
1288,37,21,
1288,81,13,
1288,215,26,
1288,546,13,
1288,707,14,
1288,848,13,
1288,1030,13,
1290,35,14,
1290,145,14,
1290,51,18,
1290,651,5,
1290,1308,4,
1291,128,21,
1291,589,30,
1291,881,14,
1292,1068,39,
1292,245,5,
1293,28,18,
1293,145,18,
1293,1107,18,
1294,235,8,
1295,97,13,
1295,58,5,
1295,121,18,
1295,214,13,
1295,1634,13,
1295,1856,13,
1295,233,8,
1295,638,5,
1296,100,4,
1296,111,18,
1296,284,3,
1296,417,3,
1296,641,3,
1296,786,3,
1296,914,3,
1298,0,13,
1298,95,13,
1298,270,13,
1298,1148,13,
1298,1412,13,
1299,79,20,
1299,229,20,
1299,453,20,
1299,806,24,
1299,994,20,
1300,175,28,
1300,148,4,
1300,361,3,
1300,561,3,
1300,774,4,
1301,60,18,
1301,148,18,
1302,1408,32,
1304,4,39,
1304,47,13,
1304,105,39,
1304,329,12,
1304,146,5,
1304,195,19,
1304,216,12,
1304,386,4,
1304,716,4,
1304,995,4,
1305,349,21,
1305,435,21,
1305,1341,13,
1305,1502,13,
1305,1520,13,
1306,210,12,
1306,288,5,
1306,607,14,
1306,629,5,
1306,648,5,
1306,793,4,
1306,897,11,
1306,964,4,
1307,35,18,
1307,115,28,
1307,191,18,
1307,584,18,
1307,916,18,
1307,219,5,
1307,496,4,
1307,777,4,
1308,125,14,
1308,1129,23,
1308,1197,9,
1308,1355,14,
1308,1522,14,
1308,199,16,
1309,145,17,
1310,126,20,
1310,722,20,
1310,744,4,
1310,1331,3,
1312,25,18,
1312,92,17,
1312,115,18,
1312,135,4,
1312,457,3,
1312,643,3,
1312,695,3,
1312,1181,3,
1312,1233,3,
1313,53,21,
1313,75,10,
1313,140,21,
1313,162,16,
1314,96,13,
1314,162,26,
1314,702,20,
1314,931,26,
1314,133,6,
1314,239,5,
1314,345,5,
1315,115,29,
1315,989,38,
1315,1605,29,
1317,31,19,
1321,531,20,
1321,20,8,
1321,161,8,
1321,241,9,
1321,389,9,
1321,565,8,
1321,1274,8,
1322,110,14,
1322,220,24,
1322,415,24,
1322,947,11,
1322,2051,24,
1322,562,8,
1322,1047,8,
1322,1876,8,
1323,97,5,
1323,244,14,
1323,432,20,
1323,273,6,
1323,715,5,
1323,905,5,
1323,1232,5,
1324,63,18,
1324,506,18,
1324,526,4,
1324,1647,3,
1325,40,16,
1325,126,11,
1325,735,16,
1325,1071,16,
1325,182,5,
1326,33,14,
1326,136,14,
1326,566,11,
1326,1177,14,
1326,1437,17,
1327,902,17,
1327,137,21,
1327,923,21,
1327,1031,5,
1327,1495,5,
1327,1617,5,
1328,16,7,
1328,1604,16,
1328,348,7,
1328,383,4,
1328,684,4,
1328,1110,4,
1332,206,18,
1332,350,14,
1332,329,5,
1332,391,5,
1332,454,5,
1332,799,5,
1332,883,5,
1332,1054,5,
1335,161,17,
1336,1281,18,
1337,261,12,
1337,727,18,
1338,350,13,
1338,1846,13,
1339,68,14,
1339,173,14,
1339,209,4,
1339,1183,4,
1339,1478,4,
1339,1712,4,
1340,117,21,
1340,173,24,
1340,1312,30,
1340,140,12,
1340,163,4,
1340,222,9,
1340,309,11,
1340,431,3,
1340,561,6,
1340,705,5,
1340,839,3,
1340,1221,3,
1340,1574,3,
1340,1618,9,
1340,1629,11,
1340,1810,3,
1340,1990,18,
1341,126,19,
1341,153,17,
1341,299,12,
1341,583,13,
1341,645,13,
1341,804,16,
1341,260,11,
1342,959,20,
1343,29,12,
1343,60,7,
1343,1186,12,
1343,214,7,
1343,273,5,
1343,311,4,
1343,895,7,
1343,1244,7,
1344,167,13,
1344,997,24,
1345,25,16,
1345,108,41,
1345,392,16,
1345,551,16,
1346,536,12,
1347,1148,53,
1348,27,21,
1348,173,21,
1348,338,5,
1348,569,5,
1348,1179,5,
1349,0,4,
1349,99,4,
1349,247,4,
1349,386,4,
1349,436,3,
1349,632,5,
1349,1003,4,
1349,1074,4,
1350,550,7,
1350,1071,8,
1351,102,28,
1351,285,28,
1351,706,18,
1351,1069,22,
1351,316,3,
1351,474,8,
1351,578,3,
1352,1052,18,
1352,1185,18,
1353,49,4,
1353,73,18,
1353,223,9,
1353,248,4,
1353,382,4,
1353,434,18,
1353,603,5,
1353,822,5,
1353,926,3,
1353,1042,4,
1354,236,18,
1355,414,15,
1355,1257,15,
1356,42,21,
1357,68,5,
1357,154,14,
1357,619,14,
1357,123,5,
1357,227,15,
1357,578,5,
1357,866,5,
1357,903,15,
1358,36,8,
1358,45,11,
1358,163,11,
1358,310,11,
1358,1331,20,
1358,103,8,
1358,112,11,
1358,489,8,
1359,282,6,
1361,119,18,
1361,174,18,
1362,34,14,
1362,143,14,
1362,341,14,
1362,656,14,
1362,714,14,
1362,912,14,
1362,1010,14,
1362,1169,13,
1362,228,5,
1363,0,21,
1363,129,21,
1363,153,3,
1363,249,3,
1363,326,3,
1363,576,3,
1363,1013,8,
1363,1116,3,
1365,61,21,
1365,235,18,
1365,577,13,
1365,84,12,
1365,107,4,
1365,202,9,
1365,371,3,
1365,475,5,
1365,514,3,
1365,547,3,
1365,975,3,
1365,1114,7,
1365,1200,3,
1365,1256,3,
1365,1287,6,
1366,73,14,
1366,189,14,
1366,430,14,
1367,71,13,
1367,131,8,
1369,25,40,
1369,121,30,
1369,185,17,
1369,230,21,
1369,454,14,
1371,118,4,
1372,116,19,
1372,384,17,
1372,137,11,
1372,158,4,
1372,237,14,
1372,694,3,
1372,1126,14,
1372,1224,14,
1373,0,8,
1373,125,8,
1373,190,8,
1373,593,8,
1374,780,13,
1374,1090,24,
1374,1224,10,
1376,77,18,
1376,283,18,
1376,303,4,
1378,24,13,
1378,158,13,
1378,278,13,
1378,438,13,
1378,471,14,
1378,521,22,
1378,634,13,
1379,0,16,
1379,73,25,
1379,236,14,
1380,75,14,
1380,36,5,
1380,107,4,
1380,252,5,
1380,273,5,
1380,393,3,
1380,672,15,
1380,700,5,
1380,1347,5,
1381,1327,13,
1381,222,11,
1382,83,21,
1382,433,21,
1383,16,21,
1383,58,21,
1383,158,24,
1383,217,21,
1383,569,9,
1385,123,17,
1385,443,17,
1385,518,17,
1385,612,17,
1385,731,17,
1385,1062,22,
1385,1093,25,
1385,1369,12,
1385,1648,17,
1385,1849,17,
1385,1701,16,
1386,38,8,
1386,47,20,
1386,638,46,
1386,1851,15,
1386,69,22,
1386,93,6,
1386,355,4,
1386,489,6,
1386,775,15,
1386,830,18,
1386,1172,13,
1386,1335,6,
1386,1548,13,
1387,171,14,
1388,64,30,
1388,25,5,
1388,107,30,
1388,1162,23,
1388,1279,51,
1388,256,5,
1388,612,5,
1388,1057,5,
1388,1592,5,
1389,794,29,
1389,114,7,
1389,468,7,
1389,617,7,
1390,739,19,
1390,374,3,
1392,609,23,
1394,0,3,
1394,529,3,
1394,572,5,
1394,579,4,
1394,771,3,
1394,804,4,
1394,1007,4,
1394,1022,5,
1394,1248,5,
1394,1283,4,
1397,69,12,
1397,214,3,
1397,807,3,
1397,917,3,
1397,1269,3,
1397,1555,12,
1397,1575,3,
1397,1676,3,
1397,1718,12,
1399,76,30,
1399,72,3,
1399,250,9,
1399,344,12,
1399,631,12,
1399,1201,12,
1401,854,13,
1401,120,5,
1401,192,4,
1401,384,4,
1401,1085,4,
1402,96,15,
1402,363,15,
1402,427,15,
1402,644,15,
1402,932,15,
1402,1281,15,
1402,1451,15,
1402,1548,15,
1404,72,6,
1404,226,6,
1405,415,26,
1406,93,20,
1406,158,20,
1407,68,18,
1407,118,18,
1408,1487,7,
1409,64,14,
1409,88,14,
1409,104,4,
1409,128,18,
1409,173,6,
1409,459,3,
1409,632,3,
1409,745,3,
1409,961,3,
1409,1080,3,
1409,1318,3,
1409,1426,3,
1410,24,25,
1410,160,16,
1410,285,25,
1410,1171,25,
1410,114,15,
1411,197,24,
1411,1550,15,
1411,1692,15,
1412,30,10,
1412,583,10,
1412,935,10,
1412,1249,10,
1413,120,21,
1413,53,4,
1413,656,3,
1413,846,3,
1413,945,3,
1413,1249,3,
1415,1541,22,
1415,257,21,
1417,18,21,
1417,287,21,
1417,193,5,
1417,311,3,
1417,380,3,
1417,520,5,
1417,555,3,
1417,627,6,
1417,768,3,
1419,49,37,
1419,108,31,
1419,618,15,
1419,727,15,
1419,1169,15,
1419,923,5,
1419,1011,6,
1421,147,10,
1421,486,18,
1422,7,5,
1422,103,4,
1422,179,30,
1422,210,48,
1422,618,17,
1422,260,5,
1422,553,4,
1422,716,5,
1422,798,4,
1422,844,5,
1422,924,4,
1422,1036,5,
1422,1368,5,
1422,1479,4,
1423,569,15,
1425,111,14,
1425,284,14,
1425,769,14,
1425,234,5,
1425,708,5,
1427,81,19,
1428,173,5,
1428,378,4,
1428,415,4,
1428,683,4,
1428,868,4,
1428,1013,4,
1428,1053,4,
1428,1114,4,
1428,1207,4,
1430,461,18,
1430,835,18,
1430,1223,16,
1431,42,17,
1431,290,17,
1431,309,11,
1431,76,8,
1431,85,20,
1431,112,8,
1431,605,8,
1431,614,20,
1431,655,21,
1432,53,16,
1432,118,18,
1432,756,6,
1432,1597,16,
1434,714,18,
1434,1193,18,
1435,1574,21,
1437,119,31,
1438,20,5,
1438,185,5,
1438,418,5,
1438,526,5,
1438,713,5,
1439,283,20,
1440,7,11,
1440,407,15,
1440,1060,15,
1440,1599,11,
1441,477,14,
1442,20,24,
1442,96,7,
1442,207,19,
1442,688,24,
1442,132,7,
1442,451,7,
1443,103,31,
1443,306,31,
1443,937,11,
1443,339,5,
1443,382,7,
1443,748,4,
1443,849,4,
1443,918,4,
1443,1089,4,
1444,173,18,
1445,1967,4,
1446,17,33,
1447,542,16,
1450,488,15,
1451,37,4,
1451,199,7,
1451,356,4,
1451,400,6,
1451,490,6,
1451,735,4,
1451,805,5,
1451,862,4,
1451,916,6,
1451,987,4,
1451,1060,4,
1451,1252,4,
1451,1507,18,
1451,1542,6,
1453,128,20,
1453,209,26,
1453,312,10,
1454,899,19,
1454,993,15,
1454,1210,29,
1455,45,5,
1455,141,5,
1455,1096,5,
1456,877,18,
1456,272,5,
1457,1046,19,
1458,42,9,
1458,103,36,
1458,281,23,
1458,62,9,
1458,81,4,
1458,511,3,
1458,1017,3,
1458,1300,17,
1458,1346,13,
1459,98,17,
1459,209,17,
1459,349,26,
1459,496,17,
1459,797,17,
1459,969,15,
1459,1421,17,
1460,64,49,
1460,147,30,
1460,179,7,
1460,264,6,
1460,466,6,
1460,511,18,
1460,987,6,
1461,17,15,
1461,53,15,
1461,100,15,
1461,405,15,
1462,25,24,
1462,80,15,
1463,102,14,
1463,15,5,
1463,200,5,
1463,446,5,
1463,743,5,
1463,1027,5,
1463,1307,5,
1464,66,14,
1464,121,14,
1464,241,18,
1464,352,21,
1464,716,34,
1464,874,18,
1466,168,4,
1466,403,3,
1466,521,3,
1466,913,3,
1467,517,21,
1467,553,25,
1468,0,12,
1469,281,19,
1469,458,19,
1469,178,4,
1469,183,4,
1469,596,4,
1469,600,4,
1470,75,4,
1470,289,18,
1470,309,5,
1470,521,4,
1471,48,21,
1471,88,14,
1473,35,14,
1473,67,13,
1473,250,23,
1473,551,17,
1473,1061,14,
1473,143,13,
1473,925,13,
1473,997,6,
1473,1275,6,
1474,295,45,
1474,659,17,
1474,1670,14,
1475,492,13,
1475,565,13,
1477,194,13,
1478,38,13,
1479,69,13,
1479,162,13,
1479,1024,13,
1479,184,21,
1480,24,17,
1481,0,12,
1482,11,18,
1482,170,18,
1482,190,4,
1482,347,3,
1482,406,3,
1482,1384,3,
1482,1720,3,
1484,60,22,
1484,298,4,
1484,434,3,
1484,597,3,
1484,671,3,
1484,730,3,
1484,851,3,
1484,955,3,
1487,11,11,
1490,78,14,
1490,56,17,
1490,726,14,
1490,765,14,
1490,614,17,
1490,633,5,
1490,745,4,
1490,756,4,
1491,40,13,
1491,1,22,
1491,702,13,
1491,809,13,
1491,919,13,
1491,1022,13,
1491,1089,13,
1491,388,21,
1492,35,19,
1492,80,11,
1492,1447,18,
1494,86,4,
1494,261,22,
1494,285,4,
1494,602,3,
1494,689,3,
1494,990,3,
1494,1043,3,
1495,212,5,
1495,635,4,
1495,991,4,
1495,1157,4,
1495,1309,4,
1495,1806,4,
1496,488,21,
1497,73,18,
1497,259,18,
1498,17,14,
1498,126,14,
1498,241,14,
1498,461,14,
1498,429,5,
1498,987,5,
1498,1520,5,
1499,432,9,
1499,456,11,
1499,543,10,
1500,493,4,
1500,739,12,
1501,93,13,
1501,444,23,
1501,1670,13,
1501,108,5,
1501,128,8,
1501,543,5,
1501,663,5,
1501,848,5,
1501,1339,5,
1502,69,13,
1502,196,13,
1502,507,13,
1502,714,13,
1502,786,13,
1502,808,14,
1502,927,14,
1502,1024,13,
1502,1056,14,
1502,1100,14,
1502,1289,23,
1502,1475,14,
1502,1534,13,
1503,107,16,
1503,98,5,
1503,167,16,
1503,195,6,
1503,537,18,
1503,639,5,
1503,1344,5,
1504,39,24,
1504,126,24,
1504,163,17,
1504,696,8,
1507,33,22,
1507,157,25,
1507,127,4,
1507,228,4,
1507,703,3,
1507,823,3,
1507,927,3,
1507,1332,3,
1507,1737,3,
1508,395,13,
1511,6,33,
1511,78,4,
1512,16,13,
1512,423,13,
1513,104,4,
1513,147,14,
1513,163,5,
1513,317,4,
1513,874,4,
1513,1686,4,
1514,13,15,
1514,197,15,
1514,867,29,
1514,1229,15,
1514,751,11,
1515,53,13,
1515,148,20,
1515,513,13,
1515,1040,18,
1516,642,4,
1517,345,5,
1518,114,17,
1519,70,11,
1519,163,11,
1519,922,11,
1522,66,8,
1522,75,20,
1522,151,26,
1522,97,8,
1522,106,20,
1522,211,20,
1522,399,5,
1526,90,33,
1526,187,32,
1526,264,5,
1526,500,11,
1528,84,8,
1528,93,20,
1528,160,8,
1528,169,20,
1528,191,6,
1528,654,4,
1528,1638,5,
1529,147,5,
1529,231,11,
1529,372,4,
1529,405,8,
1529,882,8,
1529,894,4,
1529,1006,8,
1530,19,13,
1530,82,13,
1531,23,8,
1531,32,20,
1531,123,21,
1531,54,8,
1531,63,20,
1531,85,6,
1531,214,6,
1531,250,5,
1531,306,4,
1531,484,4,
1531,514,5,
1531,571,4,
1531,579,5,
1531,654,5,
1531,681,5,
1531,799,5,
1532,23,20,
1532,722,18,
1532,163,20,
1532,1109,13,
1534,43,39,
1534,87,17,
1534,161,22,
1534,194,17,
1534,988,12,
1536,944,30,
1536,979,13,
1536,1058,11,
1537,114,21,
1537,213,16,
1537,289,21,
1537,1051,21,
1538,98,29,
1538,88,5,
1538,277,26,
1538,316,14,
1538,357,14,
1538,408,14,
1538,621,13,
1538,849,13,
1538,1098,25,
1538,1294,25,
1538,1379,13,
1538,1549,19,
1538,1633,13,
1538,675,5,
1538,883,5,
1539,41,15,
1539,745,18,
1539,424,14,
1539,927,18,
1541,10,5,
1541,441,13,
1541,734,13,
1541,461,5,
1542,143,3,
1542,302,3,
1542,352,3,
1542,893,3,
1544,553,34,
1544,888,17,
1544,1345,17,
1545,56,20,
1545,105,13,
1545,222,20,
1545,758,20,
1545,165,13,
1549,67,8,
1549,76,20,
1549,1486,25,
1549,110,8,
1549,119,20,
1549,141,6,
1549,278,5,
1549,515,5,
1549,566,14,
1549,980,8,
1549,1612,5,
1549,1714,14,
1550,66,17,
1551,56,17,
1551,77,21,
1551,175,17,
1551,201,21,
1551,224,4,
1551,321,3,
1551,514,3,
1551,627,3,
1551,1061,3,
1554,7,15,
1554,109,15,
1554,591,15,
1554,1387,12,
1555,8,19,
1555,217,10,
1555,260,30,
1555,737,23,
1555,1322,11,
1555,127,13,
1555,309,17,
1556,12,14,
1556,119,21,
1557,100,25,
1557,59,5,
1557,964,11,
1557,604,5,
1557,1457,13,
1558,517,14,
1559,670,18,
1559,702,20,
1559,833,9,
1559,956,9,
1559,1011,9,
1560,921,20,
1560,319,13,
1562,170,14,
1562,1541,14,
1563,22,4,
1563,56,11,
1563,182,14,
1563,206,13,
1563,343,13,
1563,402,14,
1563,505,13,
1563,592,13,
1563,727,13,
1563,756,16,
1563,853,13,
1563,1375,13,
1563,138,4,
1563,301,4,
1563,464,4,
1563,689,5,
1563,1314,4,
1563,1343,11,
1564,93,5,
1565,77,14,
1565,97,5,
1565,131,19,
1565,286,14,
1565,174,5,
1565,746,5,
1565,902,5,
1565,1111,5,
1565,1546,5,
1566,0,5,
1568,153,17,
1568,295,26,
1568,350,17,
1568,422,34,
1568,270,11,
1569,91,15,
1570,44,8,
1570,155,8,
1570,287,16,
1570,304,8,
1570,796,8,
1571,260,23,
1571,196,4,
1571,251,3,
1571,566,3,
1571,659,3,
1571,1064,3,
1571,1551,3,
1571,1724,3,
1571,1904,3,
1572,39,19,
1572,464,18,
1572,77,11,
1572,683,18,
1572,1540,18,
1574,123,18,
1574,179,17,
1574,329,13,
1576,1487,20,
1576,1562,27,
1576,1098,5,
1576,1113,4,
1576,1533,7,
1577,19,14,
1577,111,14,
1577,175,14,
1577,452,14,
1578,11,28,
1579,465,18,
1579,507,17,
1579,485,4,
1579,533,3,
1579,1129,3,
1579,1520,3,
1581,23,14,
1581,150,30,
1582,331,12,
1582,270,15,
1584,256,22,
1584,98,5,
1584,319,4,
1584,453,4,
1584,738,8,
1584,748,10,
1584,852,14,
1584,868,15,
1585,21,21,
1585,176,20,
1585,383,39,
1585,129,21,
1585,504,21,
1585,871,4,
1585,989,21,
1585,1313,4,
1585,1417,21,
1587,0,20,
1587,941,16,
1587,1106,22,
1587,22,8,
1587,31,20,
1587,156,4,
1587,175,4,
1587,238,6,
1587,257,5,
1587,501,13,
1587,692,21,
1587,1224,21,
1588,3,20,
1588,63,19,
1591,170,4,
1591,360,3,
1591,473,3,
1591,619,3,
1591,677,3,
1591,770,3,
1591,836,3,
1591,968,3,
1591,1133,3,
1591,1162,5,
1591,1185,3,
1591,1201,3,
1591,1337,3,
1591,1410,3,
1591,1448,3,
1592,0,11,
1592,255,20,
1592,277,4,
1592,285,11,
1592,337,3,
1593,557,12,
1593,777,4,
1594,0,8,
1594,68,8,
1594,510,8,
1594,1165,12,
1594,1307,6,
1594,1329,4,
1594,1637,15,
1600,55,14,
1600,134,19,
1600,158,14,
1600,382,13,
1600,434,13,
1600,783,14,
1600,1300,14,
1600,1418,13,
1600,1586,13,
1600,261,5,
1602,418,4,
1602,773,13,
1603,208,14,
1603,949,14,
1603,494,13,
1603,891,13,
1603,970,13,
1603,1201,13,
1604,0,11,
1605,208,12,
1605,563,4,
1607,20,30,
1607,969,27,
1607,538,15,
1608,86,15,
1608,256,15,
1608,590,15,
1608,1281,15,
1608,1841,15,
1608,200,14,
1609,26,5,
1609,33,5,
1609,40,6,
1609,54,6,
1609,97,12,
1609,132,12,
1609,194,21,
1609,251,5,
1609,261,5,
1609,328,5,
1609,375,6,
1609,388,6,
1609,479,12,
1609,642,12,
1609,770,12,
1609,848,6,
1609,862,6,
1609,951,6,
1609,1027,12,
1610,164,14,
1612,28,14,
1612,165,17,
1612,337,21,
1612,448,13,
1612,525,13,
1613,43,25,
1613,205,10,
1615,1147,18,
1615,376,5,
1615,420,4,
1615,684,4,
1615,707,4,
1615,768,4,
1615,832,4,
1615,936,4,
1615,1199,4,
1615,1292,4,
1616,105,18,
1616,159,18,
1616,210,17,
1616,179,4,
1616,397,3,
1616,542,3,
1616,649,3,
1616,1459,3,
1616,1577,3,
1617,76,14,
1617,212,5,
1618,1544,18,
1619,45,15,
1619,315,26,
1619,463,19,
1619,711,60,
1619,1304,3,
1619,1655,3,
1620,121,18,
1620,482,18,
1620,859,18,
1620,1634,18,
1620,1753,18,
1620,1494,16,
1621,35,6,
1621,66,18,
1621,208,6,
1621,452,6,
1622,1529,28,
1622,114,6,
1622,490,18,
1622,519,18,
1622,958,12,
1622,1089,18,
1623,282,12,
1624,34,15,
1624,405,15,
1624,658,15,
1624,1113,24,
1624,1191,15,
1624,1227,24,
1627,78,14,
1627,125,14,
1627,172,15,
1627,797,13,
1627,141,5,
1627,216,4,
1627,260,4,
1627,326,4,
1627,402,4,
1627,1408,4,
1627,1417,4,
1627,1796,4,
1627,1805,4,
1628,0,11,
1628,205,11,
1628,744,20,
1628,113,11,
1628,353,21,
1629,88,21,
1629,248,17,
1629,696,21,
1629,267,4,
1629,355,3,
1629,438,3,
1629,522,3,
1629,678,3,
1629,1503,3,
1630,0,11,
1630,220,20,
1630,242,4,
1630,646,18,
1631,96,12,
1631,200,4,
1631,208,12,
1631,297,12,
1631,423,3,
1631,938,3,
1631,960,12,
1631,1053,12,
1632,29,21,
1632,51,20,
1632,99,9,
1632,135,27,
1632,220,25,
1635,40,16,
1635,131,18,
1635,153,4,
1635,259,4,
1635,397,4,
1635,495,4,
1635,903,4,
1635,1054,4,
1635,1094,4,
1635,1184,4,
1635,1189,4,
1635,1246,4,
1635,1276,4,
1635,1368,4,
1635,1465,4,
1635,1473,4,
1636,39,17,
1636,273,18,
1636,315,18,
1636,884,4,
1637,127,18,
1638,128,16,
1638,292,15,
1638,645,15,
1638,1861,20,
1638,256,4,
1638,346,14,
1638,485,3,
1638,667,3,
1638,752,3,
1638,878,3,
1638,1087,3,
1638,1669,3,
1640,26,24,
1641,29,14,
1641,416,14,
1642,62,5,
1642,292,14,
1642,666,14,
1642,502,5,
1642,1226,5,
1642,1427,5,
1645,152,35,
1645,340,21,
1645,1328,10,
1645,212,4,
1645,698,13,
1646,55,5,
1646,727,5,
1647,35,15,
1647,479,15,
1647,1415,15,
1648,1,9,
1649,989,18,
1649,1036,17,
1649,1065,22,
1649,1376,18,
1650,45,13,
1650,112,27,
1650,1149,14,
1653,609,17,
1653,251,16,
1653,344,16,
1653,994,16,
1653,1212,16,
1655,84,12,
1655,180,21,
1655,437,12,
1655,1439,18,
1658,422,20,
1660,222,17,
1660,660,12,
1660,317,9,
1660,355,11,
1660,551,15,
1660,933,11,
1660,1039,10,
1661,27,10,
1662,21,22,
1662,183,21,
1662,219,22,
1662,113,8,
1663,292,14,
1663,750,14,
1663,871,14,
1663,264,11,
1664,40,5,
1664,783,18,
1664,343,5,
1664,401,5,
1664,470,5,
1664,679,5,
1664,833,5,
1664,1537,5,
1664,1682,5,
1664,1841,5,
1665,50,14,
1665,144,14,
1665,1109,21,
1665,1177,14,
1665,1282,21,
1665,1418,11,
1665,1524,11,
1665,1682,14,
1665,1862,24,
1665,249,4,
1667,34,18,
1668,68,20,
1668,252,14,
1668,329,13,
1668,420,20,
1668,631,20,
1668,205,5,
1670,110,14,
1670,192,16,
1671,941,16,
1672,106,8,
1673,64,17,
1673,0,8,
1673,9,20,
1673,682,16,
1673,861,16,
1673,1578,16,
1673,121,20,
1673,187,13,
1673,554,21,
1673,1423,21,
1674,43,20,
1674,205,20,
1674,455,20,
1674,1803,20,
1675,473,11,
1675,653,23,
1675,1359,56,
1675,1754,15,
1675,1108,15,
1675,1453,15,
1675,2246,24,
1676,84,34,
1676,182,19,
1676,169,3,
1676,236,3,
1676,583,3,
1676,629,3,
1676,748,3,
1676,1004,3,
1676,1111,3,
1676,1324,3,
1676,1464,11,
1676,1534,3,
1676,1736,3,
1678,64,14,
1678,18,5,
1678,196,29,
1678,239,14,
1678,345,22,
1678,821,14,
1678,983,13,
1678,1047,13,
1678,1460,29,
1678,1503,14,
1678,185,5,
1678,602,5,
1678,911,5,
1678,1407,5,
1679,103,16,
1679,398,14,
1679,657,15,
1679,766,16,
1680,75,24,
1680,867,31,
1680,965,24,
1680,605,14,
1680,1144,14,
1680,1717,8,
1681,41,6,
1681,48,12,
1681,134,12,
1681,191,5,
1681,236,21,
1681,330,6,
1681,390,8,
1681,449,5,
1681,560,6,
1681,567,12,
1681,643,12,
1681,830,12,
1681,853,5,
1681,880,5,
1681,946,12,
1681,1001,5,
1681,1161,12,
1681,1208,5,
1681,1233,12,
1682,52,21,
1682,166,21,
1683,111,17,
1683,130,4,
1683,1903,3,
1685,244,18,
1685,659,17,
1685,1216,17,
1685,1346,3,
1685,1406,3,
1686,4,21,
1686,136,21,
1686,782,21,
1686,1548,25,
1686,1595,21,
1686,1234,18,
1687,101,14,
1687,268,20,
1687,175,5,
1687,953,5,
1689,20,36,
1689,245,14,
1690,32,13,
1690,73,25,
1690,726,9,
1692,52,26,
1692,100,19,
1692,376,39,
1693,9,17,
1693,37,22,
1693,182,20,
1693,843,13,
1694,0,4,
1694,205,13,
1694,491,13,
1694,1042,13,
1694,194,4,
1694,276,9,
1694,360,4,
1694,580,4,
1694,624,4,
1696,1638,16,
1696,287,8,
1698,440,35,
1698,815,14,
1698,1383,14,
1698,1679,35,
1698,1742,13,
1698,1982,14,
1699,117,5,
1699,399,20,
1699,1162,14,
1699,1264,14,
1699,169,15,
1699,202,5,
1699,381,12,
1699,483,12,
1699,760,18,
1699,946,12,
1699,1085,5,
1700,23,8,
1701,40,21,
1701,87,12,
1701,110,4,
1701,159,9,
1701,197,11,
1701,258,3,
1701,380,3,
1701,573,3,
1701,612,3,
1701,1732,3,
1703,58,22,
1703,112,13,
1703,428,22,
1703,704,32,
1705,77,14,
1705,154,5,
1706,109,15,
1706,146,15,
1706,743,15,
1707,27,47,
1707,88,33,
1707,1343,28,
1707,1708,31,
1707,341,11,
1707,1192,11,
1707,1750,13,
1708,44,14,
1708,118,13,
1708,616,4,
1708,631,4,
1708,1134,4,
1708,1387,4,
1709,64,3,
1709,417,14,
1709,196,3,
1709,339,3,
1709,367,3,
1709,484,3,
1709,748,3,
1709,768,3,
1709,1233,5,
1710,587,16,
1710,1099,4,
1714,636,12,
1714,704,12,
1715,17,16,
1715,960,13,
1715,1003,13,
1715,1347,16,
1715,1624,16,
1715,1765,16,
1715,1290,4,
1715,1675,4,
1716,532,5,
1716,542,4,
1716,564,3,
1716,1029,3,
1716,1285,3,
1716,1310,5,
1717,27,24,
1717,84,20,
1717,53,15,
1717,207,15,
1717,1139,15,
1718,51,21,
1718,133,21,
1718,156,4,
1718,335,3,
1718,433,3,
1718,514,3,
1718,872,3,
1720,41,16,
1720,156,5,
1720,200,17,
1720,301,16,
1720,418,5,
1720,424,17,
1720,452,18,
1720,860,5,
1720,1109,5,
1720,1282,5,
1720,1649,5,
1722,0,8,
1722,18,13,
1722,97,8,
1722,115,13,
1722,130,5,
1722,410,13,
1722,813,15,
1722,1376,13,
1722,1476,4,
1722,1631,13,
1722,1784,4,
1723,53,8,
1723,62,20,
1723,84,8,
1723,93,20,
1723,115,6,
1723,183,21,
1723,238,6,
1723,246,5,
1723,301,18,
1723,536,5,
1723,587,17,
1723,616,5,
1723,753,4,
1723,840,5,
1723,1248,5,
1723,1457,5,
1725,386,25,
1725,953,15,
1725,1099,15,
1725,290,18,
1729,162,3,
1729,389,3,
1731,149,24,
1733,386,4,
1733,438,3,
1733,559,10,
1733,777,3,
1734,61,5,
1734,156,5,
1734,658,5,
1735,77,21,
1735,164,21,
1735,188,3,
1736,22,21,
1736,166,27,
1736,219,15,
1736,276,9,
1736,373,28,
1736,449,30,
1736,714,11,
1736,1184,11,
1736,1290,19,
1736,1436,19,
1736,326,16,
1736,997,15,
1737,170,26,
1737,230,18,
1738,1034,4,
1739,29,44,
1739,1653,16,
1739,147,6,
1739,219,15,
1739,357,15,
1740,35,12,
1740,120,16,
1740,149,12,
1740,559,8,
1741,541,17,
1741,226,6,
1742,72,11,
1742,94,11,
1742,115,4,
1742,308,14,
1742,935,3,
1742,1066,3,
1742,1137,11,
1742,1265,11,
1743,67,19,
1744,45,5,
1744,364,11,
1744,516,14,
1744,656,5,
1744,752,5,
1744,1209,5,
1744,1387,5,
1745,60,21,
1745,179,21,
1745,234,16,
1746,66,6,
1746,160,6,
1746,227,4,
1746,293,3,
1746,360,6,
1746,406,3,
1746,490,6,
1746,1298,6,
1746,1342,3,
1747,95,12,
1747,306,16,
1747,222,12,
1747,472,12,
1747,656,12,
1747,1145,12,
1747,1343,12,
1748,443,6,
1748,637,18,
1748,949,16,
1748,990,18,
1749,65,30,
1749,126,21,
1749,221,21,
1749,160,18,
1753,61,25,
1753,120,25,
1754,102,14,
1754,304,5,
1754,456,16,
1754,639,4,
1754,901,4,
1754,1185,4,
1754,1779,16,
1755,143,14,
1756,0,20,
1756,138,20,
1756,168,4,
1756,195,8,
1756,303,3,
1756,406,12,
1756,944,3,
1756,967,12,
1756,1211,3,
1757,276,14,
1758,29,21,
1759,793,8,
1760,429,18,
1761,25,15,
1761,54,15,
1762,0,8,
1762,165,25,
1762,104,8,
1762,1507,18,
1763,69,13,
1763,10,5,
1764,199,21,
1764,465,16,
1764,572,20,
1764,980,30,
1764,1016,13,
1764,1162,10,
1764,1284,10,
1767,518,14,
1768,97,14,
1768,149,28,
1769,299,22,
1769,166,8,
1769,866,10,
1770,34,22,
1770,120,13,
1770,158,27,
1770,615,18,
1771,718,15,
1772,32,8,
1772,71,12,
1772,141,12,
1772,193,8,
1772,534,12,
1772,710,8,
1772,1158,12,
1772,1519,12,
1773,40,28,
1773,311,17,
1773,350,28,
1773,1091,28,
1773,171,9,
1773,823,9,
1773,1004,9,
1774,135,23,
1774,302,24,
1774,842,14,
1774,366,24,
1774,552,23,
1774,745,23,
1774,798,24,
1774,1289,23,
1774,1737,24,
1774,2013,23,
1775,1192,20,
1775,1289,20,
1775,1562,17,
1776,39,18,
1776,122,12,
1776,261,18,
1776,645,18,
1776,162,12,
1776,195,7,
1776,331,12,
1776,345,13,
1778,15,16,
1779,86,21,
1779,815,13,
1779,1139,13,
1779,1177,13,
1780,38,17,
1780,157,17,
1780,603,17,
1780,835,17,
1781,365,12,
1781,859,8,
1782,44,17,
1782,0,8,
1782,9,20,
1782,675,6,
1782,722,8,
1782,731,20,
1782,753,6,
1783,14,11,
1783,229,15,
1784,120,5,
1784,602,4,
1784,666,4,
1785,488,17,
1786,71,9,
1786,491,17,
1786,520,16,
1786,608,17,
1786,672,16,
1787,29,30,
1787,153,12,
1787,329,15,
1787,349,30,
1787,585,21,
1787,729,15,
1788,580,26,
1788,1042,13,
1788,1056,12,
1788,1112,19,
1788,1141,20,
1788,1243,17,
1788,1396,27,
1788,215,14,
1788,1080,13,
1788,1172,13,
1788,1425,4,
1788,1457,3,
1788,1488,3,
1788,1495,15,
1789,99,14,
1789,42,5,
1789,256,14,
1789,717,19,
1789,510,7,
1789,969,5,
1789,1901,6,
1790,80,13,
1790,36,5,
1790,147,17,
1790,420,13,
1790,564,16,
1790,686,18,
1790,135,5,
1790,191,5,
1790,638,16,
1790,656,15,
1790,821,5,
1791,85,31,
1791,338,31,
1791,371,5,
1791,865,4,
1791,949,4,
1791,1086,4,
1791,1345,4,
1792,644,15,
1792,1385,26,
1793,96,14,
1793,196,13,
1793,931,17,
1793,1630,14,
1793,1884,14,
1793,241,5,
1794,1373,21,
1795,61,17,
1797,12,17,
1797,118,17,
1797,493,17,
1797,759,17,
1797,886,17,
1797,1018,17,
1797,260,8,
1797,596,11,
1798,156,21,
1800,1073,15,
1800,1216,15,
1801,88,14,
1802,455,5,
1803,214,32,
1804,73,15,
1804,102,15,
1804,460,9,
1804,577,16,
1805,114,34,
1806,79,20,
1807,0,15,
1807,117,24,
1807,158,8,
1807,274,22,
1807,403,11,
1807,599,5,
1807,684,12,
1807,757,4,
1807,853,4,
1807,1455,9,
1807,1501,4,
1809,1482,17,
1809,640,4,
1810,162,4,
1810,370,4,
1810,452,3,
1810,610,3,
1810,655,3,
1812,167,16,
1813,1031,7,
1814,1514,11,
1815,17,33,
1815,147,24,
1815,233,30,
1815,442,21,
1815,896,20,
1816,0,8,
1816,204,18,
1816,224,22,
1816,278,20,
1816,745,24,
1816,1107,17,
1816,1246,17,
1816,1384,17,
1816,1458,21,
1816,1485,17,
1816,1778,22,
1816,136,8,
1816,255,11,
1816,1653,4,
1817,837,15,
1818,47,13,
1818,79,41,
1818,406,13,
1818,438,35,
1818,795,13,
1818,888,13,
1818,942,13,
1818,1644,13,
1818,1343,5,
1819,62,17,
1819,189,14,
1819,318,14,
1819,341,13,
1819,373,14,
1819,634,21,
1819,793,17,
1819,913,17,
1820,59,5,
1820,218,13,
1820,1401,13,
1820,355,5,
1820,985,5,
1821,36,25,
1821,211,14,
1821,264,14,
1821,366,14,
1821,419,25,
1821,937,14,
1821,1269,14,
1821,1570,14,
1821,171,5,
1821,588,5,
1821,1421,5,
1821,1636,5,
1824,15,7,
1824,292,16,
1824,448,7,
1824,614,7,
1824,1069,7,
1824,1253,7,
1825,21,24,
1825,625,18,
1825,870,20,
1825,1374,24,
1825,1662,18,
1825,1767,16,
1825,1870,18,
1826,100,24,
1826,502,12,
1826,837,38,
1826,1558,9,
1826,1789,9,
1826,2037,8,
1826,2080,9,
1826,2537,18,
1827,120,6,
1827,270,5,
1828,163,16,
1830,357,11,
1831,84,17,
1831,607,17,
1831,629,21,
1831,1558,39,
1831,652,4,
1831,1480,3,
1831,1738,11,
1832,60,21,
1832,193,21,
1832,216,4,
1832,420,3,
1832,1387,3,
1832,1498,3,
1832,1689,3,
1832,1757,3,
1832,1939,3,
1833,150,33,
1833,187,15,
1834,335,19,
1834,418,30,
1834,499,9,
1834,148,4,
1834,489,4,
1834,977,3,
1835,186,12,
1835,551,20,
1836,77,12,
1836,464,17,
1836,563,13,
1836,999,17,
1836,1341,17,
1836,1555,17,
1838,212,11,
1838,259,18,
1839,105,18,
1839,91,8,
1839,215,8,
1839,569,8,
1840,340,13,
1841,46,13,
1841,6,4,
1841,73,13,
1841,116,18,
1841,199,40,
1841,419,13,
1841,1025,13,
1841,97,8,
1841,162,4,
1841,331,11,
1841,538,4,
1841,628,4,
1841,1109,4,
1843,7,17,
1843,426,14,
1843,800,24,
1843,497,9,
1844,0,10,
1844,718,20,
1844,122,10,
1844,469,10,
1844,591,10,
1844,682,10,
1845,49,8,
1845,68,8,
1845,936,12,
1848,55,20,
1848,2152,21,
1848,221,19,
1848,1019,21,
1849,40,21,
1849,83,21,
1849,166,14,
1849,208,27,
1849,729,11,
1849,969,11,
1850,175,20,
1850,197,4,
1850,205,11,
1850,408,3,
1851,31,8,
1851,40,20,
1853,136,4,
1853,421,3,
1853,548,3,
1853,684,3,
1853,746,3,
1853,940,3,
1854,38,20,
1854,198,20,
1854,556,20,
1854,279,16,
1855,68,17,
1856,20,15,
1856,141,24,
1856,179,17,
1856,1859,15,
1857,236,24,
1858,248,29,
1858,444,13,
1861,138,26,
1862,131,51,
1862,337,15,
1862,467,15,
1862,659,15,
1862,741,15,
1862,1204,15,
1863,109,32,
1863,157,21,
1863,221,17,
1863,370,21,
1863,559,32,
1863,599,4,
1863,737,4,
1863,1241,4,
1864,223,25,
1864,287,8,
1864,754,8,
1865,244,5,
1865,262,3,
1865,388,3,
1867,24,20,
1867,182,11,
1867,349,11,
1867,894,11,
1869,0,20,
1869,116,19,
1869,84,20,
1869,390,13,
1872,318,13,
1872,670,17,
1873,120,7,
1873,229,6,
1873,395,6,
1873,663,6,
1873,1020,6,
1873,1205,6,
1874,96,15,
1874,662,17,
1876,225,12,
1878,68,14,
1878,643,14,
1878,1740,14,
1879,153,5,
1879,296,5,
1880,645,4,
1881,31,14,
1881,165,14,
1881,681,13,
1882,22,5,
1882,96,13,
1882,175,23,
1882,239,20,
1882,280,5,
1882,951,5,
1883,72,33,
1884,16,13,
1884,101,13,
1884,163,41,
1884,241,11,
1884,823,13,
1884,1059,22,
1884,1415,13,
1884,1465,19,
1884,222,5,
1885,221,5,
1886,6,15,
1886,190,17,
1886,210,11,
1886,378,17,
1887,85,11,
1887,103,16,
1887,266,11,
1887,291,16,
1887,222,16,
1887,281,5,
1887,563,16,
1887,607,4,
1887,865,4,
1887,1272,4,
1887,1339,16,
1888,223,20,
1888,325,17,
1891,46,22,
1893,135,47,
1893,747,17,
1894,860,15,
1894,174,11,
1895,265,4,
1895,356,3,
1895,416,3,
1895,1513,3,
1895,1641,3,
1896,12,17,
1896,99,17,
1896,118,4,
1896,745,3,
1896,962,3,
1898,101,15,
1898,179,15,
1899,1269,5,
1899,1979,12,
1900,36,17,
1900,149,10,
1900,285,8,
1900,362,8,
1901,0,10,
1901,134,16,
1901,88,10,
1902,73,10,
1902,182,10,
1903,58,23,
1903,95,14,
1903,448,22,
1903,553,40,
1903,212,11,
1903,643,18,
1903,697,18,
1904,438,10,
1905,66,23,
1905,266,44,
1905,537,18,
1905,735,17,
1905,1529,11,
1905,2199,17,
1905,248,7,
1905,1234,4,
1906,10,16,
1906,117,16,
1906,168,19,
1906,525,16,
1906,755,16,
1906,1336,16,
1908,1111,48,
1909,66,6,
1909,353,6,
1910,63,4,
1910,1351,13,
1910,1520,13,
1910,717,5,
1910,909,4,
1910,1082,4,
1910,1442,10,
1910,2124,4,
1911,78,13,
1911,809,23,
1911,1644,30,
1911,341,5,
1913,157,20,
1913,450,13,
1915,83,14,
1915,33,4,
1915,230,14,
1915,292,4,
1915,399,4,
1915,604,4,
1915,707,4,
1915,844,4,
1915,1088,4,
1916,350,21,
1917,309,14,
1917,502,14,
1917,571,5,
1918,105,24,
1918,135,13,
1918,1586,11,
1920,266,3,
1920,508,3,
1920,1286,3,
1925,18,10,
1925,29,11,
1925,199,10,
1925,210,11,
1926,206,36,
1926,274,18,
1926,780,16,
1926,1897,11,
1927,67,27,
1927,170,26,
1927,1008,26,
1927,564,13,
1928,111,21,
1928,134,12,
1928,157,4,
1928,316,9,
1928,378,11,
1928,529,3,
1928,690,3,
1928,970,3,
1928,1181,3,
1929,337,17,
1929,457,11,
1929,478,11,
1929,1434,11,
1930,42,14,
1930,148,17,
1930,430,17,
1930,595,17,
1930,1048,17,
1930,1257,17,
1930,68,5,
1931,20,24,
1931,95,24,
1932,41,14,
1932,116,25,
1932,1377,21,
1932,204,13,
1932,652,13,
1933,39,14,
1934,73,24,
1934,324,13,
1934,521,14,
1934,707,13,
1934,1697,24,
1936,69,21,
1936,59,6,
1936,331,21,
1936,277,5,
1936,355,3,
1936,397,3,
1936,424,5,
1936,684,3,
1936,718,5,
1936,754,3,
1939,444,13,
1940,56,11,
1940,146,21,
1940,70,11,
1940,433,11,
1940,519,11,
1940,644,11,
1940,833,11,
1940,1176,11,
1941,202,20,
1941,434,23,
1941,115,13,
1941,493,13,
1941,969,13,
1941,1081,13,
1941,1383,13,
1942,111,24,
1942,56,18,
1942,141,24,
1942,179,33,
1942,1515,14,
1943,52,18,
1943,147,18,
1945,51,8,
1945,65,24,
1945,222,14,
1945,803,14,
1945,1066,14,
1945,1240,14,
1945,1266,16,
1945,1347,14,
1945,1373,12,
1945,116,8,
1945,191,8,
1945,737,8,
1945,823,8,
1945,1871,18,
1946,22,8,
1946,31,20,
1946,109,8,
1946,118,20,
1947,105,13,
1947,555,13,
1947,340,18,
1948,95,22,
1948,235,21,
1948,870,17,
1948,1296,20,
1948,947,8,
1949,583,25,
1949,70,16,
1949,191,12,
1949,204,14,
1949,220,11,
1950,24,17,
1950,120,19,
1950,354,23,
1950,400,17,
1951,57,11,
1951,197,14,
1951,876,14,
1951,126,5,
1951,308,5,
1951,486,5,
1951,618,5,
1952,1264,15,
1953,431,28,
1953,581,29,
1954,343,5,
1954,349,20,
1955,112,13,
1955,353,13,
1956,989,16,
1957,126,12,
1957,259,16,
1957,244,11,
1958,62,17,
1958,93,17,
1958,242,8,
1958,1099,9,
1958,1187,10,
1959,80,35,
1959,124,28,
1959,265,26,
1959,1025,42,
1959,1271,18,
1959,1367,31,
1959,117,6,
1959,169,8,
1959,918,13,
1960,22,44,
1960,160,51,
1960,662,15,
1960,824,15,
1960,278,19,
1960,329,14,
1961,1514,10,
1962,62,30,
1962,157,24,
1962,262,24,
1962,471,16,
1962,633,30,
1962,374,12,
1963,1576,11,
1963,79,21,
1963,102,4,
1963,622,13,
1964,32,21,
1964,354,21,
1965,688,12,
1967,50,31,
1967,172,5,
1967,426,4,
1967,569,4,
1967,693,4,
1967,883,4,
1967,1143,4,
1967,1327,4,
1967,1463,4,
1968,630,16,
1968,904,9,
1968,1105,21,
1971,98,15,
1971,623,15,
1972,177,12,
1972,1818,12,
1973,37,15,
1973,175,51,
1973,615,15,
1973,694,15,
1973,1738,17,
1973,730,3,
1974,20,16,
1975,261,16,
1975,1608,16,
1975,1960,16,
1976,77,20,
1977,9,13,
1977,171,13,
1977,151,6,
1977,260,5,
1977,415,5,
1977,591,5,
1977,655,5,
1977,853,5,
1977,909,5,
1977,934,5,
1977,1049,5,
1977,1116,5,
1977,1134,5,
1977,1321,5,
1977,1392,5,
1977,1529,5,
1978,35,4,
1978,171,18,
1978,448,4,
1978,571,4,
1978,807,4,
1978,1066,12,
1979,37,14,
1979,72,14,
1979,166,14,
1979,287,16,
1981,1069,15,
1981,887,14,
1982,438,21,
1982,1046,21,
1983,732,26,
1984,19,13,
1984,286,13,
1984,1420,15,
1985,102,8,
1985,111,13,
1985,208,13,
1985,332,13,
1985,781,13,
1985,843,13,
1985,943,13,
1985,1064,13,
1985,1205,13,
1987,247,15,
1987,2266,15,
1988,1258,27,
1988,982,11,
1989,233,4,
1989,387,8,
1989,471,4,
1989,575,8,
1989,1197,4,
1991,27,20,
1991,881,4,
1992,23,14,
1992,255,37,
1992,515,12,
1992,569,12,
1992,613,19,
1995,66,14,
1995,178,40,
1995,365,16,
1995,103,14,
1996,166,18,
1996,754,16,
1997,55,17,
1997,122,30,
1997,369,32,
1997,489,32,
1997,942,17,
1997,1707,17,
1998,536,12,
1999,335,19,
1999,365,46,
1999,542,23,
1999,759,14,
1999,909,14,
1999,512,16,
1999,625,9,
1999,634,20,
1999,1246,16,
1999,1282,8,
1999,1291,20,
2001,62,18,
2001,200,18,
2001,391,30,
2001,501,30,
2004,54,21,
2004,184,21,
2004,207,4,
2004,326,12,
2004,357,3,
2004,605,3,
2004,780,3,
2004,795,3,
2004,996,3,
2004,1155,3,
2005,60,21,
2005,100,14,
2005,135,18,
2010,0,6,
2010,167,14,
2010,483,14,
2010,1054,14,
2011,110,21,
2011,656,21,
2011,679,4,
2011,855,3,
2011,947,9,
2011,1008,3,
2011,1287,10,
2011,1350,3,
2011,1685,3,
2014,17,14,
2014,916,14,
2014,1043,14,
2014,1418,14,
2014,1508,14,
2015,532,37,
2017,1222,14,
2017,70,11,
2017,650,11,
2017,695,11,
2017,1099,11,
2017,1142,11,
2023,289,17,
2023,1721,17,
2023,309,3,
2023,861,15,
2023,1504,3,
2026,0,14,
2026,458,12,
2026,804,24,
2026,25,14,
2027,72,18,
2027,40,21,
2027,63,4,
2027,343,3,
2027,395,3,
2028,0,11,
2028,123,20,
2028,822,20,
2030,209,6,
2030,368,5,
2030,789,5,
2030,1075,5,
2031,11,16,
2031,102,17,
2031,500,16,
2032,13,14,
2033,376,6,
2034,144,9,
2036,218,22,
2037,681,18,
2037,319,6,
2037,775,6,
2039,23,6,
2039,107,6,
2042,11,11,
2042,168,10,
2042,179,11,
2042,978,22,
2044,625,18,
2044,783,18,
2044,977,16,
2044,941,8,
2044,1018,9,
2044,1105,9,
2045,47,31,
2045,89,21,
2045,114,12,
2045,276,17,
2045,441,16,
2045,770,17,
2048,138,14,
2049,43,12,
2049,94,12,
2049,570,12,
2049,689,22,
2049,842,12,
2049,952,12,
2049,157,5,
2049,250,5,
2049,393,5,
2050,112,16,
2052,71,19,
2054,52,8,
2055,520,6,
2056,544,8,
2057,12,37,
2057,55,37,
2057,109,28,
2057,278,37,
2057,657,37,
2057,826,37,
2060,716,5,
2060,726,6,
2061,26,6,
2063,83,33,
2064,85,20,
2065,150,20,
2066,898,19,
2066,618,12,
2067,44,14,
2067,274,18,
2067,354,14,
2067,446,9,
2067,668,14,
2069,51,21,
2069,234,20,
2069,560,12,
2071,35,15,
2071,138,16,
2071,190,8,
2073,977,9,
2075,19,18,
2075,132,21,
2075,201,11,
2076,81,17,
2076,109,20,
2076,240,16,
2076,1000,16,
2076,1501,16,
2076,1719,16,
2077,51,20,
2077,99,20,
2078,44,26,
2078,75,19,
2078,446,16,
2082,17,17,
2082,57,13,
2087,159,21,
2088,283,10,
2088,327,13,
2088,619,10,
2093,8,9,
2095,1,15,
2095,672,22,
2095,72,14,
2095,163,8,
2097,38,13,
2097,145,17,
2097,753,13,
2098,640,17,
2101,13,21,
2101,155,21,
2102,97,11,
2102,282,11,
2103,47,21,
2103,94,29,
2103,125,21,
2103,182,17,
2103,342,18,
2105,67,22,
2105,95,22,
2105,202,16,
2105,237,22,
2105,483,22,
2105,843,22,
2105,1167,22,
2106,5,15,
2106,837,15,
2112,88,14,
2112,125,14,
2112,564,9,
2112,606,10,
2112,859,16,
2112,1070,27,
2113,854,12,
2114,725,17,
2118,41,20,
2118,101,4,
2121,30,21,
2121,158,21,
2123,14,16,
2123,48,12,
2124,0,12,
2124,201,21,
2124,224,4,
2124,460,3,
2128,1424,15,
2130,701,51,
2130,790,26,
2130,878,17,
2130,919,17,
2130,118,15,
2131,73,15,
2131,0,14,
2131,241,30,
2131,367,19,
2131,817,15,
2131,1010,15,
2131,273,14,
2131,744,14,
2131,840,14,
2132,31,24,
2132,63,18,
2132,156,24,
2132,351,18,
2132,530,17,
2133,104,41,
2134,47,24,
2135,1193,12,
2135,1464,40,
2136,38,11,
2136,333,14,
2136,485,14,
2138,65,3,
2138,128,3,
2140,550,17,
2143,31,8,
2143,258,8,
2143,740,5,
2143,853,5,
2144,984,16,
2145,19,18,
2146,61,13,
2146,150,13,
2146,197,13,
2146,337,13,
2147,1082,12,
2152,21,24,
2152,368,51,
2153,20,13,
2154,15,24,
2154,104,24,
2154,201,8,
2155,37,24,
2155,103,24,
2155,408,21,
2158,69,10,
2158,80,11,
2158,148,10,
2158,159,11,
2160,60,17,
2160,12,10,
2160,23,11,
2161,241,20,
2161,263,4,
2161,280,3,
2161,635,3,
2161,765,3,
2164,3,20,
2164,181,13,
2164,360,24,
2164,784,12,
2165,31,19,
2167,10,14,
2167,221,14,
2168,249,20,
2169,26,13,
2170,16,44,
2170,147,44,
2170,364,44,
2171,65,44,
2172,740,8,
2173,0,11,
2173,60,26,
2173,337,12,
2173,372,12,
2173,495,12,
2173,671,12,
2173,911,12,
2177,672,32,
2178,26,9,
2179,41,14,
2179,315,21,
2179,77,14,
2179,117,8,
2179,395,16,
2179,1369,16,
2179,1423,14,
2179,1701,16,
2180,174,13,
2180,268,23,
2180,791,23,
2180,1230,23,
2181,20,24,
2182,68,14,
2182,169,14,
2182,259,42,
2182,369,14,
2182,564,14,
2185,179,45,
2187,48,14,
2187,118,24,
2187,236,18,
2188,44,14,
2188,273,8,
2189,450,15,
2189,78,4,
2189,917,3,
2190,135,22,
2191,413,6,
2194,178,13,
2194,271,33,
2194,991,13,
2194,232,8,
2194,902,18,
2195,25,8,
2195,123,8,
2195,208,8,
2195,521,8,
2195,597,8,
2196,1,15,
2196,208,34,
2196,145,14,
2196,339,8,
2197,236,14,
2197,446,13,
2197,582,12,
2199,62,24,
2199,157,24,
2199,860,17,
2201,14,12,
2201,129,12,
2201,482,12,
2201,552,12,
2204,54,20,
2204,143,21,
2205,9,15,
2206,9,15,
2208,41,20,
2208,63,11,
2208,74,11,
2208,309,13,
2208,435,10,
2208,446,11,
2208,1609,7,
2208,1627,13,
2208,1836,13,
2209,31,7,
2209,55,7,
2209,340,10,
2209,351,11,
2210,102,18,
2210,546,18,
2210,239,9,
2210,852,9,
2213,27,21,
2213,118,21,
2214,51,13,
2214,240,13,
2214,1032,6,
2214,2000,5,
2217,83,14,
2217,143,14,
2218,51,10,
2218,62,11,
2218,641,26,
2218,1598,22,
2218,332,10,
2218,343,11,
2218,1314,13,
2218,1465,13,
2218,1709,13,
2218,1904,13,
2220,239,4,
2221,27,14,
2221,117,14,
2221,486,15,
2222,0,21,
2222,207,25,
2222,113,21,
2223,35,26,
2224,0,20,
2225,81,23,
2225,210,23,
2225,954,23,
2226,137,19,
2228,288,17,
2229,342,5,
2229,513,5,
2229,539,5,
2229,757,5,
2229,1286,5,
2229,1355,5,
2229,1455,5,
2229,1644,5,
2229,2023,5,
2230,5,12,
2233,387,18,
2237,32,21,
2239,26,17,
2240,19,17,
2243,58,45,
2245,11,8,
2253,31,24,
2253,133,24,
2253,974,24,
2255,24,17,
2255,140,17,
2255,611,17,
2255,793,17,
2255,929,17,
2256,30,13,
2258,107,20,
2258,169,20,
2261,76,19,
2268,75,14,
2269,25,44,
2270,40,38,
2272,14,12,
2274,20,24,
2274,99,31,
2274,1242,15,
2274,1309,24,
2276,26,44,
2278,17,10,
2278,28,11,
2278,152,10,
2278,163,11,
2278,350,10,
2278,361,11,
2279,679,17,
2279,720,16,
2279,358,13,
2279,466,15,
2280,0,8,
2281,4,18,
2285,271,21,
2286,119,17,
2287,20,17,
2288,23,9,
2289,28,44,
2292,1,13,
2293,212,30,
2293,248,16,
2293,266,43,
2295,33,23,
2298,285,17,
2299,79,10,
2299,90,11,
2299,128,10,
2299,139,11,
2299,748,7,
2299,846,8,
};
return a;}};
