public class BannerAnnotate {
static void init0() {
a0 = new int[] {
1,278,26,
3,107,64,
3,1347,16,
4,77,6,
4,797,6,
4,1121,6,
4,1204,15,
4,1389,6,
4,1757,4,
6,635,5,
10,71,4,
12,28,16,
13,265,36,
13,1198,37,
15,323,21,
18,114,11,
19,729,30,
19,774,22,
21,66,5,
21,461,38,
21,1121,25,
22,195,6,
22,204,3,
22,701,3,
22,990,24,
25,723,17,
25,985,39,
25,1452,8,
25,1704,3,
26,1184,36,
26,1222,3,
26,1374,4,
28,795,3,
28,832,7,
29,333,25,
29,360,3,
29,438,4,
29,402,34,
29,898,18,
29,998,3,
29,1223,4,
29,1627,42,
30,748,37,
30,790,39,
31,349,10,
31,898,4,
31,1001,20,
31,1221,10,
31,1250,3,
31,1260,29,
32,16,3,
35,42,5,
35,778,5,
38,5,4,
38,283,52,
41,122,3,
41,245,21,
41,301,16,
41,268,2,
41,707,39,
41,781,48,
41,1313,1,
43,409,24,
43,890,2,
44,150,23,
44,372,39,
44,716,7,
47,625,24,
49,80,4,
49,256,3,
49,1034,33,
49,1101,4,
49,1264,4,
50,608,10,
50,870,11,
50,1188,18,
53,50,6,
53,855,6,
53,834,19,
54,815,68,
54,1226,8,
58,810,40,
58,1201,3,
59,82,9,
60,286,13,
60,319,27,
60,487,29,
61,350,11,
62,149,1,
62,2861,30,
62,2948,1,
63,296,1,
63,342,1,
63,691,8,
65,776,3,
68,90,4,
68,57,31,
68,230,4,
69,0,28,
71,231,38,
72,412,19,
73,0,21,
75,127,9,
75,372,42,
75,486,3,
76,855,57,
77,0,26,
77,1635,19,
78,481,7,
78,1538,55,
80,0,24,
80,26,3,
80,426,20,
83,252,7,
83,363,13,
84,28,3,
84,588,37,
85,523,48,
85,830,32,
85,916,27,
86,451,16,
86,537,18,
87,147,45,
87,427,6,
88,508,4,
89,328,8,
89,385,61,
89,667,19,
89,1172,8,
89,1302,8,
90,47,5,
90,687,5,
91,365,20,
92,939,4,
93,59,43,
93,1699,16,
93,1875,36,
94,14,14,
94,79,1,
94,308,15,
94,413,8,
94,440,28,
95,733,19,
96,50,16,
96,114,53,
96,334,27,
97,1799,33,
99,195,15,
99,212,4,
99,1011,22,
99,1622,18,
101,278,49,
101,400,11,
101,656,25,
103,126,19,
103,251,46,
103,147,4,
105,977,22,
107,2262,35,
108,904,4,
109,226,3,
109,868,17,
116,552,15,
118,41,53,
119,0,64,
119,334,10,
119,350,61,
119,447,4,
119,416,29,
119,778,4,
119,979,86,
119,1734,58,
119,1965,3,
119,2159,85,
119,2310,4,
120,38,10,
120,81,19,
122,59,19,
122,80,2,
123,588,4,
124,50,39,
124,186,20,
124,1143,7,
126,978,3,
127,692,5,
128,28,10,
129,303,21,
129,401,22,
129,1879,8,
130,165,47,
130,929,30,
131,49,45,
131,120,8,
131,815,41,
132,14,3,
132,1007,28,
133,85,8,
135,32,34,
135,399,3,
135,609,3,
136,578,36,
138,126,16,
138,252,29,
138,753,50,
138,806,23,
139,704,29,
141,326,21,
143,487,33,
143,980,3,
143,1977,6,
143,2085,4,
144,65,22,
144,406,9,
144,470,4,
144,543,9,
144,746,9,
145,0,55,
148,29,41,
148,103,28,
148,887,28,
148,1001,18,
148,1143,14,
149,1167,35,
150,1130,27,
151,889,46,
153,147,6,
153,122,23,
153,340,6,
157,116,14,
157,1359,11,
159,740,4,
160,31,4,
161,145,22,
161,372,32,
161,407,6,
161,882,3,
161,1271,31,
161,1312,24,
161,1432,16,
162,589,35,
163,436,9,
165,1232,36,
165,1302,28,
166,1320,30,
170,120,21,
170,206,31,
170,1075,2,
170,1185,2,
171,1559,9,
176,388,7,
176,448,45,
176,518,2,
177,1314,2,
178,0,22,
178,250,12,
179,1263,45,
179,1417,8,
181,23,4,
181,1015,9,
182,0,29,
183,87,27,
184,789,26,
185,109,16,
185,1432,9,
186,771,8,
186,827,9,
188,683,32,
189,1,17,
190,196,14,
190,212,2,
191,122,36,
191,454,25,
192,245,12,
193,946,65,
194,1645,18,
195,1220,8,
197,1694,23,
198,79,19,
198,288,19,
198,400,19,
199,428,16,
199,456,18,
199,578,81,
199,910,22,
199,941,16,
199,1196,16,
199,1251,7,
201,666,50,
201,1066,16,
203,48,10,
203,251,11,
203,419,10,
205,325,6,
205,1176,6,
207,815,4,
208,0,14,
209,957,19,
210,981,10,
210,1665,21,
211,1426,25,
213,64,41,
214,1599,31,
216,679,13,
216,866,10,
217,103,26,
220,376,53,
220,1296,35,
221,196,3,
221,242,2,
221,454,21,
221,681,2,
221,1693,11,
222,1017,40,
224,433,4,
224,664,4,
224,1023,4,
224,1032,9,
224,1336,9,
225,333,34,
225,369,4,
225,548,19,
226,1597,5,
226,1746,5,
229,117,19,
229,535,19,
229,2156,19,
236,389,39,
237,133,18,
237,360,23,
238,147,41,
238,403,18,
238,446,17,
239,0,31,
239,1734,43,
240,1335,18,
242,314,51,
242,1482,13,
242,1899,14,
244,288,23,
245,46,62,
245,309,4,
245,283,24,
245,600,15,
245,741,39,
245,1325,39,
245,1634,39,
246,185,19,
247,267,5,
247,229,36,
247,679,5,
247,810,5,
247,960,5,
247,1230,27,
247,1452,5,
247,1738,5,
248,130,16,
250,669,58,
250,1386,19,
252,0,20,
252,211,32,
252,1732,4,
253,57,38,
253,423,39,
256,391,10,
257,88,10,
257,380,10,
257,813,10,
257,1374,10,
257,1669,10,
257,1858,4,
258,349,19,
259,244,3,
262,371,5,
262,2015,5,
263,1871,21,
264,279,53,
264,736,38,
264,1859,17,
266,77,5,
266,633,27,
267,895,9,
268,101,5,
268,79,20,
268,373,8,
269,284,13,
270,222,52,
270,316,7,
271,182,55,
271,620,3,
275,254,31,
275,293,4,
275,613,4,
275,691,22,
277,289,22,
277,1231,3,
277,1922,22,
278,262,26,
280,201,44,
281,102,10,
282,956,3,
283,122,19,
283,1155,10,
283,1502,8,
284,410,48,
284,818,17,
285,319,39,
285,360,4,
285,907,36,
286,66,66,
286,869,44,
287,275,22,
287,675,11,
287,1123,17,
289,0,29,
289,221,15,
289,327,37,
289,633,26,
289,783,17,
291,143,26,
291,705,9,
291,793,9,
292,405,32,
294,485,3,
295,202,16,
295,906,16,
297,1013,38,
298,1428,11,
301,815,11,
302,200,38,
302,240,5,
303,250,20,
303,828,19,
304,158,5,
304,703,5,
304,969,5,
304,1076,5,
306,1159,15,
307,100,3,
307,470,15,
308,416,37,
308,1052,17,
309,431,30,
309,563,24,
309,788,18,
309,1169,43,
310,36,2,
310,154,2,
310,15,19,
310,538,7,
310,941,42,
310,1093,22,
310,1195,2,
310,1394,2,
311,521,5,
312,486,17,
312,635,87,
314,1262,22,
314,1429,35,
315,1129,6,
316,1241,76,
318,20,6,
319,330,18,
319,987,11,
320,173,14,
320,1180,14,
320,1548,33,
321,238,54,
321,733,49,
322,1530,13,
322,1938,9,
323,0,14,
323,64,32,
323,157,43,
323,281,1,
323,768,2,
323,949,51,
323,1069,14,
324,8,14,
324,1490,10,
326,899,27,
327,269,3,
327,431,4,
327,537,34,
327,844,19,
327,1162,48,
328,890,3,
328,1593,43,
329,47,5,
329,341,5,
329,547,5,
329,859,5,
329,1030,1,
330,68,3,
330,553,1,
330,851,8,
330,2454,13,
333,535,24,
334,255,3,
335,156,20,
335,720,15,
335,2379,62,
339,731,21,
340,167,3,
340,356,4,
343,326,24,
343,838,16,
344,472,3,
345,1400,5,
346,61,22,
346,805,22,
347,794,18,
349,733,19,
349,773,100,
349,1056,24,
350,1113,6,
350,1308,6,
351,469,7,
354,1532,3,
355,624,13,
357,514,12,
357,764,6,
357,858,4,
357,1051,4,
358,95,8,
358,372,25,
358,927,4,
360,491,33,
360,836,16,
363,126,47,
364,25,40,
365,421,19,
367,2210,18,
368,907,12,
371,861,29,
372,923,35,
374,236,27,
374,1211,24,
375,114,3,
375,382,23,
375,549,3,
375,1149,10,
375,1190,18,
375,1919,10,
376,395,3,
377,940,52,
378,36,23,
378,148,6,
379,313,38,
379,577,1,
380,114,28,
380,181,20,
380,453,22,
380,973,10,
380,2441,20,
380,2577,10,
381,261,5,
381,223,36,
381,377,5,
381,611,23,
381,639,20,
381,796,42,
381,962,5,
381,1125,5,
381,1188,5,
381,1254,5,
381,1322,5,
381,1379,19,
381,1446,44,
381,1531,5,
381,1645,5,
381,1834,4,
381,1964,20,
382,0,23,
382,25,3,
382,1140,25,
382,1350,64,
383,577,3,
383,746,1,
383,761,1,
383,1160,5,
385,217,2,
385,1893,30,
386,429,14,
386,1384,27,
387,65,18,
387,236,39,
387,278,4,
387,461,11,
387,991,4,
387,1847,4,
388,1126,5,
391,631,18,
391,918,16,
391,992,114,
392,140,37,
393,1467,27,
394,178,12,
395,145,15,
395,162,2,
395,545,31,
395,1137,5,
396,1034,13,
397,39,4,
397,534,9,
397,611,28,
397,676,4,
397,879,4,
398,380,8,
398,423,8,
400,494,28,
401,370,10,
401,818,20,
402,77,13,
402,103,3,
402,282,23,
402,403,3,
402,838,3,
403,308,3,
403,441,14,
409,76,4,
409,55,19,
409,433,4,
409,412,19,
410,317,1,
410,459,18,
410,747,3,
410,823,41,
412,849,43,
412,1333,4,
412,1444,8,
415,1315,21,
415,1906,17,
417,277,7,
420,940,18,
421,289,6,
421,297,3,
421,739,15,
421,1043,19,
423,25,79,
423,152,2,
423,137,13,
423,216,29,
423,247,2,
423,667,34,
423,703,4,
424,53,4,
425,147,41,
425,695,3,
427,0,32,
427,573,38,
427,1162,38,
428,530,16,
429,0,57,
430,631,4,
430,738,27,
431,150,21,
431,266,16,
431,539,85,
432,17,4,
432,285,39,
432,1354,18,
433,1565,10,
433,1764,8,
433,1835,40,
434,35,3,
434,1227,3,
435,22,5,
435,36,18,
435,323,13,
435,1168,13,
436,0,35,
436,1315,29,
438,47,3,
438,174,27,
438,227,19,
438,348,52,
438,420,4,
438,438,45,
438,622,5,
438,647,4,
439,293,15,
439,335,3,
439,551,21,
439,689,21,
441,1371,43,
441,1785,4,
441,2698,30,
443,1717,7,
444,481,58,
446,835,3,
446,887,12,
447,916,22,
447,1113,2,
448,54,19,
449,281,43,
449,614,37,
449,1192,10,
449,1210,24,
453,1022,25,
455,741,35,
456,128,34,
456,307,4,
456,269,36,
457,1107,6,
458,176,38,
458,359,23,
458,1190,10,
458,1474,8,
458,1564,20,
458,1675,10,
459,116,10,
459,525,41,
459,938,10,
459,1122,10,
461,1023,8,
462,1522,33,
463,281,17,
463,954,13,
463,1126,3,
466,223,10,
466,918,19,
468,170,26,
468,570,13,
469,156,34,
471,164,33,
471,916,19,
474,312,17,
475,86,20,
478,216,73,
479,274,12,
479,919,3,
479,1028,3,
480,384,39,
480,960,29,
483,53,31,
483,86,26,
483,118,31,
483,188,35,
483,225,4,
483,479,6,
483,634,27,
483,928,42,
483,983,39,
483,1024,5,
484,604,32,
484,808,25,
486,906,22,
487,210,1,
488,566,35,
489,165,21,
489,188,4,
489,264,4,
489,242,20,
489,931,6,
489,1089,3,
489,1174,3,
490,562,28,
490,610,21,
490,633,5,
490,741,48,
492,483,28,
493,56,6,
498,8,15,
499,236,7,
500,139,49,
500,831,29,
501,690,24,
502,521,7,
502,695,31,
502,728,4,
503,927,17,
506,154,1,
506,179,5,
506,519,4,
510,266,1,
511,28,10,
511,751,18,
512,0,22,
512,684,52,
513,601,39,
515,382,17,
515,524,50,
515,735,15,
515,821,13,
516,194,23,
516,416,27,
516,808,4,
516,912,29,
517,88,8,
517,473,3,
517,706,51,
517,1327,41,
517,1422,25,
517,1491,20,
518,615,40,
518,658,20,
518,960,29,
518,992,21,
518,1018,10,
518,1090,16,
519,622,11,
520,474,10,
521,266,3,
521,478,8,
522,493,3,
522,511,31,
522,453,38,
522,634,31,
523,469,6,
523,1360,7,
524,611,4,
524,1283,1,
525,793,26,
525,1038,12,
527,253,2,
528,18,10,
528,108,15,
528,334,10,
528,860,10,
528,1208,15,
528,1291,10,
529,232,2,
529,200,20,
529,611,25,
529,845,4,
529,893,2,
529,920,2,
529,944,2,
529,1284,4,
531,623,8,
534,367,69,
535,1108,37,
536,291,42,
536,779,55,
537,631,7,
537,770,25,
537,814,13,
537,852,6,
537,1546,19,
538,245,4,
538,542,1,
542,70,3,
543,470,3,
543,444,24,
543,742,1,
543,981,28,
543,1159,44,
543,2315,20,
546,833,45,
547,326,22,
547,742,14,
547,827,11,
547,961,5,
547,1136,26,
547,1442,34,
550,260,47,
551,189,14,
551,890,19,
552,44,10,
554,116,157,
554,1224,12,
555,317,4,
555,721,21,
555,999,4,
555,1103,4,
555,1393,4,
555,1412,4,
555,1463,5,
555,1615,4,
555,1701,5,
555,1768,4,
556,828,10,
556,1303,20,
557,232,27,
557,331,21,
557,388,24,
557,795,12,
559,867,14,
559,1201,7,
561,1315,13,
562,618,4,
562,1331,33,
563,34,24,
563,90,42,
563,437,23,
564,153,4,
564,411,4,
564,504,4,
564,700,8,
565,773,3,
566,1,30,
566,914,54,
566,1137,19,
566,1873,20,
566,2024,22,
567,660,15,
567,782,25,
568,1157,34,
568,1463,10,
569,81,3,
569,388,6,
569,464,11,
569,810,3,
569,784,24,
569,1127,19,
569,1167,6,
569,1874,6,
570,1335,10,
571,245,18,
572,780,22,
573,197,36,
574,256,31,
574,964,5,
575,296,10,
575,785,10,
575,1036,22,
576,499,23,
576,524,4,
576,781,5,
576,1019,21,
576,1275,31,
578,1076,5,
579,373,4,
579,778,3,
579,1277,4,
580,139,42,
581,69,2,
581,49,18,
584,380,3,
584,500,3,
584,891,3,
584,1220,3,
585,46,7,
585,69,14,
585,175,7,
585,390,9,
585,599,10,
585,844,10,
585,1505,12,
585,1844,27,
587,140,53,
590,427,33,
591,173,17,
591,780,22,
591,1550,9,
593,1153,21,
594,1191,25,
595,1637,3,
596,852,25,
596,903,8,
597,1141,52,
598,482,17,
598,1000,31,
598,1250,17,
598,1616,18,
599,9,13,
600,517,14,
601,93,10,
601,1659,20,
601,1798,19,
603,959,46,
604,95,39,
608,83,23,
609,181,27,
609,467,15,
609,1593,26,
610,643,50,
610,765,3,
610,1701,35,
613,708,31,
614,208,4,
614,160,46,
615,844,31,
617,259,6,
618,1236,4,
621,185,38,
622,255,46,
625,441,3,
628,253,30,
628,300,40,
628,435,19,
629,280,12,
629,524,4,
629,1164,33,
631,872,13,
631,1274,24,
632,1626,24,
632,1838,19,
632,1908,26,
633,661,3,
633,1138,19,
633,1310,3,
634,202,5,
634,941,3,
634,920,19,
636,398,10,
637,89,1,
637,175,36,
637,894,17,
637,1130,33,
};
}
static void init1() {
a1 = new int[] {
638,1071,19,
638,2186,19,
638,2257,4,
638,2420,18,
638,2582,7,
638,2620,32,
639,583,4,
639,656,36,
639,1181,34,
640,542,16,
640,697,16,
640,1851,25,
642,128,17,
642,1230,30,
646,448,17,
647,1352,40,
650,572,35,
651,184,14,
654,109,19,
654,364,28,
655,798,31,
655,1054,65,
657,766,24,
658,95,31,
660,221,52,
660,655,20,
660,909,16,
662,639,45,
663,788,32,
663,1047,3,
665,165,10,
673,617,2,
675,22,25,
680,409,4,
680,699,4,
682,241,25,
682,295,48,
685,623,10,
685,945,41,
690,22,17,
696,231,25,
696,258,4,
697,216,3,
697,759,26,
697,897,3,
697,1025,36,
698,1160,4,
698,1244,22,
698,1518,11,
699,128,18,
699,184,44,
699,557,29,
701,536,15,
701,956,21,
703,374,9,
706,654,19,
706,1160,4,
708,1849,32,
709,370,2,
709,353,15,
709,618,54,
709,1012,42,
709,1601,24,
711,459,10,
712,1049,19,
713,685,33,
713,1603,9,
713,1764,8,
714,84,7,
714,188,7,
714,1180,23,
714,1292,13,
714,1310,42,
714,1635,34,
714,1940,13,
714,2229,13,
715,560,3,
717,382,3,
717,618,2,
717,1382,19,
718,276,57,
718,685,33,
719,602,70,
720,619,11,
720,847,25,
720,1004,11,
721,826,67,
722,446,38,
723,106,3,
723,116,10,
723,234,10,
723,350,17,
723,466,9,
724,157,3,
724,135,20,
724,926,17,
725,159,3,
725,1586,8,
726,67,56,
726,1046,24,
727,714,34,
728,218,5,
728,252,33,
728,287,4,
729,70,30,
729,408,22,
731,892,33,
732,83,7,
732,285,7,
732,380,7,
732,494,7,
732,1460,7,
732,1796,7,
733,722,14,
733,1331,46,
734,1407,3,
734,1463,26,
734,1491,3,
736,371,19,
736,700,14,
737,167,36,
737,205,4,
739,471,34,
739,507,4,
739,1474,23,
740,695,21,
740,857,23,
740,882,4,
742,1,11,
742,1366,38,
744,345,21,
746,575,13,
749,1238,8,
755,907,8,
757,391,4,
758,152,6,
758,338,18,
758,1393,10,
760,639,14,
760,1019,14,
762,639,4,
762,846,4,
762,928,8,
762,1143,4,
763,0,24,
763,151,3,
763,165,3,
763,292,4,
763,737,41,
765,240,11,
765,899,6,
765,1669,24,
766,760,33,
766,1179,21,
766,2145,13,
767,749,7,
773,971,6,
773,1176,29,
775,4818,42,
775,5482,8,
775,5888,17,
775,5910,2,
776,109,27,
776,182,9,
776,1316,13,
779,1047,21,
781,559,18,
782,85,47,
783,21,20,
783,91,10,
783,171,16,
783,326,20,
783,461,20,
783,871,10,
783,1084,10,
783,1625,10,
784,188,38,
785,103,26,
788,256,15,
790,183,16,
791,402,23,
791,427,4,
791,620,32,
791,813,92,
791,1200,16,
791,1325,39,
793,215,41,
793,634,7,
794,945,7,
794,1049,9,
794,1546,8,
794,1618,7,
798,0,62,
798,64,6,
798,423,6,
798,1146,6,
798,1617,6,
799,82,5,
799,2058,21,
799,2134,43,
800,257,4,
800,454,122,
801,982,25,
802,12,46,
802,287,36,
802,377,37,
802,1297,22,
804,1212,19,
805,103,21,
805,530,45,
805,727,21,
806,954,3,
806,942,10,
807,254,7,
809,22,6,
812,182,8,
813,63,11,
816,1455,3,
818,100,4,
818,743,11,
818,1159,4,
819,37,22,
819,468,22,
819,723,22,
819,1255,15,
821,53,3,
821,2209,3,
822,186,7,
822,253,7,
822,362,7,
822,1107,7,
823,1369,21,
824,174,10,
824,929,16,
824,1110,10,
829,191,25,
830,172,4,
830,137,33,
830,831,4,
831,49,3,
831,125,13,
831,213,25,
831,680,36,
831,2172,21,
833,1260,31,
834,336,3,
835,1204,8,
837,191,26,
837,599,26,
837,678,26,
837,1616,8,
839,1007,5,
840,1031,62,
843,118,19,
843,1093,31,
844,891,3,
849,0,29,
852,184,3,
852,345,3,
852,546,16,
852,975,4,
852,1232,10,
852,1489,6,
853,53,3,
853,116,10,
853,271,10,
853,1301,5,
853,1410,26,
855,845,24,
856,1432,36,
857,305,38,
857,707,41,
858,30,26,
858,423,4,
858,400,21,
858,764,4,
859,64,6,
859,179,16,
859,269,31,
861,346,27,
861,1855,16,
864,644,41,
866,58,36,
866,242,4,
866,270,4,
866,504,24,
870,231,37,
875,35,84,
875,287,3,
875,773,2,
875,984,19,
875,1137,62,
876,186,33,
877,183,42,
877,343,21,
877,1444,27,
877,1543,21,
880,762,16,
881,107,7,
881,180,18,
882,75,16,
882,1745,4,
883,225,43,
887,1620,13,
893,1390,5,
894,222,18,
894,256,21,
895,914,49,
897,224,42,
897,398,60,
899,1774,13,
900,723,9,
900,1133,15,
900,1162,1,
900,1207,24,
900,1303,25,
900,1611,12,
900,1628,11,
901,73,6,
901,81,3,
901,1052,37,
903,270,14,
904,542,31,
906,713,21,
910,486,7,
910,1023,12,
910,1340,31,
911,396,27,
911,425,3,
911,472,31,
911,594,33,
914,1015,28,
916,298,35,
916,1042,106,
918,235,20,
918,612,5,
918,1106,5,
922,476,10,
923,1,22,
923,865,24,
924,31,75,
924,139,60,
924,273,8,
924,464,7,
924,1315,7,
924,1349,7,
924,1534,7,
924,1896,7,
924,2012,7,
924,2131,7,
925,447,26,
925,1258,8,
925,1349,49,
925,1731,35,
925,1768,4,
925,2039,8,
925,2196,8,
926,245,10,
926,853,11,
926,1378,17,
926,1487,10,
927,698,20,
928,162,33,
928,299,45,
929,301,24,
930,149,65,
930,454,3,
930,919,8,
931,92,15,
931,1015,16,
932,0,54,
932,109,4,
932,392,3,
932,455,50,
932,366,24,
932,688,4,
932,763,4,
932,877,4,
932,859,16,
932,998,25,
932,1399,4,
933,0,16,
933,270,36,
933,308,5,
933,471,16,
933,577,9,
933,489,5,
933,1000,9,
933,1080,7,
933,1124,9,
934,223,2,
934,213,8,
935,0,27,
936,566,25,
938,36,29,
938,483,14,
939,1128,4,
939,1163,39,
939,1384,12,
941,107,10,
942,216,7,
942,766,7,
946,387,12,
946,561,50,
948,164,29,
948,545,13,
949,362,33,
949,554,19,
950,390,14,
950,776,4,
951,1662,52,
952,530,4,
953,1397,30,
954,466,25,
955,379,23,
955,583,36,
955,768,83,
957,344,25,
957,371,3,
957,780,9,
960,399,17,
960,675,12,
960,1134,13,
963,549,5,
963,644,9,
964,1112,15,
965,470,19,
967,903,23,
969,478,21,
969,1436,10,
970,635,31,
971,792,27,
973,283,18,
974,90,33,
974,1570,37,
975,226,27,
976,59,23,
976,841,4,
976,824,15,
977,118,12,
977,708,11,
977,768,12,
977,807,12,
977,1327,11,
977,1963,7,
978,789,40,
978,1545,19,
979,511,37,
979,625,24,
979,774,25,
979,1216,33,
979,1251,4,
980,527,69,
980,674,60,
980,1539,18,
983,496,20,
984,446,15,
984,725,28,
985,143,30,
987,39,21,
987,672,3,
988,1091,14,
989,140,10,
989,373,7,
989,1041,10,
989,1713,10,
992,1231,21,
993,0,12,
994,448,26,
998,56,16,
998,685,16,
998,985,6,
999,1106,10,
1000,167,25,
1000,692,49,
1001,901,22,
1001,1317,8,
1001,1620,12,
1002,520,3,
1002,1513,4,
1007,0,33,
1007,158,23,
1007,1024,28,
1008,146,21,
1010,1221,39,
1010,1625,10,
1012,103,19,
1012,258,10,
1012,426,7,
1012,624,10,
1012,1094,19,
1014,88,5,
1015,260,4,
1015,349,4,
1015,224,34,
1015,1955,4,
1016,527,3,
1019,4,24,
1019,259,3,
1019,236,21,
1019,834,13,
1019,901,3,
1019,1035,26,
1020,909,16,
1021,190,5,
1022,228,1,
1022,261,20,
1022,433,25,
1022,526,36,
1022,889,1,
1022,904,5,
1026,183,42,
1028,197,13,
1032,257,10,
1032,490,16,
1033,270,66,
1034,278,13,
1035,13,8,
1035,771,6,
1039,1405,21,
1041,255,5,
1043,172,29,
1043,1226,12,
1044,75,5,
1044,1452,7,
1044,1637,6,
1048,424,20,
1048,488,8,
1050,1844,22,
1052,0,10,
1052,666,3,
1052,881,10,
1053,18,10,
1053,294,8,
1053,479,10,
1053,1183,10,
1055,207,3,
1055,517,22,
1055,1290,33,
1055,1959,1,
1056,349,3,
1056,931,10,
1057,37,19,
1057,999,17,
1057,1162,27,
1060,1628,11,
1061,577,18,
1061,702,54,
1061,852,46,
1061,1263,95,
1063,0,36,
1063,1228,34,
1065,242,25,
1065,269,4,
1065,527,10,
1065,576,51,
1065,1196,26,
1066,302,30,
1066,364,41,
1066,334,3,
1066,407,5,
1067,21,3,
1069,806,17,
1073,0,26,
1073,304,26,
1073,332,3,
1073,2195,29,
1074,228,27,
1075,672,50,
1076,0,19,
1076,658,34,
1076,694,4,
1076,1138,15,
1076,1400,19,
1076,1661,19,
1078,1114,22,
1078,1141,20,
1080,1313,17,
1081,28,7,
1083,1493,15,
1084,69,35,
1084,106,4,
1086,213,15,
1087,227,50,
1088,843,8,
1088,1068,8,
1088,1310,8,
1091,732,33,
1092,576,3,
1093,357,4,
1093,962,23,
1094,507,20,
1094,601,8,
1095,10,11,
1095,123,11,
1095,336,86,
1095,1270,20,
1098,96,29,
1098,429,3,
1099,552,50,
1102,75,24,
1102,572,42,
1103,576,12,
1103,660,8,
1104,1488,11,
1104,1848,8,
1104,2165,8,
1105,169,5,
1105,131,36,
1105,418,5,
1105,445,5,
1105,816,4,
1105,888,16,
1105,1189,4,
1105,1217,5,
1105,1566,5,
1105,1739,5,
1106,49,25,
1106,522,38,
1106,968,40,
1106,1233,15,
1106,1279,22,
1106,1479,7,
1107,140,30,
1107,184,2,
1109,75,24,
1110,1028,41,
1111,1108,12,
1112,1411,22,
1116,200,3,
1116,177,21,
1116,774,21,
1116,797,3,
1117,334,13,
1117,349,2,
1117,1726,5,
1118,268,42,
1118,1675,21,
1119,166,27,
1119,502,8,
1119,1540,19,
1121,282,2,
1124,267,41,
1124,319,16,
1124,810,7,
1127,1405,30,
1127,1753,46,
1128,77,39,
1128,144,39,
1128,185,4,
1130,212,39,
1130,253,4,
1130,1274,39,
1132,139,2,
1132,924,1,
1132,1061,4,
1132,1079,2,
1134,755,3,
1134,1012,4,
1134,1090,56,
1136,26,39,
1136,67,4,
1136,164,39,
1136,205,4,
1136,769,15,
1136,1329,1,
1137,992,61,
1138,195,24,
1138,227,29,
1138,258,4,
1138,269,33,
1138,221,3,
1138,304,3,
1138,1111,44,
1138,1787,71,
1140,201,16,
1140,412,12,
1141,703,3,
1141,853,3,
1141,1217,51,
1142,1681,28,
1143,744,43,
1143,1003,35,
1144,154,3,
1144,314,30,
1144,131,21,
1146,763,62,
1146,912,116,
1146,1146,5,
1147,711,32,
1147,1166,17,
1151,864,26,
1152,206,3,
1152,273,21,
1152,654,24,
1153,54,3,
1153,290,3,
1153,301,10,
1153,1498,1,
1154,56,45,
1154,289,39,
1154,793,42,
1155,71,8,
1155,532,13,
1156,76,3,
1156,57,17,
1157,1409,25,
1158,186,11,
1159,929,86,
1159,1033,29,
1159,1114,16,
1164,327,42,
1164,916,11,
1164,1684,12,
1165,1257,4,
1165,1477,6,
1166,640,7,
1166,1368,32,
1167,58,4,
1167,493,24,
1170,101,18,
1170,1451,18,
1177,366,29,
1178,405,3,
1178,581,19,
1178,765,6,
1178,1019,3,
1178,1195,3,
1180,193,5,
1180,205,38,
1180,599,11,
1180,773,5,
1180,1157,5,
1180,1220,5,
1180,1456,5,
1180,1530,5,
1180,1621,5,
1181,223,3,
1181,783,3,
1181,943,3,
1181,1309,19,
1183,365,3,
1183,441,25,
1184,2166,63,
1185,114,4,
1188,1166,8,
1188,1439,9,
1190,139,17,
1190,741,17,
1190,1172,37,
1191,242,3,
1192,6,7,
1192,331,8,
1192,538,11,
1192,654,23,
1193,85,13,
1193,178,30,
1193,814,81,
1193,897,4,
1193,1274,8,
1194,124,1,
1194,163,5,
1194,363,4,
1195,84,30,
1196,37,71,
1196,734,35,
1198,144,1,
1198,180,20,
1199,389,25,
1199,579,3,
1199,672,26,
1200,129,4,
1200,154,23,
1200,98,29,
1200,179,3,
1200,898,42,
1200,1139,3,
1200,1155,20,
1200,1896,21,
1202,60,8,
1202,213,3,
1202,886,21,
1203,1222,31,
1203,1424,42,
1203,1547,49,
1211,199,3,
1211,173,24,
1212,186,13,
1213,0,22,
1213,1094,21,
1213,1741,6,
1215,0,13,
1215,413,25,
1215,1054,32,
1215,1155,8,
1216,319,34,
1218,378,71,
1218,1437,39,
1218,1565,41,
1219,59,21,
1221,991,78,
1221,1685,3,
1222,322,3,
1224,151,6,
1224,159,3,
1226,277,17,
1226,495,4,
1226,974,21,
1227,48,7,
1227,242,17,
1228,884,2,
1232,507,18,
1234,416,59,
1235,654,11,
1237,514,3,
1237,276,30,
1237,733,19,
1237,769,30,
1240,709,30,
1240,884,26,
1242,384,23,
1242,828,23,
1242,992,18,
1242,1076,3,
1243,216,19,
1243,729,34,
1243,839,15,
1243,916,40,
1243,1029,11,
1243,1246,11,
1247,1977,17,
1248,22,19,
1248,449,16,
1248,770,19,
1248,1790,19,
1248,1831,21,
1249,159,79,
1249,517,26,
1249,939,39,
1250,17,4,
1250,203,44,
1250,249,4,
1250,454,4,
1250,1151,4,
1251,1145,7,
1254,201,36,
1255,440,3,
1255,766,12,
1256,699,4,
1256,705,4,
1257,571,47,
1257,676,20,
1257,951,18,
1257,698,3,
1260,45,19,
1261,1168,57,
1263,586,22,
1263,1521,50,
1263,1691,7,
1264,208,34,
1264,940,52,
1265,405,4,
1265,432,14,
1265,803,5,
1265,941,16,
1266,264,19,
1268,733,20,
1269,166,16,
1269,389,67,
1269,484,10,
1272,788,5,
1272,795,38,
1273,1183,3,
1275,188,35,
1276,1480,13,
1277,1097,7,
1282,0,43,
1282,169,22,
1284,742,32,
1284,1411,20,
1285,523,3,
1285,1480,19,
1285,1697,4,
1286,320,10,
1286,900,29,
1287,12,6,
1287,595,5,
1287,841,22,
1287,917,11,
1287,1155,11,
1287,1277,6,
1288,377,25,
1288,592,25,
1288,817,25,
1288,914,25,
1290,528,23,
1291,571,17,
1292,245,15,
1294,1012,22,
1295,233,53,
1296,60,3,
1296,242,3,
1296,858,19,
1296,923,23,
1296,948,4,
1296,1092,3,
1298,119,105,
1298,369,19,
1300,658,34,
1301,1018,34,
1302,31,5,
1302,189,6,
1302,280,61,
1302,368,30,
1302,740,13,
1302,1005,14,
1302,1026,3,
1302,1219,23,
1302,1362,13,
1304,45,15,
1304,181,33,
1304,282,17,
1305,408,19,
1305,457,7,
1306,1062,14,
1307,173,17,
1308,216,4,
1308,234,50,
1308,1031,11,
1308,1537,12,
1309,80,15,
1309,398,26,
1310,249,6,
1310,257,3,
1310,503,3,
1310,1622,12,
1311,297,34,
1311,1109,18,
1311,1420,15,
1312,56,53,
1312,169,51,
1312,288,17,
1312,736,15,
1313,37,4,
1313,86,10,
1313,945,4,
1313,1061,4,
1313,1141,3,
1313,1478,4,
1313,1593,17,
1315,174,46,
1315,854,4,
1316,152,32,
1316,335,20,
1316,361,32,
1316,793,2,
1316,819,18,
1316,1098,30,
1316,1975,2,
1316,2070,32,
1319,1097,4,
1319,1137,3,
1319,1844,27,
1319,1873,3,
1319,2200,40,
1320,404,22,
1320,606,49,
1321,642,20,
1321,788,4,
1321,920,19,
1321,1095,5,
1322,415,18,
1322,1037,18,
1322,1868,7,
1323,170,72,
1323,1099,37,
1324,116,6,
1324,124,3,
1324,261,2,
1324,246,13,
1324,729,2,
1324,904,20,
1324,1398,3,
1325,87,37,
1325,410,16,
1326,480,25,
1326,570,7,
1327,1495,5,
1329,1264,24,
1331,403,5,
1331,417,17,
1331,672,5,
1332,490,16,
1332,620,33,
1334,23,4,
1335,272,14,
1339,1499,45,
1340,0,45,
1340,296,12,
1340,1046,30,
};
}
static void init2() {
a2 = new int[] {
1340,1078,3,
1340,1655,18,
1341,0,45,
1341,1173,16,
1341,1208,30,
1343,60,7,
1343,214,7,
1343,895,7,
1343,1244,7,
1345,851,3,
1346,185,4,
1346,151,32,
1346,1040,35,
1348,513,25,
1348,671,27,
1349,653,15,
1351,979,3,
1352,1642,26,
1354,1213,4,
1355,94,3,
1355,230,3,
1355,414,25,
1356,276,7,
1357,227,25,
1357,903,24,
1358,45,11,
1358,112,11,
1358,181,20,
1358,283,12,
1361,19,9,
1361,113,5,
1361,1102,7,
1362,1025,14,
1364,191,11,
1364,227,32,
1364,1002,5,
1365,212,22,
1365,253,14,
1365,317,31,
1366,1572,21,
1368,189,76,
1368,393,34,
1368,536,7,
1368,571,56,
1368,667,58,
1369,437,9,
1369,638,21,
1369,1625,17,
1372,71,4,
1372,657,4,
1375,27,3,
1376,587,30,
1376,707,13,
1378,648,53,
1380,164,39,
1380,377,12,
1380,445,34,
1382,414,10,
1382,473,21,
1382,2153,35,
1385,749,5,
1385,1666,5,
1386,1226,54,
1386,1378,16,
1386,1405,7,
1386,1852,6,
1386,1802,48,
1387,865,39,
1388,252,3,
1388,941,24,
1388,1454,9,
1388,1541,9,
1389,216,44,
1392,216,26,
1392,244,4,
1392,305,4,
1392,671,4,
1392,823,13,
1392,1333,4,
1393,522,31,
1397,443,22,
1397,639,6,
1397,807,3,
1398,153,17,
1398,563,9,
1398,644,84,
1399,139,24,
1399,390,18,
1399,730,30,
1400,584,33,
1400,901,24,
1401,285,8,
1401,680,34,
1403,116,124,
1403,533,8,
1405,736,17,
1405,1408,22,
1405,1531,18,
1407,873,17,
1407,1564,25,
1408,234,17,
1408,1717,43,
1408,1891,17,
1409,205,3,
1409,1257,3,
1411,0,23,
1411,190,6,
1411,314,23,
1411,383,26,
1411,621,23,
1411,1110,23,
1411,1800,23,
1415,1250,35,
1415,1477,32,
1416,194,7,
1419,531,20,
1421,445,38,
1421,549,58,
1422,7,15,
1422,99,3,
1422,844,15,
1422,1368,22,
1422,1475,3,
1423,391,4,
1423,569,24,
1427,0,32,
1428,242,26,
1428,270,3,
1428,719,19,
1429,276,28,
1429,975,21,
1430,177,28,
1430,1733,54,
1431,334,54,
1434,209,35,
1434,762,19,
1434,882,28,
1434,1229,17,
1439,529,4,
1439,781,25,
1440,1557,28,
1442,190,16,
1442,828,24,
1442,915,1,
1442,1059,8,
1443,827,4,
1444,733,2,
1447,82,18,
1447,934,24,
1448,91,18,
1448,530,18,
1449,611,34,
1450,179,15,
1450,196,2,
1450,488,24,
1450,531,33,
1452,186,10,
1453,939,10,
1453,1077,10,
1454,291,3,
1454,513,3,
1454,1074,18,
1456,592,23,
1457,893,3,
1458,1387,14,
1464,756,22,
1464,853,1,
1464,868,5,
1465,1075,44,
1465,1436,48,
1467,595,17,
1469,737,61,
1469,1534,7,
1471,306,14,
1471,331,12,
1471,345,2,
1471,322,3,
1471,431,57,
1472,918,19,
1473,313,60,
1473,1515,5,
1474,404,10,
1474,776,14,
1476,128,34,
1477,167,40,
1477,1387,2,
1479,473,81,
1479,1049,25,
1479,1079,26,
1482,210,13,
1483,8,17,
1484,810,22,
1488,207,17,
1488,867,5,
1490,303,15,
1491,139,10,
1491,190,48,
1491,410,7,
1491,566,10,
1492,142,27,
1494,829,31,
1495,329,13,
1495,850,39,
1495,891,5,
1495,1690,8,
1495,1749,55,
1496,52,16,
1496,355,40,
1499,467,1,
1499,481,1,
1500,726,12,
1501,877,7,
1501,1727,14,
1502,0,15,
1504,312,21,
1506,744,39,
1507,1247,3,
1508,158,4,
1508,122,34,
1508,703,3,
1508,677,24,
1510,91,36,
1510,160,42,
1510,810,55,
1510,1041,18,
1510,1081,21,
1510,1294,22,
1511,78,4,
1512,0,53,
1512,438,3,
1512,419,17,
1512,935,32,
1512,1458,63,
1512,1549,25,
1513,1174,27,
1514,21,7,
1514,1030,19,
1516,0,11,
1517,143,19,
1517,164,2,
1518,18,6,
1518,49,8,
1522,178,19,
1525,263,6,
1525,271,3,
1525,482,3,
1525,1511,3,
1525,1847,14,
1526,756,20,
1526,807,31,
1526,974,8,
1529,206,39,
1529,681,25,
1530,643,20,
1531,137,7,
1532,375,22,
1532,420,20,
1532,800,13,
1533,771,22,
1534,1259,21,
1536,334,7,
1536,369,43,
1536,761,7,
1536,975,3,
1536,998,22,
1537,114,40,
1537,156,4,
1537,289,40,
1537,331,4,
1538,975,11,
1538,1289,4,
1539,552,3,
1541,708,25,
1542,323,11,
1544,850,34,
1545,1315,30,
1551,74,2,
1552,170,5,
1552,605,3,
1552,584,19,
1552,1022,84,
1552,1139,14,
1553,322,8,
1554,1370,29,
1554,1855,19,
1555,155,10,
1556,27,3,
1556,108,10,
1556,526,3,
1556,609,17,
1556,1061,9,
1557,823,21,
1558,352,3,
1558,473,3,
1558,578,34,
1558,705,10,
1559,89,21,
1559,833,21,
1559,956,21,
1560,690,6,
1560,866,31,
1560,942,5,
1561,221,23,
1562,1389,8,
1563,1110,23,
1565,1150,41,
1568,95,57,
1568,239,25,
1568,1132,87,
1569,496,4,
1569,744,4,
1569,1446,20,
1570,733,14,
1571,260,4,
1571,367,19,
1571,470,18,
1572,124,56,
1572,1079,25,
1574,306,22,
1576,1540,30,
1576,1845,34,
1577,254,14,
1577,288,34,
1579,877,34,
1579,919,10,
1579,913,4,
1581,77,13,
1581,314,21,
1581,391,13,
1581,337,3,
1581,729,26,
1581,1265,13,
1582,198,1,
1582,357,4,
1584,111,21,
1584,866,1,
1584,955,19,
1584,1133,48,
1585,451,47,
1585,906,46,
1587,249,38,
1590,27,15,
1590,251,15,
1590,1333,15,
1591,345,14,
1591,1128,4,
1592,235,4,
1592,187,46,
1595,732,24,
1595,1013,26,
1600,0,21,
1600,26,17,
1603,382,18,
1605,624,21,
1605,747,53,
1606,147,3,
1606,870,38,
1607,176,8,
1607,373,52,
1608,122,41,
1608,327,4,
1608,776,23,
1609,194,39,
1609,235,4,
1609,261,15,
1609,375,21,
1609,862,5,
1616,54,22,
1616,321,33,
1616,356,17,
1617,266,20,
1617,363,25,
1617,1136,40,
1618,125,3,
1619,1304,3,
1620,1204,50,
1621,258,4,
1622,145,3,
1622,853,21,
1622,1000,25,
1624,771,21,
1626,1625,23,
1627,1647,18,
1628,228,18,
1630,130,69,
1630,201,4,
1631,41,16,
1631,182,16,
1632,1512,23,
1634,196,7,
1634,1252,4,
1635,45,40,
1635,219,19,
1635,552,31,
1635,1517,35,
1636,494,26,
1636,1292,3,
1637,111,15,
1638,333,35,
1638,1472,20,
1638,1562,14,
1638,1990,14,
1645,325,14,
1647,52,15,
1647,318,1,
1647,341,5,
1647,69,2,
1647,914,3,
1648,48,11,
1649,1065,7,
1650,310,3,
1650,428,34,
1650,284,24,
1650,464,4,
1650,693,21,
1650,1428,22,
1652,208,26,
1652,331,25,
1652,738,23,
1655,180,39,
1655,221,4,
1655,450,2,
1656,45,14,
1658,454,13,
1658,925,14,
1660,261,54,
1660,436,41,
1660,712,49,
1662,51,27,
1663,69,22,
1663,527,22,
1664,1321,10,
1665,127,5,
1665,1131,8,
1665,1536,3,
1665,1646,14,
1668,224,16,
1669,708,4,
1669,826,4,
1669,927,36,
1669,1013,4,
1670,65,3,
1670,44,19,
1670,1114,3,
1674,80,32,
1674,651,29,
1674,1090,19,
1674,1264,32,
1674,1489,19,
1674,1586,69,
1675,391,1,
1675,526,3,
1675,1094,29,
1675,2431,7,
1676,1257,34,
1677,274,31,
1678,226,3,
1678,1490,3,
1680,320,21,
1681,191,5,
1681,206,22,
1681,236,39,
1681,390,8,
1681,843,7,
1681,853,5,
1681,959,9,
1683,754,26,
1683,1559,21,
1685,977,22,
1687,0,18,
1687,533,135,
1687,1114,17,
1687,1710,27,
1689,597,4,
1689,1004,4,
1689,1150,4,
1689,1349,18,
1689,1526,9,
1690,393,3,
1690,726,3,
1691,1091,45,
1692,0,23,
1694,26,23,
1694,285,20,
1695,442,22,
1695,682,32,
1695,960,19,
1697,868,18,
1697,1829,27,
1698,529,16,
1698,582,17,
1698,1187,14,
1698,1732,23,
1698,1777,16,
1698,2080,18,
1701,148,1,
1705,92,8,
1705,281,21,
1706,966,51,
1708,498,41,
1709,356,10,
1709,538,16,
1711,297,28,
1714,40,14,
1714,86,59,
1714,1543,59,
1715,243,38,
1716,581,23,
1716,768,27,
1716,1059,39,
1716,1333,20,
1717,872,19,
1718,1065,49,
1720,1260,27,
1722,604,13,
1723,27,22,
1723,542,8,
1723,1112,3,
1724,208,18,
1725,374,20,
1726,905,2,
1728,233,23,
1729,1,38,
1729,114,15,
1729,131,3,
1729,352,3,
1729,570,23,
1729,689,23,
1731,460,17,
1732,0,19,
1732,319,19,
1732,898,19,
1733,580,14,
1733,828,24,
1733,952,5,
1735,136,5,
1736,254,18,
1736,276,3,
1736,162,17,
1737,275,24,
1737,1592,4,
1739,476,5,
1739,438,36,
1739,1020,35,
1741,558,5,
1743,0,30,
1745,38,15,
1746,539,4,
1746,554,4,
1746,647,17,
1748,54,4,
1748,69,25,
1748,254,4,
1749,783,58,
1749,896,20,
1750,185,3,
1750,330,31,
1750,374,24,
1750,745,30,
1750,783,20,
1750,1104,17,
1750,1267,3,
1750,1522,25,
1751,429,32,
1751,567,34,
1751,1354,46,
1752,171,35,
1752,740,12,
1752,897,4,
1753,747,33,
1754,456,16,
1756,327,47,
1756,993,22,
1757,15,10,
1757,416,11,
1759,632,12,
1761,156,10,
1761,171,18,
1761,891,40,
1762,277,53,
1762,1288,29,
1765,1001,47,
1765,1190,51,
1767,533,3,
1767,678,14,
1769,202,7,
1769,223,1,
1769,441,1,
1769,455,1,
1771,31,24,
1771,970,45,
1772,516,14,
1772,677,16,
1772,1139,14,
1772,1499,16,
1774,27,4,
1774,1063,39,
1775,1056,16,
1776,345,13,
1776,372,3,
1778,0,21,
1778,391,50,
1778,598,21,
1779,14,25,
1779,108,7,
1779,1615,25,
1782,1167,26,
1783,109,79,
1786,1645,34,
1787,345,3,
1788,107,8,
1788,560,8,
1788,880,8,
1788,1080,31,
1788,1261,24,
1788,1593,8,
1788,1767,8,
1789,879,20,
1790,36,5,
1790,483,22,
1790,821,5,
1791,180,6,
1791,161,17,
1792,392,47,
1792,1368,6,
1793,560,23,
1793,1852,20,
1793,1991,38,
1794,167,21,
1794,279,25,
1794,600,25,
1794,685,2,
1794,759,17,
1796,526,79,
1798,143,9,
1798,178,7,
1798,198,13,
1799,515,31,
1801,19,31,
1801,61,10,
1801,569,10,
1801,769,10,
1804,268,28,
1804,486,24,
1804,573,3,
1804,770,8,
1807,1160,18,
1809,254,7,
1809,1925,13,
1812,126,39,
1812,167,4,
1813,257,15,
1813,382,25,
1813,409,3,
1813,1278,14,
1814,53,31,
1816,187,16,
1816,268,23,
1816,1675,26,
1817,518,3,
1817,492,24,
1817,766,3,
1817,896,30,
1817,1802,3,
1818,233,10,
1821,535,19,
1822,221,1,
1825,970,20,
1825,1041,10,
1826,33,17,
1826,1732,17,
1826,2091,17,
1826,2270,38,
1826,2464,17,
1827,38,4,
1827,652,40,
1830,153,20,
1830,244,44,
1830,405,25,
1830,474,30,
1830,552,2,
1830,576,13,
1831,1142,8,
1832,691,13,
1832,1177,28,
1832,1207,19,
1832,1639,13,
1834,366,25,
1834,509,10,
1835,740,2,
1835,729,9,
1836,200,10,
1837,197,10,
1837,595,5,
1837,618,9,
1837,752,9,
1837,810,19,
1838,279,4,
1838,259,18,
1838,770,117,
1838,1109,4,
1839,249,64,
1839,654,30,
1840,0,27,
1840,106,10,
1840,325,10,
1842,485,8,
1843,495,1,
1845,124,16,
1845,339,21,
1845,382,63,
1845,936,24,
1846,516,22,
1846,720,22,
1846,884,21,
1847,79,3,
1848,1041,1,
1850,155,4,
1850,107,46,
1853,318,25,
1853,434,75,
1853,792,62,
1856,261,3,
1856,306,7,
1856,395,3,
1856,1240,32,
1857,161,23,
1858,248,6,
1858,1081,20,
1861,1202,39,
1863,260,14,
1863,450,25,
1864,249,46,
1864,299,53,
1864,725,4,
1865,388,3,
1865,699,7,
1865,803,7,
1869,44,38,
1869,429,10,
1869,503,8,
1871,1,17,
1871,321,17,
1872,160,9,
1873,663,6,
1876,1100,4,
1878,217,13,
1878,802,21,
1881,46,29,
1881,82,16,
1881,199,17,
1881,383,42,
1881,429,4,
1881,534,3,
1881,723,12,
1881,772,35,
1882,405,19,
1882,806,2,
1882,930,19,
1882,787,17,
1884,696,15,
1884,1160,20,
1887,727,31,
1888,51,46,
1888,553,31,
1888,679,9,
1889,209,60,
1891,42,3,
1893,175,7,
1893,661,22,
1894,165,50,
1894,538,18,
1895,410,5,
1895,566,25,
1895,1291,25,
1895,1517,41,
1898,131,30,
1898,250,14,
1898,514,16,
1902,623,17,
1904,249,42,
1905,110,32,
1905,256,9,
1905,593,26,
1905,1541,3,
1906,222,3,
1906,569,1,
1906,639,1,
1908,814,23,
1908,1111,24,
1909,102,23,
1910,332,25,
1910,1534,5,
1911,1362,13,
1916,254,23,
1916,279,3,
1916,339,10,
1916,672,4,
1916,933,10,
1917,706,5,
1917,976,5,
1918,739,58,
1922,175,30,
1922,882,2,
1922,1404,21,
1925,404,32,
1925,1080,45,
1926,597,8,
1927,700,4,
1928,325,1,
1928,340,36,
1928,405,14,
1929,476,1,
1930,165,1,
1930,447,1,
1930,903,9,
1930,1066,8,
1933,24,4,
1934,338,8,
1935,0,38,
1937,410,25,
1939,1049,19,
1941,240,3,
1942,815,14,
1942,835,16,
1942,930,14,
1942,1064,13,
1942,1404,10,
1943,116,20,
1943,138,3,
1943,382,19,
1945,200,1,
1945,216,5,
1945,1255,10,
1945,1547,28,
1945,1592,13,
1946,191,22,
1947,253,32,
1947,287,10,
1948,841,28,
1948,888,9,
1948,956,15,
1949,514,9,
1951,69,10,
1953,20,25,
1953,420,28,
1953,1262,45,
1955,309,3,
1955,281,26,
1955,816,3,
1956,365,7,
1957,290,13,
1957,1133,53,
1958,716,3,
1958,1084,3,
1959,1360,6,
1960,344,7,
1960,678,3,
1961,115,25,
1961,151,45,
1961,142,4,
1961,395,9,
1962,372,32,
1962,1440,4,
1965,121,8,
1967,800,18,
1967,1054,18,
1968,1127,7,
1969,145,26,
1969,270,19,
1970,187,6,
1970,773,4,
1971,1773,19,
1972,45,41,
1972,88,4,
1972,1620,14,
1972,1810,7,
1973,175,33,
1973,210,4,
1973,811,22,
1973,962,14,
1973,1632,14,
1973,1939,16,
1975,1097,4,
1975,1608,16,
1977,151,5,
1977,260,5,
1977,113,36,
1977,415,5,
1977,591,5,
1977,655,5,
1977,853,5,
1977,909,5,
1977,934,5,
1977,1049,5,
1977,1116,5,
1977,1134,5,
1977,1321,5,
1977,1392,5,
1977,1529,5,
1980,500,32,
1980,1021,34,
1980,1254,19,
1983,850,10,
1984,0,32,
1984,137,3,
1984,746,14,
1984,1795,3,
1985,0,13,
1985,208,13,
1985,764,30,
1985,843,13,
1985,1205,13,
1987,679,14,
1988,235,19,
1989,366,18,
1989,387,8,
1990,366,32,
1992,193,15,
1992,223,1,
1992,754,28,
1994,59,4,
1994,65,54,
1994,15,42,
1994,163,12,
1994,613,24,
1997,166,15,
1999,175,9,
1999,461,38,
1999,749,24,
2002,1434,5,
2004,164,16,
2008,41,8,
2008,69,8,
2008,121,16,
2010,778,13,
2011,133,41,
2011,176,5,
2014,117,7,
2014,177,16,
2014,1086,4,
2017,709,1,
2020,0,18,
2022,61,4,
2028,304,80,
2028,458,7,
2030,129,21,
2030,1100,26,
2036,0,14,
2036,465,23,
2036,552,17,
2037,153,59,
2037,317,1,
2037,367,14,
2039,247,30,
2042,59,7,
2042,159,8,
2042,323,39,
2042,413,7,
2043,438,7,
2044,608,16,
2044,1482,21,
2045,252,23,
2046,924,31,
2047,0,17,
2047,46,23,
2049,157,5,
2049,711,18,
2049,965,3,
2050,0,16,
2050,424,16,
2051,74,20,
2051,240,20,
2055,807,3,
2055,987,8,
2056,573,3,
2058,0,12,
2063,83,6,
2065,126,20,
2066,320,50,
2067,369,3,
2074,131,20,
2074,543,37,
2074,1157,20,
2078,705,42,
2080,602,28,
2083,42,11,
2086,34,50,
2086,159,45,
2087,678,8,
2091,474,31,
2095,203,24,
2095,483,21,
2095,568,9,
2098,16,20,
2098,352,5,
2098,461,24,
2098,997,15,
2099,108,21,
2099,1144,15,
};
}
static void init3() {
a3 = new int[] {
2099,1926,30,
2101,377,3,
2102,0,30,
2102,97,11,
2102,227,6,
2102,235,3,
2102,282,11,
2102,375,46,
2103,415,1,
2103,453,106,
2106,530,5,
2107,411,22,
2112,473,23,
2112,1305,3,
2114,291,26,
2115,873,2,
2126,791,25,
2128,304,26,
2128,1150,60,
2130,333,32,
2131,103,64,
2131,840,14,
2132,418,16,
2135,193,1,
2135,211,21,
2135,521,16,
2135,1266,9,
2136,526,27,
2139,43,17,
2139,126,17,
2140,1400,5,
2141,230,3,
2141,553,3,
2142,197,39,
2144,228,42,
2148,593,6,
2148,638,75,
2148,858,18,
2150,1935,13,
2159,1990,20,
2162,615,18,
2162,1024,49,
2162,1220,9,
2164,441,31,
2164,1998,73,
2167,0,15,
2167,305,7,
2170,106,22,
2173,531,62,
2174,1103,4,
2175,1347,4,
2175,1376,47,
2175,1564,3,
2177,441,7,
2177,608,19,
2181,69,36,
2182,291,1,
2182,322,25,
2183,735,2,
2183,714,19,
2187,1155,45,
2192,265,15,
2192,282,2,
2192,1101,6,
2195,131,44,
2196,74,3,
2196,752,3,
2199,25,23,
2199,225,1,
2199,501,19,
2199,741,19,
2199,787,18,
2200,582,23,
2202,137,83,
2202,818,5,
2202,1098,20,
2203,0,11,
2208,2191,8,
2210,248,69,
2211,327,20,
2214,24,40,
2214,1032,5,
2214,1050,5,
2214,994,36,
2214,1290,7,
2214,1559,11,
2214,2000,5,
2216,124,23,
2216,763,16,
2216,1001,16,
2217,457,33,
2218,74,3,
2218,496,2,
2220,329,20,
2221,978,7,
2224,21,3,
2225,1042,45,
2226,0,13,
2226,622,12,
2228,113,71,
2228,254,51,
2228,435,21,
2228,678,21,
2228,783,37,
2228,864,16,
2228,1163,25,
2228,1268,39,
2228,1336,53,
2229,342,5,
2232,242,38,
2233,406,35,
2246,673,82,
2246,811,87,
2248,51,3,
2253,915,26,
2257,252,5,
2258,292,16,
2258,665,52,
2265,14,33,
2274,1013,14,
2285,0,66,
2285,271,39,
2285,893,20,
2285,1161,13,
2285,1962,53,
2286,93,43,
2297,0,29,
2298,484,3,
2298,901,3,
2298,874,25,
};
}
static int[] a0;
static int[] a1;
static int[] a2;
static int[] a3;
static {
init0();
init1();
init2();
init3();
}
int[] annotate() {
int[] ans = new int[9390];
int idx = 0;
for (int i:a0) ans[idx++] = i;
for (int i:a1) ans[idx++] = i;
for (int i:a2) ans[idx++] = i;
for (int i:a3) ans[idx++] = i;
return ans; }}

