public class BannerAnnotate {
static void init0() {
a0 = new int[] {
0,159,18,
1,1254,14,
3,392,13,
6,568,15,
6,585,25,
6,612,23,
8,162,1,
8,165,1,
8,217,1,
8,273,1,
8,291,1,
11,131,31,
11,164,3,
13,62,3,
13,39,21,
13,68,21,
13,91,3,
13,348,3,
17,33,19,
18,374,3,
18,345,27,
19,394,16,
22,101,18,
22,275,18,
22,1437,18,
23,229,3,
23,197,30,
23,444,3,
28,43,16,
31,74,27,
31,155,27,
31,184,3,
31,190,3,
31,963,3,
32,240,21,
32,264,3,
32,553,3,
32,1769,3,
40,78,21,
41,28,18,
41,48,18,
41,68,3,
42,977,14,
43,72,18,
50,1078,3,
51,243,3,
51,211,30,
52,150,14,
52,297,20,
52,825,14,
52,1914,14,
54,105,21,
54,128,2,
55,0,29,
56,75,27,
56,127,27,
56,536,27,
60,141,3,
60,287,3,
60,104,35,
60,257,28,
60,1563,5,
62,645,18,
62,835,18,
65,110,28,
65,140,28,
65,170,3,
65,292,3,
65,519,3,
66,263,14,
68,90,4,
68,57,31,
69,124,25,
71,0,24,
75,465,20,
75,493,21,
75,525,15,
77,171,20,
77,193,2,
77,277,5,
77,239,36,
78,232,20,
78,254,2,
80,45,18,
80,86,18,
80,106,2,
80,770,3,
80,844,4,
80,747,21,
80,809,33,
80,1149,2,
80,1258,2,
80,1459,2,
80,1582,2,
80,1624,2,
80,1792,2,
80,1901,2,
81,0,23,
81,121,23,
81,262,23,
81,858,23,
81,1322,23,
83,90,16,
83,414,16,
84,369,27,
84,1305,3,
88,65,17,
88,228,13,
88,348,17,
88,491,17,
88,926,17,
88,1078,17,
88,1465,13,
90,768,2,
91,100,24,
91,180,24,
91,206,3,
91,310,3,
91,677,3,
91,745,3,
91,781,24,
91,1090,3,
91,1622,3,
92,0,18,
92,133,18,
92,153,2,
92,242,4,
92,249,22,
92,320,2,
92,386,2,
92,437,4,
92,763,2,
92,739,22,
94,281,9,
96,0,16,
96,22,1,
98,50,16,
98,108,16,
98,159,13,
98,208,33,
98,1009,16,
98,1183,13,
98,1236,33,
99,170,14,
99,250,28,
99,280,3,
99,510,3,
100,245,18,
100,414,17,
100,467,27,
100,496,3,
100,1677,18,
100,1875,26,
101,66,20,
101,119,5,
101,88,29,
101,847,5,
106,66,23,
106,2225,27,
109,0,24,
109,181,24,
109,341,24,
112,464,3,
112,435,27,
113,795,17,
126,142,27,
126,171,3,
128,1860,21,
129,2115,17,
130,121,26,
130,149,2,
131,73,21,
131,617,22,
131,646,3,
132,1070,7,
134,229,14,
134,335,14,
135,68,28,
135,98,3,
135,428,21,
137,0,24,
137,31,1,
141,1657,33,
142,234,3,
142,1677,21,
150,72,15,
151,85,18,
151,105,18,
155,525,19,
156,35,20,
156,67,14,
157,1672,21,
158,285,2,
158,272,11,
160,73,24,
160,141,24,
160,171,24,
160,197,3,
160,276,24,
160,1078,24,
163,206,15,
165,830,1,
168,238,25,
168,340,17,
168,380,26,
168,1659,17,
168,1861,17,
177,42,13,
177,254,13,
177,353,13,
177,453,13,
177,468,2,
177,607,3,
177,1113,13,
187,123,3,
187,93,28,
188,0,18,
188,126,18,
188,146,2,
188,930,2,
189,81,13,
190,212,2,
190,196,14,
192,534,3,
192,258,26,
193,154,3,
193,126,26,
194,78,13,
194,106,13,
194,300,13,
194,333,13,
194,703,21,
194,1016,13,
194,1664,13,
194,1938,13,
195,54,28,
195,137,13,
195,406,13,
195,927,13,
195,1194,25,
195,1242,13,
195,1349,20,
198,193,25,
205,134,3,
205,879,4,
206,80,18,
206,100,3,
206,957,3,
206,932,23,
206,1095,12,
209,85,15,
209,604,15,
209,714,15,
209,1374,15,
209,1503,15,
211,58,14,
211,295,28,
211,325,3,
215,48,13,
215,123,13,
215,184,13,
215,326,28,
215,1556,13,
218,146,3,
218,116,28,
218,1087,13,
220,31,14,
220,72,17,
220,91,14,
220,107,3,
222,0,20,
226,72,25,
226,620,24,
226,1016,13,
226,1056,13,
226,1687,24,
228,177,17,
230,142,17,
230,161,3,
231,97,18,
231,921,3,
231,1196,18,
233,1315,18,
236,148,17,
236,286,18,
236,306,2,
236,311,2,
236,1611,2,
236,1681,2,
237,333,3,
239,175,14,
239,191,3,
240,189,3,
240,142,45,
241,561,3,
241,689,3,
243,67,21,
243,177,3,
243,205,2,
243,186,17,
243,154,21,
243,567,3,
245,616,8,
253,0,14,
253,202,13,
253,742,13,
253,1313,14,
253,1354,13,
255,81,18,
255,128,18,
255,149,2,
255,270,2,
255,447,2,
255,764,2,
255,1261,18,
258,114,11,
258,135,2,
262,591,17,
264,92,28,
264,240,28,
264,271,3,
264,591,3,
264,1478,3,
264,1651,16,
267,222,3,
267,185,35,
268,239,14,
268,340,3,
268,314,24,
270,113,25,
270,141,2,
271,67,19,
271,264,20,
271,606,13,
271,641,19,
272,4,18,
272,186,18,
272,206,3,
272,663,3,
272,1373,3,
272,1621,3,
273,248,2,
273,230,16,
273,401,3,
273,375,24,
273,607,4,
273,577,28,
273,761,17,
273,957,2,
274,81,5,
274,58,21,
275,94,18,
275,287,4,
275,816,27,
275,845,2,
275,1194,13,
275,1296,2,
278,199,21,
283,175,11,
283,636,20,
283,1577,11,
284,460,4,
284,435,23,
284,812,4,
284,2412,4,
284,2598,4,
284,3059,4,
284,3433,4,
285,945,4,
285,911,32,
286,134,20,
286,156,2,
286,413,20,
286,915,4,
286,896,17,
290,67,21,
290,218,21,
290,335,21,
290,1599,13,
290,1748,13,
292,207,3,
292,180,25,
293,1,24,
294,22,11,
294,107,4,
294,86,19,
294,394,11,
294,453,4,
294,603,11,
294,842,4,
294,889,11,
295,162,3,
295,123,37,
295,876,3,
295,2185,3,
297,189,16,
297,749,16,
301,726,13,
305,67,25,
307,649,9,
307,885,12,
310,984,3,
311,146,3,
311,125,19,
311,880,3,
311,862,16,
312,562,23,
313,73,25,
313,250,25,
313,912,38,
317,91,23,
317,657,23,
317,955,18,
320,136,24,
320,1143,24,
320,1347,24,
321,1121,16,
322,204,16,
323,98,33,
324,26,23,
324,543,13,
324,656,18,
324,976,13,
324,1527,13,
324,1679,23,
327,90,18,
327,111,2,
327,748,2,
330,72,24,
330,686,14,
330,1956,3,
330,2185,14,
330,2482,14,
330,2902,2,
334,33,18,
334,126,18,
334,146,18,
334,545,18,
334,971,18,
334,1072,13,
334,1134,18,
336,387,4,
336,346,39,
338,1035,3,
341,84,24,
341,135,24,
341,308,24,
341,384,24,
341,560,24,
341,1302,24,
344,43,18,
347,61,24,
347,91,24,
347,117,3,
347,342,3,
348,133,13,
348,410,25,
348,852,13,
348,1632,13,
349,27,18,
349,109,18,
349,129,2,
349,1133,3,
350,1520,4,
352,647,27,
355,256,6,
355,420,15,
356,285,2,
356,268,15,
359,334,29,
359,365,2,
360,26,16,
360,44,16,
360,62,3,
363,954,17,
365,221,3,
365,184,35,
365,925,3,
365,1793,3,
366,26,18,
366,46,18,
366,67,2,
366,230,18,
366,251,3,
366,414,2,
367,2197,3,
372,179,3,
372,160,17,
373,2204,13,
374,65,11,
374,86,4,
374,438,4,
375,257,18,
379,31,18,
379,52,29,
379,468,18,
379,526,9,
380,64,21,
380,87,2,
380,1349,13,
380,1435,2,
380,1594,2,
380,2127,3,
380,2105,20,
380,2424,3,
381,766,16,
381,858,16,
381,1900,12,
385,25,3,
385,87,22,
385,136,22,
385,160,3,
385,347,22,
390,0,24,
393,208,21,
393,247,17,
393,266,2,
393,231,3,
393,1202,5,
395,98,1,
395,145,15,
395,162,2,
398,212,3,
398,181,29,
398,1288,3,
405,26,2,
405,112,15,
405,129,2,
408,147,17,
408,275,17,
410,121,21,
410,173,2,
410,156,15,
410,803,2,
410,784,17,
416,50,15,
417,286,3,
417,255,29,
418,442,22,
418,466,3,
419,0,29,
419,42,2,
419,132,18,
420,744,1,
421,29,18,
421,53,18,
421,73,3,
423,152,2,
423,137,13,
425,1718,18,
426,1,20,
429,200,3,
429,453,3,
434,86,27,
434,115,3,
434,269,3,
435,70,17,
435,163,25,
435,238,20,
435,1014,19,
435,1420,14,
436,184,2,
436,170,12,
437,351,4,
440,824,12,
441,964,3,
441,1074,3,
441,1830,2,
441,1810,18,
442,152,3,
442,122,28,
442,1570,3,
443,309,13,
443,324,3,
443,703,2,
443,744,2,
443,988,2,
443,1487,11,
443,1938,28,
447,107,4,
447,71,34,
447,1219,4,
448,274,24,
449,1079,13,
450,64,24,
450,90,24,
450,116,3,
450,210,21,
450,233,3,
450,367,3,
451,44,24,
451,476,28,
451,1340,13,
451,1483,16,
453,477,3,
453,1186,3,
454,86,24,
454,388,24,
454,476,24,
454,937,24,
454,1339,24,
455,68,24,
455,129,24,
455,155,3,
455,1462,3,
455,1732,3,
456,756,7,
457,20,14,
457,36,2,
457,159,14,
457,176,2,
458,99,21,
459,481,21,
461,137,17,
461,298,17,
462,156,18,
462,1221,18,
463,244,26,
463,451,17,
464,165,21,
464,211,21,
464,234,3,
464,884,3,
467,23,15,
467,66,15,
467,320,15,
467,599,15,
467,834,15,
467,965,15,
468,82,26,
469,48,21,
469,108,21,
469,131,3,
469,687,21,
469,733,3,
470,517,3,
470,491,24,
471,176,21,
474,158,17,
474,330,17,
476,53,13,
476,199,13,
476,584,13,
476,1567,13,
476,1670,13,
478,105,16,
478,124,16,
479,124,2,
481,72,8,
481,480,8,
483,225,4,
483,188,35,
483,972,4,
483,930,40,
483,1988,4,
483,2278,4,
483,2334,4,
483,2398,5,
483,2440,4,
483,2675,5,
484,528,21,
484,654,4,
485,255,18,
485,333,18,
485,601,18,
485,1670,18,
487,48,3,
487,24,22,
488,64,14,
488,80,14,
489,56,28,
489,86,28,
489,116,3,
493,204,4,
493,163,39,
493,682,21,
493,1125,4,
495,65,24,
495,626,24,
495,716,15,
496,372,2,
496,348,22,
497,62,3,
499,69,24,
499,99,24,
499,125,3,
503,314,30,
503,435,23,
503,584,13,
503,720,13,
503,945,23,
505,41,24,
505,67,3,
505,199,24,
505,225,3,
505,544,3,
505,969,3,
505,1611,8,
505,1677,3,
506,0,8,
506,83,8,
506,995,8,
510,70,15,
510,206,15,
510,251,15,
511,1064,3,
512,62,3,
512,44,16,
513,299,2,
513,282,15,
515,19,17,
515,80,17,
515,666,15,
516,581,20,
517,0,11,
517,56,11,
517,275,11,
517,819,11,
517,965,11,
517,1389,11,
519,406,7,
520,78,13,
520,630,13,
520,729,13,
520,809,23,
520,1050,14,
520,1164,13,
520,1522,14,
523,102,20,
523,178,5,
523,147,29,
523,218,11,
523,443,26,
523,691,3,
523,662,27,
523,1380,5,
524,688,28,
524,718,3,
524,1128,3,
524,1184,3,
531,187,5,
531,131,54,
531,1121,11,
534,82,14,
534,711,13,
534,1253,14,
535,75,18,
536,106,21,
536,129,3,
537,59,19,
538,1273,5,
540,112,21,
540,211,28,
540,458,13,
540,651,21,
540,794,28,
540,1691,13,
541,157,25,
541,237,27,
542,104,21,
543,178,3,
543,153,23,
545,22,28,
548,78,28,
548,109,28,
548,139,3,
548,345,3,
548,1025,3,
550,851,3,
551,36,13,
551,175,13,
551,275,13,
551,589,13,
551,718,14,
551,1066,13,
551,1226,13,
551,1440,13,
551,1975,13,
551,2054,13,
554,65,15,
554,82,27,
556,482,26,
557,0,26,
557,219,13,
557,535,20,
559,717,23,
561,107,21,
561,266,3,
566,73,11,
566,135,3,
566,111,22,
566,340,3,
571,66,12,
572,120,14,
572,277,14,
572,293,2,
574,1352,14,
576,86,24,
576,266,25,
576,524,4,
576,601,3,
576,572,27,
576,499,23,
578,132,3,
578,101,29,
578,358,3,
579,69,18,
579,89,2,
579,220,4,
579,339,2,
579,531,2,
579,1373,2,
580,55,20,
580,233,21,
580,260,15,
580,813,20,
580,1337,20,
586,110,15,
586,127,15,
586,601,15,
586,1802,15,
587,0,32,
587,90,32,
587,124,4,
588,124,17,
590,72,33,
590,107,4,
594,157,2,
594,124,31,
596,101,32,
598,646,17,
599,1387,15,
600,38,18,
600,92,18,
600,139,2,
600,1019,2,
604,763,17,
605,16,17,
605,53,17,
605,72,3,
606,41,18,
607,1078,3,
607,1046,30,
609,244,3,
609,217,25,
609,409,15,
609,483,3,
609,839,3,
609,894,15,
609,1050,14,
609,2195,3,
610,423,7,
611,655,2,
611,631,22,
612,113,13,
614,22,20,
614,97,20,
614,119,3,
622,0,15,
622,501,14,
622,663,15,
623,1195,6,
623,1361,6,
624,162,3,
624,145,15,
624,1740,3,
625,77,28,
625,107,3,
625,151,4,
625,116,33,
626,288,2,
626,264,22,
626,654,2,
626,858,19,
628,153,17,
628,172,4,
628,693,4,
628,1183,4,
632,910,7,
633,89,18,
633,340,9,
633,394,27,
633,423,3,
633,456,3,
633,497,3,
633,466,29,
633,429,25,
635,128,3,
635,104,22,
636,894,2,
636,1502,2,
637,114,19,
637,575,20,
637,597,16,
640,108,4,
640,72,34,
640,808,4,
640,772,34,
641,552,7,
642,1126,14,
646,387,20,
647,706,17,
647,1216,17,
648,123,18,
648,150,3,
649,150,30,
649,697,13,
649,1114,17,
653,408,17,
653,1069,15,
654,498,25,
655,672,13,
655,830,17,
657,1,16,
660,364,14,
662,53,27,
662,103,27,
662,132,3,
663,86,27,
663,115,3,
663,586,3,
663,699,3,
665,57,27,
665,110,27,
665,139,3,
665,459,3,
665,690,3,
665,741,3,
666,12,27,
674,0,18,
674,432,18,
676,250,27,
676,279,3,
682,118,25,
682,145,4,
683,52,17,
683,790,18,
685,22,27,
685,119,27,
685,148,3,
695,79,13,
695,156,17,
695,808,13,
695,2265,13,
696,258,4,
696,231,25,
697,25,24,
697,131,24,
698,347,14,
698,379,18,
698,548,5,
698,555,14,
702,134,18,
702,155,2,
702,1257,2,
703,110,3,
703,82,26,
704,1006,11,
704,1110,13,
705,734,18,
706,434,7,
708,142,3,
708,112,28,
708,1666,3,
709,136,17,
709,155,25,
710,683,17,
711,147,6,
712,31,15,
712,57,26,
712,85,3,
713,89,24,
713,115,3,
713,1754,18,
714,21,13,
717,202,3,
717,175,25,
718,193,22,
719,527,3,
719,499,26,
720,124,15,
721,299,21,
725,282,3,
725,1426,3,
726,169,20,
726,401,20,
726,1220,20,
727,41,21,
727,108,21,
727,131,3,
727,401,3,
727,878,3,
727,1178,3,
729,145,14,
729,161,28,
730,62,5,
731,857,2,
733,129,18,
734,724,5,
734,673,49,
};
}
static void init1() {
a1 = new int[] {
737,205,4,
737,167,36,
738,382,3,
739,82,3,
739,59,21,
739,601,3,
740,243,3,
740,212,29,
740,1578,3,
743,153,18,
743,370,6,
743,770,18,
744,234,13,
744,331,13,
744,469,13,
744,988,13,
744,1061,13,
744,1259,13,
745,872,1,
749,91,17,
749,110,17,
749,129,4,
749,672,4,
749,1094,4,
749,1387,4,
755,67,13,
755,97,13,
755,213,26,
755,338,13,
755,576,13,
755,603,13,
755,1214,13,
755,1614,25,
755,1940,13,
755,2055,3,
758,75,8,
758,424,8,
758,549,8,
762,168,3,
762,138,28,
763,88,3,
763,64,22,
763,273,3,
765,1402,3,
765,1387,13,
766,32,21,
766,67,27,
766,255,11,
766,701,11,
766,1541,17,
766,1626,11,
766,2108,11,
766,2201,11,
766,2276,11,
766,2359,3,
770,31,10,
770,381,22,
770,664,22,
771,311,3,
773,171,3,
773,143,26,
773,380,5,
775,2080,18,
775,2292,18,
776,137,17,
776,224,3,
776,257,17,
776,192,30,
776,156,3,
776,1447,17,
778,104,18,
778,124,2,
779,92,13,
779,609,13,
779,1627,13,
781,43,25,
781,215,25,
781,242,3,
782,59,15,
782,134,15,
782,428,15,
784,708,17,
784,740,16,
785,50,18,
785,70,3,
785,204,4,
785,281,18,
785,312,4,
785,347,4,
785,441,18,
786,17,20,
786,55,20,
786,77,3,
786,735,3,
790,349,17,
790,369,3,
791,123,30,
791,155,2,
791,230,14,
791,284,4,
791,246,36,
791,427,4,
791,402,23,
791,907,4,
791,869,36,
791,1183,5,
791,1132,49,
791,1360,4,
792,647,14,
794,985,3,
794,953,30,
795,75,15,
797,327,3,
799,172,15,
800,0,25,
800,664,21,
802,975,3,
805,15,21,
805,332,4,
809,29,17,
809,61,17,
809,616,17,
809,907,17,
811,36,13,
811,272,13,
811,417,13,
811,500,14,
811,1608,13,
814,40,13,
819,991,3,
819,957,32,
823,40,13,
823,182,13,
823,491,13,
823,687,13,
823,992,13,
823,1066,24,
823,1211,13,
823,1636,13,
823,1788,13,
824,244,3,
825,0,24,
825,45,24,
825,100,24,
825,284,24,
825,569,24,
825,674,24,
825,855,24,
825,1079,24,
825,1182,24,
825,1518,24,
825,1617,24,
827,110,29,
827,142,27,
827,171,2,
827,2130,20,
829,297,3,
831,103,20,
831,185,16,
831,509,20,
831,717,3,
833,98,29,
834,131,16,
834,149,2,
834,366,14,
835,413,21,
837,312,17,
840,128,26,
840,717,13,
844,87,16,
844,118,16,
844,578,6,
847,18,17,
847,165,17,
849,30,18,
850,55,8,
850,279,8,
852,349,10,
852,1118,2,
852,1418,3,
852,1394,22,
853,801,13,
853,986,13,
853,1517,17,
854,51,18,
854,176,18,
854,448,20,
854,701,18,
854,764,20,
854,816,1,
854,969,18,
854,1129,18,
855,100,24,
855,271,24,
855,503,24,
856,2697,17,
857,80,17,
858,103,27,
858,132,3,
858,795,1,
859,0,20,
860,0,28,
861,144,3,
861,114,28,
862,254,20,
862,276,3,
862,539,3,
863,140,41,
864,114,18,
864,230,18,
865,41,18,
865,94,18,
867,84,17,
869,332,21,
869,355,3,
869,1738,24,
872,317,13,
873,69,10,
874,1822,7,
875,121,28,
875,151,3,
875,492,3,
875,1232,3,
876,92,17,
876,156,15,
876,261,17,
876,697,17,
876,1325,17,
876,1997,17,
878,23,18,
878,44,18,
878,63,2,
878,625,2,
879,94,17,
879,113,3,
882,42,28,
882,408,28,
882,438,3,
882,620,3,
882,747,33,
882,782,4,
883,490,19,
883,521,25,
883,558,27,
883,998,27,
890,27,13,
890,187,13,
893,0,35,
893,76,33,
893,154,33,
893,189,4,
893,562,4,
894,89,20,
894,111,2,
894,582,16,
894,857,2,
895,58,17,
895,78,2,
900,117,21,
902,93,30,
902,661,15,
903,115,18,
903,142,18,
905,199,10,
907,289,2,
907,265,22,
907,359,12,
907,525,2,
907,663,2,
907,984,2,
907,1437,2,
908,58,20,
908,123,5,
908,92,29,
908,934,5,
908,2228,5,
912,80,27,
912,205,27,
912,235,3,
912,328,3,
912,617,27,
912,1180,3,
912,1275,3,
915,85,14,
916,235,3,
916,212,21,
916,1636,3,
918,403,3,
918,388,13,
920,651,3,
921,1445,26,
921,1613,14,
923,27,24,
923,58,24,
923,84,3,
923,391,4,
923,577,3,
923,794,3,
923,993,3,
926,1343,12,
927,130,18,
927,184,18,
927,315,18,
927,820,1,
927,1126,18,
928,231,9,
929,237,20,
930,87,21,
930,110,3,
931,118,20,
932,254,2,
932,233,19,
932,392,3,
932,366,24,
932,822,2,
933,110,3,
933,206,3,
933,178,26,
933,78,30,
933,705,20,
935,784,17,
935,1077,13,
935,1391,17,
936,33,17,
939,32,15,
940,47,25,
941,327,17,
941,1472,4,
942,137,3,
942,107,28,
945,0,22,
945,187,22,
947,105,16,
947,245,16,
947,263,2,
948,108,21,
948,131,3,
950,131,32,
955,112,3,
955,80,30,
956,213,3,
956,236,2,
956,185,26,
956,219,15,
957,173,2,
957,163,8,
957,371,3,
957,344,25,
958,18,22,
958,161,28,
958,339,22,
958,363,3,
958,444,3,
958,847,3,
961,157,24,
961,299,24,
961,325,3,
961,1746,4,
961,1964,3,
962,87,3,
962,53,32,
962,585,3,
962,884,3,
966,0,27,
969,155,18,
971,23,18,
972,617,3,
972,603,12,
974,238,21,
974,369,28,
974,399,3,
976,418,18,
978,293,13,
978,453,25,
978,576,13,
978,718,13,
978,969,13,
978,1279,22,
978,2125,22,
980,103,14,
980,277,14,
980,464,14,
981,1276,3,
982,101,3,
982,69,30,
983,171,4,
983,141,28,
986,53,21,
986,330,21,
986,874,22,
987,939,15,
987,1318,17,
988,503,26,
988,531,3,
991,1053,2,
992,129,3,
992,104,23,
992,906,21,
993,387,22,
993,412,3,
995,230,4,
995,289,4,
995,189,39,
995,240,47,
995,944,4,
996,132,25,
996,246,28,
996,750,22,
996,1635,14,
996,1705,13,
997,86,2,
997,69,15,
998,100,20,
998,153,5,
998,122,29,
998,371,5,
998,1598,5,
1001,0,25,
1001,343,3,
1001,1110,11,
1006,1024,13,
1006,1395,29,
1006,1664,18,
1007,386,17,
1007,624,18,
1009,62,13,
1009,107,27,
1009,254,13,
1009,269,2,
1009,313,27,
1009,342,3,
1009,1144,19,
1009,1223,2,
1011,169,28,
1011,199,40,
1015,806,13,
1016,261,2,
1016,241,18,
1016,752,17,
1017,91,29,
1017,122,3,
1017,763,5,
1018,107,5,
1018,276,5,
1018,418,5,
1018,1200,9,
1018,1561,5,
1018,1712,9,
1019,37,18,
1019,163,18,
1020,138,3,
1020,108,28,
1021,197,5,
1021,1180,18,
1022,151,1,
1024,33,14,
1025,678,8,
1026,153,3,
1026,124,27,
1026,690,3,
1030,180,18,
1032,160,3,
1032,128,30,
1034,0,19,
1034,133,19,
1034,154,3,
1034,508,3,
1039,82,24,
1039,146,3,
1039,120,24,
1039,1710,24,
1040,53,16,
1043,47,21,
1043,696,2,
1043,851,3,
1044,179,14,
1044,195,5,
1045,109,14,
1045,1004,28,
1046,1292,3,
1048,103,28,
1048,167,21,
1048,269,29,
1048,458,29,
1048,761,13,
1048,810,13,
1050,394,9,
1050,834,9,
1050,1094,1,
1050,1351,12,
1050,1367,10,
1050,1614,11,
1052,491,27,
1052,520,3,
1052,829,3,
1052,1391,3,
1054,423,16,
1055,1945,14,
1055,2255,14,
1057,214,21,
1057,652,17,
1058,178,16,
1058,196,2,
1058,443,16,
1058,689,3,
1058,675,12,
1059,257,2,
1059,233,22,
1059,1064,2,
1059,1138,2,
1060,457,21,
1060,480,3,
1062,14,24,
1062,70,24,
1063,298,17,
1064,1156,3,
1064,1125,29,
1064,2452,2,
1064,2952,2,
1065,233,3,
1065,269,4,
1065,214,17,
1065,242,25,
1065,1138,18,
1066,536,21,
1066,559,2,
1066,1677,2,
1067,108,15,
1067,589,3,
1067,905,3,
1068,31,27,
1068,83,27,
1068,112,3,
1068,669,3,
1069,78,41,
1070,454,22,
1070,1077,22,
1071,32,16,
1071,77,17,
1071,160,16,
1075,171,3,
1075,138,31,
1075,1215,10,
1076,105,25,
1076,439,13,
1076,796,11,
1076,2170,11,
1078,61,18,
1078,81,18,
1078,101,2,
1078,151,9,
1079,254,2,
1079,233,19,
1079,1004,2,
1080,1903,6,
1081,154,28,
1081,184,3,
1081,450,3,
1081,508,3,
1083,91,28,
1083,250,28,
1083,280,3,
1083,1455,3,
1085,61,3,
1086,493,13,
1087,160,23,
1089,66,13,
1089,81,22,
1089,131,13,
1090,94,14,
1090,144,5,
1090,294,17,
1090,1163,5,
1091,418,3,
1096,0,26,
1096,53,26,
1096,81,3,
1096,489,3,
1096,1136,3,
1098,0,21,
1098,827,19,
1099,0,24,
1099,282,24,
1099,309,3,
1099,951,3,
1101,764,7,
1103,0,35,
1103,46,11,
1103,806,26,
1103,1351,26,
1103,2094,12,
1105,232,3,
1105,208,22,
1109,162,10,
1109,489,12,
1111,497,27,
1111,526,3,
1111,561,3,
1111,534,25,
1111,699,3,
1112,248,13,
1112,330,13,
1112,588,13,
1112,767,15,
1112,1042,13,
1112,1104,13,
1112,1349,14,
1112,1464,14,
1120,55,17,
1121,236,2,
1121,218,16,
1121,716,2,
1122,85,25,
1122,165,36,
1123,143,1,
1124,126,14,
1124,142,27,
1124,171,3,
1124,191,14,
1125,360,20,
1125,864,21,
1126,522,27,
1127,1100,12,
1129,581,10,
1130,136,19,
1131,0,18,
1132,51,22,
1132,75,3,
1132,219,3,
1132,195,22,
1133,110,27,
1133,903,3,
1135,178,4,
1135,145,31,
1135,787,4,
1135,979,5,
1136,79,22,
1139,70,21,
1139,120,5,
1139,268,32,
1139,329,5,
1139,361,21,
1139,400,25,
1139,1203,32,
1139,1253,5,
1140,145,17,
1140,164,2,
1140,1829,21,
1141,374,3,
1141,343,29,
1141,707,16,
1141,1190,27,
1142,179,4,
1142,142,35,
1144,375,1,
1145,323,9,
1147,120,19,
1147,141,3,
1147,275,3,
1147,245,28,
1149,710,3,
1149,1549,3,
1150,473,4,
1150,751,19,
1150,1210,19,
1151,1242,11,
1151,1621,11,
1152,192,13,
1153,45,8,
1153,475,8,
1153,517,8,
1153,788,8,
1153,1396,8,
1154,102,22,
1154,147,22,
1155,0,21,
1155,111,21,
1155,134,3,
1157,174,2,
1157,157,15,
1157,389,23,
1158,98,13,
1158,516,13,
1158,568,17,
1158,845,13,
1159,0,20,
1159,22,13,
1159,37,2,
1159,100,3,
1159,73,25,
1160,61,18,
1160,215,18,
1161,105,25,
1162,157,3,
1162,127,28,
1164,67,1,
1165,409,15,
1166,245,14,
1166,327,18,
1167,169,8,
1167,1104,8,
1170,425,25,
1170,1343,13,
1171,425,4,
1171,384,39,
1172,449,13,
1172,464,15,
1172,481,21,
1172,518,24,
1172,594,15,
1172,1171,13,
1172,1186,15,
1172,1203,21,
1172,1240,24,
1172,1312,15,
1174,68,22,
1174,100,22,
1174,124,3,
1176,13,15,
1177,563,3,
1178,57,27,
1178,86,3,
1178,358,3,
1178,1234,3,
1186,0,18,
1190,0,24,
1190,261,3,
1191,146,16,
1192,0,13,
1192,182,3,
1192,479,13,
1192,550,27,
1192,899,13,
1192,1172,13,
1193,137,13,
1193,152,3,
1194,126,8,
1194,1261,16,
1194,1279,2,
1194,1309,3,
1194,1287,20,
1196,176,18,
1196,197,2,
1204,94,3,
1204,64,28,
1204,236,3,
1206,82,20,
1208,25,24,
1208,207,24,
1208,1031,24,
1210,46,20,
1210,154,20,
1210,176,2,
1210,1350,2,
1213,1741,2,
1214,14,17,
1215,32,21,
1215,150,13,
1216,89,20,
1217,60,13,
1217,304,13,
1217,393,13,
1217,536,13,
1217,688,13,
1217,1085,13,
1218,282,4,
1218,252,28,
1218,1166,3,
1218,1149,15,
1219,179,4,
1219,132,45,
1224,362,3,
1224,338,22,
1225,267,16,
1225,289,35,
1225,564,13,
1225,679,13,
1225,1594,32,
1225,1666,24,
1226,94,8,
1227,573,13,
1228,76,19,
1228,97,18,
1229,148,3,
1229,131,15,
1229,357,13,
1229,995,3,
1232,125,13,
1232,186,13,
1233,32,21,
1233,1898,3,
1235,898,9,
1236,67,18,
1238,101,38,
1238,170,27,
1238,199,3,
1241,81,18,
1242,60,21,
1242,299,21,
1242,1054,21,
1244,53,17,
1244,285,17,
1244,878,17,
1246,77,18,
1246,97,2,
1247,1548,2,
1247,1644,2,
1247,1930,2,
1248,121,2,
1248,103,16,
1248,992,3,
1249,67,20,
1249,455,20,
1249,873,20,
1249,1023,20,
1250,66,17,
1250,85,17,
1250,104,2,
1251,358,20,
1251,381,3,
1251,444,21,
1251,861,4,
1251,982,4,
1251,1492,3,
1253,245,2,
1253,221,22,
1253,571,2,
1253,654,2,
1254,0,18,
1254,473,20,
1254,495,2,
1255,78,16,
1256,0,18,
1256,78,18,
1256,206,18,
1256,226,2,
1256,667,2,
1256,1157,17,
1258,57,18,
1259,125,3,
1259,100,23,
1259,438,3,
1260,283,4,
1260,238,43,
1261,44,9,
1261,319,18,
1263,1235,15,
1264,49,15,
1264,66,15,
1264,379,15,
1264,525,15,
1264,1321,15,
1265,25,18,
1265,45,2,
1265,49,18,
1266,48,28,
1266,120,30,
1266,250,13,
1266,284,21,
1266,852,23,
1267,274,17,
1267,293,3,
1268,103,29,
1268,432,31,
1268,475,30,
1268,507,3,
1268,705,17,
1269,40,21,
1269,63,2,
1269,340,13,
1270,0,21,
1270,216,13,
1270,1197,16,
1273,128,3,
1274,112,2,
1274,92,18,
1274,1447,17,
1276,271,2,
1276,247,22,
1276,473,2,
1276,857,2,
1276,1749,2,
1277,222,3,
1277,190,30,
1279,0,15,
1282,102,21,
1282,125,3,
1283,374,3,
1283,342,30,
1285,89,21,
1285,357,21,
1285,380,3,
1285,557,3,
1287,74,20,
1287,127,5,
1287,96,29,
1287,1313,5,
1293,28,18,
1293,1107,18,
1295,97,13,
1295,214,13,
1295,1634,13,
1295,1856,13,
1296,0,18,
1296,73,18,
1296,100,3,
1298,1083,11,
1300,128,18,
1300,148,3,
1301,60,18,
1301,148,18,
1301,168,2,
1301,565,2,
1302,135,27,
1302,164,3,
1302,492,3,
1302,641,3,
1304,146,4,
1304,105,39,
1305,746,2,
1305,1341,13,
1305,1502,13,
1306,54,26,
1306,152,3,
1306,260,13,
1306,124,26,
1306,1094,36,
1307,63,18,
1307,822,18,
1308,168,3,
1308,141,25,
1310,126,20,
1310,722,20,
1312,25,18,
1312,115,18,
1314,51,26,
1314,162,26,
1314,405,14,
1316,1093,3,
1316,1072,19,
1317,31,19,
1319,680,5,
1319,829,2,
1321,0,18,
1321,603,18,
1321,749,18,
1321,968,20,
1321,1463,20,
1323,112,14,
1323,432,20,
1324,63,18,
1324,506,18,
1325,40,16,
1325,58,16,
1325,735,16,
1325,1071,16,
1327,111,9,
1331,100,18,
1331,1030,18,
1331,1118,18,
1331,1565,18,
1332,350,14,
1332,367,2,
1335,0,18,
1335,114,18,
1335,135,2,
1335,1260,4,
1335,1313,4,
1336,144,18,
1336,165,2,
1336,931,2,
1336,1281,18,
1338,784,20,
1339,68,33,
1339,209,4,
1340,117,21,
1340,140,21,
1340,163,3,
1340,1661,12,
1344,94,40,
1344,136,4,
1344,406,3,
1344,534,3,
1344,504,28,
1344,383,21,
1345,855,13,
1346,252,29,
1346,283,2,
1350,104,3,
1350,74,28,
1351,102,28,
1351,285,28,
1351,316,3,
1352,1052,18,
1353,105,28,
1356,210,2,
1356,193,15,
1356,893,16,
1356,1002,19,
1356,1687,16,
};
}
static void init2() {
a2 = new int[] {
1357,143,25,
1357,608,25,
1359,64,27,
1360,256,23,
1360,281,1,
1360,284,1,
1360,298,1,
1361,0,18,
1361,119,18,
1361,174,18,
1361,195,2,
1362,423,17,
1362,642,28,
1362,1169,13,
1363,0,21,
1365,61,21,
1365,84,21,
1365,107,3,
1365,1437,3,
1365,1417,18,
1366,189,14,
1366,327,14,
1367,86,3,
1367,71,13,
1369,153,3,
1369,121,30,
1371,91,18,
1372,116,19,
1372,137,19,
1372,158,3,
1375,0,26,
1376,77,18,
1376,283,18,
1378,24,13,
1378,158,13,
1378,278,13,
1378,471,14,
1379,0,25,
1379,73,25,
1379,100,3,
1379,291,13,
1380,75,14,
1380,91,14,
1380,107,3,
1381,268,3,
1381,234,32,
1382,461,3,
1382,433,26,
1382,1300,3,
1383,54,25,
1383,213,25,
1383,240,3,
1383,777,3,
1385,228,4,
1385,196,30,
1385,574,4,
1386,47,20,
1386,69,22,
1386,93,5,
1386,116,19,
1387,87,18,
1387,118,18,
1388,139,3,
1388,107,30,
1388,1042,3,
1389,114,16,
1394,74,26,
1394,102,2,
1399,87,18,
1400,36,18,
1400,115,18,
1400,136,2,
1400,579,2,
1400,768,2,
1400,971,2,
1400,1029,2,
1402,96,15,
1402,427,15,
1402,644,15,
1402,818,9,
1402,1281,15,
1402,1451,15,
1402,1548,15,
1404,189,27,
1404,218,3,
1404,253,3,
1404,226,25,
1404,662,3,
1405,125,2,
1405,99,24,
1406,93,20,
1406,158,20,
1407,68,18,
1407,118,18,
1407,138,2,
1408,2106,7,
1411,197,24,
1411,223,3,
1412,507,1,
1412,627,1,
1415,257,21,
1415,1096,1,
1417,287,21,
1417,311,3,
1421,259,18,
1422,95,3,
1422,618,17,
1422,696,2,
1422,1471,3,
1425,111,14,
1425,284,14,
1425,769,14,
1427,144,28,
1427,174,3,
1430,51,14,
1430,97,28,
1430,127,3,
1430,435,3,
1430,1544,3,
1431,42,17,
1431,279,28,
1431,655,21,
1432,96,16,
1434,714,18,
1434,1193,18,
1435,297,8,
1435,756,8,
1435,1230,8,
1438,105,21,
1438,214,21,
1438,1368,18,
1439,283,20,
1442,132,16,
1442,150,3,
1442,505,3,
1442,975,3,
1444,33,15,
1444,50,26,
1444,78,2,
1445,211,4,
1445,174,35,
1445,755,19,
1449,554,15,
1451,199,6,
1451,157,40,
1451,400,6,
1451,916,6,
1453,166,20,
1453,188,2,
1456,1739,3,
1457,209,3,
1457,183,24,
1457,1046,19,
1457,1336,3,
1458,62,17,
1458,81,3,
1458,1017,3,
1459,969,15,
1460,179,6,
1461,0,13,
1461,53,24,
1461,79,15,
1462,25,24,
1462,80,24,
1462,106,3,
1463,102,14,
1463,118,14,
1463,134,2,
1463,378,2,
1463,567,2,
1463,1259,2,
1466,913,3,
1467,278,3,
1467,248,28,
1467,517,21,
1469,302,2,
1469,281,19,
1470,373,17,
1470,392,3,
1472,624,18,
1472,644,3,
1472,1508,13,
1475,492,13,
1476,164,27,
1476,193,3,
1476,281,4,
1476,241,38,
1476,837,3,
1476,1033,3,
1476,1160,3,
1477,194,13,
1477,209,3,
1477,403,2,
1477,383,18,
1481,0,12,
1482,11,18,
1482,170,18,
1482,190,3,
1483,95,15,
1483,444,15,
1484,60,22,
1484,116,22,
1484,434,3,
1484,597,3,
1484,851,3,
1484,955,3,
1490,153,3,
1490,726,14,
1490,745,4,
1491,71,13,
1491,702,13,
1492,35,19,
1492,80,19,
1492,1482,13,
1494,60,9,
1494,236,9,
1494,261,22,
1494,285,3,
1494,689,3,
1494,963,9,
1497,73,18,
1497,93,2,
1497,259,18,
1497,280,2,
1498,17,14,
1498,126,14,
1498,241,14,
1498,461,14,
1501,93,13,
1501,108,13,
1501,1670,13,
1502,69,13,
1502,196,13,
1502,507,13,
1502,714,13,
1502,1024,13,
1502,1299,13,
1502,1534,13,
1503,107,16,
1503,167,16,
1503,292,3,
1503,185,2,
1503,265,25,
1503,444,2,
1503,523,2,
1504,39,24,
1504,126,24,
1504,152,3,
1504,688,3,
1507,33,22,
1507,103,22,
1507,127,3,
1507,703,3,
1507,823,3,
1507,927,3,
1507,1737,3,
1513,128,33,
1513,163,4,
1514,876,20,
1517,164,2,
1517,143,19,
1517,502,2,
1518,25,23,
1518,59,23,
1518,84,3,
1520,120,4,
1520,82,36,
1522,75,20,
1522,128,3,
1522,106,20,
1522,399,5,
1528,93,20,
1528,191,5,
1528,160,29,
1528,1136,14,
1528,1499,4,
1529,46,25,
1530,176,18,
1531,32,20,
1531,85,5,
1531,54,29,
1532,23,20,
1532,163,20,
1532,186,3,
1532,722,18,
1532,743,2,
1538,114,13,
1538,316,14,
1538,397,25,
1538,849,13,
1538,987,14,
1538,1098,25,
1538,1306,13,
1538,1379,13,
1538,1555,13,
1539,745,18,
1541,734,13,
1542,113,18,
1547,61,18,
1547,81,18,
1547,102,2,
1547,871,2,
1549,76,20,
1549,141,5,
1549,110,29,
1551,77,21,
1551,175,17,
1551,194,2,
1551,201,21,
1551,224,3,
1551,261,6,
1552,147,3,
1552,121,24,
1552,467,3,
1552,812,3,
1553,85,3,
1553,137,3,
1553,223,3,
1553,719,3,
1554,7,15,
1554,109,15,
1554,126,2,
1557,174,27,
1557,372,21,
1559,693,29,
1559,724,3,
1561,0,17,
1562,145,3,
1562,1199,3,
1563,88,14,
1563,592,13,
1563,727,13,
1563,790,13,
1563,1375,13,
1565,104,14,
1565,286,14,
1569,58,8,
1569,203,8,
1569,1735,8,
1571,764,19,
1572,39,19,
1572,77,19,
1574,103,2,
1574,83,18,
1574,717,2,
1576,1572,17,
1576,1591,18,
1576,1658,18,
1579,244,18,
1579,465,18,
1579,485,3,
1581,150,30,
1581,632,12,
1582,491,15,
1582,1008,15,
1584,69,27,
1584,98,4,
1584,256,22,
1584,319,4,
1587,0,20,
1587,53,3,
1587,31,20,
1587,692,21,
1587,942,15,
1587,1224,21,
1588,25,8,
1591,113,10,
1592,0,20,
1592,255,20,
1592,277,3,
1592,285,20,
1592,307,3,
1594,0,17,
1594,68,17,
1594,87,2,
1594,309,2,
1594,502,25,
1594,670,3,
1594,650,18,
1594,745,3,
1594,1026,3,
1594,1754,3,
1597,39,16,
1600,434,13,
1600,772,25,
1600,1418,13,
1600,1586,13,
1602,276,3,
1602,246,28,
1602,510,8,
1603,188,34,
1603,940,23,
1604,0,20,
1605,156,3,
1605,128,26,
1607,1023,30,
1607,1055,3,
1608,86,15,
1608,103,15,
1608,256,15,
1608,590,15,
1608,1281,15,
1608,1841,15,
1612,184,3,
1612,345,13,
1612,448,13,
1612,560,3,
1612,1300,3,
1613,43,25,
1613,103,25,
1613,130,3,
1615,149,3,
1615,1147,18,
1616,105,18,
1616,159,18,
1616,179,3,
1617,76,14,
1617,92,14,
1617,108,2,
1618,1521,18,
1618,1544,18,
1619,45,15,
1619,108,15,
1619,125,2,
1619,484,2,
1619,463,19,
1619,1072,2,
1620,121,18,
1620,482,18,
1620,859,18,
1620,1634,18,
1620,1753,18,
1621,51,8,
1621,439,8,
1622,277,3,
1627,1741,2,
1627,1715,24,
1628,0,20,
1629,248,17,
1629,267,3,
1630,0,28,
1630,220,20,
1630,242,3,
1631,96,12,
1632,25,25,
1632,150,3,
1632,131,17,
1634,72,8,
1634,204,8,
1634,809,8,
1636,0,27,
1636,29,27,
1636,58,3,
1636,965,8,
1637,260,18,
1638,256,3,
1638,233,21,
1640,37,13,
1640,568,14,
1641,96,18,
1641,416,14,
1642,0,25,
1642,281,25,
1647,52,15,
1647,69,2,
1653,164,18,
1653,386,18,
1655,0,18,
1655,74,22,
1658,49,13,
1658,802,22,
1660,551,15,
1662,21,22,
1662,80,22,
1663,109,23,
1663,276,30,
1663,741,23,
1663,855,30,
1665,1109,21,
1665,1177,14,
1665,1282,21,
1665,1873,13,
1665,1919,15,
1666,8,18,
1667,34,18,
1668,116,15,
1668,329,13,
1669,79,6,
1669,98,17,
1670,110,14,
1670,192,16,
1670,210,2,
1670,1278,2,
1670,1566,2,
1672,37,27,
1672,66,27,
1672,95,3,
1672,237,3,
1672,578,3,
1672,667,3,
1672,805,3,
1673,112,29,
1673,144,3,
1673,333,3,
1673,554,21,
1673,682,16,
1673,747,3,
1673,861,16,
1673,1540,3,
1674,43,20,
1675,1403,12,
1675,2246,24,
1678,44,34,
1678,196,29,
1678,230,23,
1678,352,15,
1678,983,13,
1678,1467,22,
1678,1494,23,
1680,75,24,
1680,117,16,
1680,965,24,
1680,991,3,
1684,83,13,
1685,1346,3,
1686,0,25,
1686,136,21,
1686,782,21,
1686,1591,25,
1687,101,14,
1687,117,14,
1687,133,2,
1687,236,2,
1687,1878,2,
1689,41,14,
1689,245,14,
1691,223,3,
1691,201,20,
1692,239,11,
1695,0,24,
1695,57,24,
1695,83,3,
1698,219,3,
1698,182,35,
1699,162,14,
1699,405,14,
1699,1162,14,
1699,1264,14,
1701,40,21,
1701,87,21,
1701,110,3,
1701,313,3,
1701,286,25,
1701,573,3,
1701,1732,3,
1702,127,3,
1703,67,13,
1703,112,13,
1703,319,14,
1703,653,14,
1703,1105,14,
1705,66,25,
1706,126,35,
1707,123,3,
1707,88,33,
1710,218,24,
1710,324,4,
1710,291,31,
1714,986,20,
1715,105,21,
1715,128,34,
1715,473,22,
1715,1347,16,
1716,838,2,
1717,27,24,
1717,53,24,
1718,51,21,
1718,133,21,
1718,156,3,
1719,67,14,
1719,145,28,
1719,176,3,
1723,62,20,
1723,115,5,
1723,84,29,
1723,840,5,
1723,1248,5,
1723,1457,5,
1724,1632,13,
1725,70,15,
1725,218,7,
1725,396,15,
1725,953,15,
1728,94,18,
1728,115,2,
1728,259,4,
1728,482,2,
1728,882,2,
1731,149,24,
1731,183,4,
1736,22,21,
1736,162,31,
1736,714,11,
1736,1184,11,
1737,38,18,
1737,230,18,
1737,250,2,
1738,324,2,
1738,297,25,
1739,147,5,
1739,107,38,
1739,1057,7,
1740,163,3,
1740,145,16,
1740,1282,3,
1741,184,9,
1741,253,3,
1741,226,25,
1742,72,20,
1742,94,19,
1742,115,3,
1742,1265,11,
1743,67,19,
1744,502,28,
1745,60,21,
1745,202,3,
1745,179,21,
1745,420,3,
1746,141,13,
1746,560,3,
1746,544,14,
1747,306,16,
1747,1312,3,
1748,432,8,
1748,770,8,
1748,1543,8,
1749,149,3,
1749,117,30,
1750,77,18,
1750,127,18,
1750,148,2,
1750,296,2,
1751,330,18,
1751,351,2,
1751,664,2,
1751,1187,2,
1753,61,25,
1754,269,33,
1754,304,4,
1754,880,4,
1756,0,28,
1756,138,28,
1756,168,3,
1758,29,21,
1759,86,18,
1759,107,2,
1759,202,4,
1759,645,14,
1761,42,27,
1761,71,2,
1761,308,2,
1763,69,13,
1767,0,27,
1767,72,27,
1767,101,3,
1768,97,14,
1768,113,2,
1768,160,17,
1769,0,24,
1769,70,24,
1769,96,3,
1769,166,8,
1770,43,13,
1770,111,22,
1770,135,3,
1770,236,3,
1770,810,3,
1772,345,2,
1772,595,2,
1773,40,28,
1773,350,28,
1773,1091,28,
1774,135,23,
1774,366,24,
1775,367,6,
1776,83,33,
1780,157,17,
1780,835,17,
1782,44,17,
1782,753,5,
1782,722,29,
1785,488,17,
1786,491,17,
1786,520,16,
1786,538,4,
1786,608,17,
1786,672,16,
1787,381,3,
1787,349,30,
1788,1396,27,
1788,1425,3,
1788,1488,22,
1789,88,25,
1789,245,25,
1789,272,3,
1789,484,24,
1789,723,13,
1789,1751,3,
1790,135,4,
1790,99,34,
1792,248,3,
1792,219,27,
1792,1195,3,
1793,592,7,
1793,935,13,
1793,1310,6,
1796,909,17,
1797,12,17,
1797,118,17,
1797,493,17,
1797,596,17,
1797,642,21,
1797,759,17,
1797,886,17,
1797,1018,17,
1798,187,3,
1798,156,29,
1803,711,7,
1806,215,13,
1807,0,24,
1807,117,24,
1807,143,3,
1807,1217,3,
1807,1356,3,
1807,1195,20,
1809,133,15,
1809,574,15,
1809,676,15,
1809,887,14,
1809,1580,15,
1810,122,18,
1810,142,18,
1810,162,3,
1810,452,3,
1811,79,3,
1811,55,22,
1813,159,27,
1813,188,3,
1813,277,14,
1813,738,3,
1814,1514,11,
1815,63,10,
1815,265,3,
1815,233,30,
1816,136,17,
1816,1246,17,
1816,1384,17,
1816,1458,21,
1816,1778,22,
1817,1755,3,
1818,107,13,
1818,795,13,
1818,888,13,
1818,1644,13,
1819,178,25,
1819,373,14,
1819,913,17,
1820,110,4,
1820,218,13,
1820,84,24,
1820,1401,13,
1821,36,25,
1821,63,25,
1821,211,14,
1823,639,15,
1825,21,24,
1825,77,24,
1825,103,3,
1825,1134,3,
1826,100,24,
1826,273,24,
1826,299,3,
1826,556,3,
1826,518,36,
1826,1229,3,
1827,69,8,
1828,139,3,
1828,111,26,
1828,455,8,
1829,0,16,
1830,109,24,
1830,135,2,
1831,611,13,
1831,1386,3,
1831,1357,27,
1831,1584,13,
1831,1804,3,
1832,60,21,
1832,193,21,
1832,216,3,
1832,1498,3,
1834,129,17,
1834,148,3,
1834,455,3,
1834,418,35,
1835,882,18,
1836,453,6,
1836,1330,28,
1836,1544,28,
1840,193,4,
1840,150,41,
1841,61,25,
1845,68,17,
1845,87,2,
1845,264,2,
1848,837,3,
1848,811,24,
1849,729,11,
1849,969,11,
1850,175,20,
1850,197,3,
1850,205,20,
1850,227,4,
1851,40,20,
1853,108,26,
1853,136,3,
1854,38,20,
1854,198,20,
1854,556,20,
1855,38,10,
1857,236,24,
1858,525,7,
1861,83,28,
1861,293,28,
1861,323,3,
1863,181,3,
1863,444,3,
1864,193,11,
1864,214,4,
1864,962,4,
1865,87,26,
1865,115,2,
1866,673,15,
1866,927,15,
1867,24,20,
1867,349,11,
1869,0,20,
1869,84,20,
1869,106,3,
1869,658,3,
1870,59,14,
1872,0,24,
1872,95,24,
1872,121,3,
1878,68,14,
1878,142,14,
1878,181,18,
1878,1740,14,
1880,862,3,
1881,336,3,
1881,306,28,
1881,564,4,
1884,16,13,
1884,823,13,
1884,1415,13,
1885,1011,6,
1885,1172,6,
1886,378,17,
1886,812,8,
1891,26,42,
1893,747,17,
1896,12,17,
1896,103,13,
1896,118,3,
1898,179,15,
1898,196,2,
1900,36,17,
1900,149,17,
1900,168,4,
1900,439,4,
1900,558,4,
1900,705,4,
1900,859,4,
1900,1135,4,
1900,1513,4,
1900,1650,4,
1901,0,17,
1901,88,17,
1901,107,4,
1901,192,4,
1901,522,4,
1901,619,4,
1901,1444,4,
1902,73,10,
1902,182,10,
1902,518,7,
1903,448,22,
1904,574,22,
1905,95,10,
1906,107,26,
1906,205,16,
1906,515,26,
1906,745,26,
1906,1326,26,
1908,1137,22,
1909,380,5,
1911,36,19,
1911,78,13,
1911,93,2,
1911,819,13,
1913,118,27,
1913,147,3,
1913,752,3,
1914,40,18,
1917,76,30,
1918,115,14,
1918,459,2,
1918,434,23,
1925,307,27,
1926,195,3,
1926,168,25,
1926,1897,11,
1927,79,14,
1928,111,21,
1928,134,21,
1928,157,3,
1928,529,3,
1928,1181,3,
1929,822,3,
1931,31,13,
1931,106,13,
1932,30,25,
1932,57,3,
1932,104,37,
1932,1377,21,
1934,84,13,
1934,324,13,
1934,511,24,
1934,707,13,
1934,987,8,
1934,1708,13,
1936,331,21,
1936,355,3,
1938,914,3,
1938,1136,3,
1939,563,3,
1942,111,24,
1942,141,24,
1942,168,3,
1942,450,3,
1942,617,3,
1943,147,18,
1943,167,2,
1945,1373,12,
1946,140,3,
1946,118,20,
1946,294,3,
1947,105,13,
1947,555,13,
1948,46,18,
1948,66,18,
1948,86,2,
1948,204,2,
1948,870,2,
1949,70,25,
1949,97,3,
1949,583,25,
1950,141,2,
1950,120,19,
1951,181,30,
1951,860,30,
1952,39,14,
1952,334,27,
1952,363,3,
1952,1449,14,
1955,112,13,
1955,353,13,
1955,368,2,
1955,1001,2,
1957,230,4,
1957,192,36,
1958,62,17,
1958,93,17,
1958,112,4,
1958,278,4,
1958,431,4,
1958,478,4,
1958,834,4,
1958,1534,4,
1958,1599,4,
1959,80,35,
1959,117,35,
1959,154,3,
1961,142,4,
1961,115,25,
1962,121,30,
1964,354,21,
1967,172,4,
1967,139,31,
1967,712,2,
};
}
static void init3() {
a3 = new int[] {
1970,45,17,
1970,557,17,
1971,1458,3,
1976,77,20,
1977,186,3,
1977,162,22,
1978,74,24,
1978,100,3,
1978,673,18,
1978,756,3,
1979,121,6,
1980,62,22,
1980,567,29,
1984,302,3,
1988,37,2,
1988,24,11,
1988,1258,27,
1989,140,25,
1989,186,25,
1989,471,4,
1995,119,3,
1995,82,35,
1995,398,3,
1997,155,3,
1999,124,21,
1999,365,20,
1999,397,14,
1999,634,20,
1999,759,14,
1999,909,14,
2008,51,26,
2008,79,4,
2009,106,18,
2009,139,18,
2009,159,2,
2009,329,2,
2009,459,2,
2009,1156,2,
2010,0,14,
2010,167,14,
2010,483,14,
2010,1054,14,
2011,110,21,
2011,656,21,
2011,679,3,
2023,293,13,
2023,309,3,
2024,40,27,
2024,69,3,
2026,0,23,
2026,25,33,
2027,40,21,
2027,63,3,
2028,0,20,
2028,123,20,
2028,822,20,
2031,0,27,
2031,102,17,
2033,61,13,
2033,186,9,
2037,214,3,
2037,184,28,
2039,50,3,
2039,23,25,
2039,134,3,
2039,107,25,
2040,39,27,
2044,101,18,
2044,193,18,
2044,1670,18,
2048,126,26,
2049,689,8,
2052,71,19,
2055,508,37,
2056,727,27,
2056,756,3,
2056,853,27,
2063,15,27,
2063,44,27,
2063,73,3,
2063,305,1,
2063,308,1,
2063,411,3,
2065,172,2,
2065,150,20,
2067,38,20,
2067,662,20,
2071,35,15,
2071,248,14,
2075,73,18,
2075,93,2,
2076,81,17,
2076,109,2,
2076,1501,16,
2077,51,20,
2077,99,20,
2077,121,2,
2077,973,2,
2078,452,10,
2087,32,17,
2087,159,21,
2087,365,20,
2087,389,26,
2088,770,18,
2093,0,17,
2094,8,27,
2095,7,16,
2095,72,24,
2097,149,13,
2097,753,13,
2098,318,14,
2098,358,14,
2100,0,23,
2105,67,22,
2105,95,22,
2105,483,22,
2105,843,22,
2105,1167,22,
2112,88,14,
2118,63,3,
2121,67,3,
2123,48,12,
2124,0,21,
2124,201,21,
2124,224,3,
2127,50,22,
2127,529,12,
2128,76,24,
2128,102,3,
2131,73,15,
2131,255,15,
2131,817,15,
2131,1010,15,
2138,146,15,
2138,1373,15,
2140,597,3,
2140,568,27,
2141,587,18,
2144,72,27,
2146,61,13,
2146,150,13,
2151,0,22,
2153,20,13,
2154,15,24,
2154,104,24,
2154,130,3,
2154,961,3,
2158,624,2,
2161,241,20,
2161,320,3,
2161,298,20,
2162,76,9,
2165,31,19,
2166,602,7,
2167,0,24,
2167,221,14,
2168,245,24,
2169,26,13,
2171,90,18,
2172,97,14,
2173,0,20,
2173,60,11,
2173,73,3,
2173,337,12,
2173,495,12,
2177,24,18,
2177,63,18,
2177,83,2,
2177,393,2,
2179,41,33,
2179,77,33,
2179,1423,33,
2182,14,31,
2182,169,14,
2182,369,14,
2182,564,14,
2185,179,27,
2187,0,20,
2188,44,33,
2189,0,22,
2189,28,17,
2189,54,22,
2189,78,3,
2189,168,19,
2189,455,10,
2194,345,17,
2196,7,16,
2197,236,14,
2197,375,4,
2197,340,33,
2207,300,3,
2207,284,14,
2208,41,20,
2208,459,2,
2208,435,22,
2209,64,3,
2209,40,22,
2210,20,18,
2210,93,27,
2210,339,18,
2210,592,18,
2210,686,18,
2210,1022,18,
2213,118,21,
2214,255,3,
2214,320,3,
2214,231,22,
2214,300,18,
2218,496,2,
2218,1965,2,
2222,0,21,
2223,39,22,
2224,0,20,
2224,25,20,
2236,51,18,
2237,32,21,
2240,0,6,
2242,0,24,
2253,31,24,
2253,133,24,
2253,974,24,
2258,107,20,
2258,169,20,
2264,0,27,
2269,73,7,
2275,44,2,
2279,0,19,
2281,0,22,
2285,138,1,
2290,0,23,
2299,857,2,
};
}
static int[] a0;
static int[] a1;
static int[] a2;
static int[] a3;
static {
init0();
init1();
init2();
init3();
}
int[] annotate() {
int[] ans = new int[9693];
int idx = 0;
for (int i:a0) ans[idx++] = i;
for (int i:a1) ans[idx++] = i;
for (int i:a2) ans[idx++] = i;
for (int i:a3) ans[idx++] = i;
return ans; }}

