public class BannerAnnotate {
static void init0() {
a0 = new int[] {
0,159,18,
3,91,3,
3,68,21,
3,521,5,
3,488,31,
5,103,6,
6,522,15,
6,539,27,
6,568,15,
6,585,25,
6,612,23,
11,870,3,
13,39,21,
13,62,3,
13,68,21,
13,91,3,
17,33,19,
18,345,27,
18,374,3,
18,1134,3,
23,197,30,
23,229,3,
23,414,3,
25,0,28,
25,111,2,
25,119,28,
25,149,3,
25,97,12,
25,1222,3,
25,1708,3,
25,1819,3,
26,1735,2,
26,1743,2,
26,1717,16,
28,78,2,
28,61,15,
28,324,2,
28,298,24,
28,981,2,
29,324,3,
29,298,24,
31,155,27,
31,184,3,
31,244,3,
31,225,17,
32,20,21,
32,167,3,
32,240,21,
32,264,3,
32,553,3,
32,1587,18,
32,1769,3,
38,0,3,
38,189,3,
38,158,29,
38,522,5,
38,492,28,
40,78,21,
41,28,18,
41,48,18,
41,68,3,
41,268,2,
41,245,21,
41,1289,4,
41,1247,40,
43,72,18,
43,215,29,
44,565,2,
47,54,13,
47,139,32,
47,329,13,
51,211,30,
51,243,3,
54,105,21,
54,128,2,
55,12,17,
56,75,27,
58,18,20,
58,245,20,
58,634,20,
58,940,20,
58,1313,20,
60,104,35,
60,141,3,
60,287,3,
60,257,28,
62,599,18,
62,2930,18,
63,181,15,
64,0,15,
65,110,28,
65,140,28,
65,170,3,
65,292,3,
65,519,3,
65,849,3,
67,188,3,
67,218,2,
67,197,19,
67,158,28,
69,124,34,
70,1030,21,
71,0,24,
71,206,23,
71,347,3,
71,528,3,
71,755,3,
71,1117,3,
71,1567,3,
71,1623,13,
73,79,13,
73,94,3,
73,122,18,
73,220,3,
75,525,15,
77,171,20,
77,193,2,
77,303,2,
77,559,2,
77,1037,2,
78,196,20,
78,232,20,
78,254,2,
80,45,18,
80,86,18,
80,106,2,
80,688,2,
80,952,2,
80,935,15,
80,1149,2,
80,1459,2,
80,1582,2,
80,1624,2,
80,1792,2,
80,1901,2,
81,0,23,
83,15,16,
83,33,22,
83,90,16,
83,326,37,
83,414,16,
83,679,23,
83,876,16,
83,894,22,
84,369,27,
89,284,3,
89,261,21,
89,424,22,
90,246,2,
90,230,14,
91,100,24,
91,180,24,
91,206,3,
91,745,3,
91,781,24,
92,133,18,
92,153,2,
92,249,22,
92,320,2,
92,386,2,
92,641,2,
92,1515,2,
93,193,16,
93,445,23,
94,191,14,
94,281,9,
94,422,18,
96,0,16,
98,227,30,
98,1255,30,
99,148,36,
99,280,3,
99,250,28,
100,64,18,
100,245,18,
100,496,3,
100,467,27,
100,683,18,
100,1677,18,
100,1884,17,
101,57,29,
101,88,29,
101,119,5,
101,587,5,
105,143,10,
109,36,24,
109,181,24,
109,208,3,
109,230,18,
109,341,24,
109,368,3,
110,126,2,
110,109,15,
110,428,9,
112,392,3,
112,464,3,
112,435,27,
112,364,26,
113,86,17,
113,172,19,
113,795,17,
116,568,27,
120,146,21,
121,362,3,
121,327,33,
122,524,27,
122,553,3,
123,202,42,
123,772,18,
124,1133,3,
124,1204,3,
124,1104,27,
124,1179,23,
124,1511,3,
126,142,27,
126,171,3,
130,121,26,
130,149,2,
132,1007,2,
134,109,13,
134,229,14,
134,335,14,
135,68,28,
135,98,3,
135,672,18,
137,0,24,
137,125,6,
138,143,21,
138,167,3,
138,988,3,
146,673,27,
150,225,2,
150,206,17,
151,85,18,
151,105,18,
156,35,20,
157,23,23,
157,50,30,
157,135,26,
157,954,25,
157,1371,25,
157,1672,21,
158,201,2,
158,181,18,
159,65,2,
160,141,24,
160,171,24,
160,197,3,
160,276,32,
160,310,4,
160,1078,24,
164,120,3,
166,188,3,
166,177,9,
168,238,25,
168,380,26,
172,775,3,
172,734,39,
173,5,24,
173,199,19,
176,572,3,
176,541,29,
176,712,3,
176,1185,2,
176,1276,16,
177,453,13,
177,468,2,
177,564,4,
177,607,3,
178,180,21,
178,204,3,
178,416,3,
179,818,21,
186,26,17,
186,159,18,
186,384,30,
186,416,3,
186,996,18,
186,1320,3,
187,93,28,
187,123,3,
187,200,9,
187,786,3,
188,0,18,
188,126,18,
188,146,2,
188,930,2,
190,111,14,
190,196,14,
190,212,2,
190,422,2,
190,1678,2,
192,103,14,
192,119,2,
192,370,39,
192,534,3,
192,258,26,
192,1356,2,
193,98,26,
193,126,26,
193,154,3,
193,348,20,
193,526,24,
193,1334,20,
197,307,5,
197,271,34,
198,288,33,
200,69,6,
200,269,6,
200,834,6,
201,124,21,
203,171,12,
203,208,35,
203,245,3,
203,1145,3,
206,80,18,
206,100,3,
206,932,23,
206,957,3,
207,182,2,
207,884,12,
210,379,21,
210,402,2,
210,1320,2,
210,1304,14,
211,325,3,
211,295,28,
211,893,3,
212,0,37,
214,125,20,
216,422,2,
216,398,22,
218,86,28,
218,116,28,
218,146,3,
218,803,3,
219,29,3,
219,9,18,
219,727,3,
219,707,18,
220,91,14,
220,107,3,
222,0,20,
222,203,20,
222,225,2,
224,230,3,
224,357,3,
224,212,16,
224,572,3,
225,1543,3,
225,1520,21,
228,73,21,
228,140,2,
228,118,20,
230,142,17,
230,161,3,
231,97,18,
231,1317,19,
235,300,20,
236,286,18,
236,306,2,
236,1611,2,
236,1681,2,
237,155,17,
237,227,17,
237,300,30,
237,333,3,
237,737,21,
237,1085,17,
237,1237,3,
237,1673,21,
239,175,14,
239,191,3,
239,1582,3,
239,1840,3,
240,189,3,
240,142,45,
241,88,13,
241,212,13,
241,446,13,
241,561,3,
241,689,3,
242,1077,7,
243,67,21,
243,154,21,
243,177,3,
243,186,17,
243,205,2,
243,280,3,
243,567,3,
245,616,8,
247,1860,3,
248,43,21,
248,147,21,
248,170,3,
248,442,3,
248,851,3,
252,78,18,
252,1362,22,
255,81,18,
255,128,18,
255,149,2,
255,447,2,
255,764,2,
255,1261,18,
258,114,19,
258,135,2,
258,793,2,
259,276,3,
259,252,22,
262,239,17,
262,591,17,
262,620,30,
264,271,3,
264,591,3,
265,105,24,
265,381,24,
265,523,3,
265,490,31,
267,0,30,
267,222,3,
267,185,35,
267,1226,3,
268,0,24,
268,314,24,
268,340,3,
268,903,3,
269,108,35,
269,145,3,
270,113,25,
270,141,2,
271,67,19,
271,88,46,
271,264,20,
271,136,4,
271,641,19,
272,206,3,
272,182,22,
272,663,3,
272,1621,3,
273,230,16,
273,248,2,
273,375,24,
273,401,3,
273,581,24,
273,607,4,
273,957,2,
274,150,3,
274,116,32,
275,94,18,
275,816,27,
275,845,2,
275,1296,2,
276,94,20,
276,198,20,
276,1497,21,
278,199,21,
280,400,25,
283,175,19,
283,636,20,
283,1577,19,
284,460,4,
284,435,23,
286,134,20,
286,156,2,
286,413,20,
286,915,4,
286,896,17,
289,1324,20,
292,91,15,
292,108,3,
292,507,15,
293,1,24,
294,22,19,
294,86,19,
294,107,4,
294,279,19,
294,889,19,
295,117,3,
295,78,37,
295,162,3,
295,123,37,
295,951,3,
295,2185,3,
297,52,25,
299,62,3,
299,299,3,
302,266,25,
302,527,16,
306,676,3,
306,653,21,
307,649,9,
307,962,19,
308,0,28,
308,30,28,
308,60,3,
308,97,20,
308,179,9,
309,202,3,
309,175,25,
310,36,2,
310,15,19,
310,302,3,
310,277,23,
310,588,2,
310,567,19,
310,812,3,
310,783,27,
310,862,2,
310,842,18,
310,1397,24,
310,1423,2,
311,146,3,
311,125,19,
311,395,3,
311,370,23,
311,880,3,
311,862,16,
314,23,34,
314,257,25,
314,419,12,
315,397,2,
315,370,25,
315,1168,2,
315,1154,12,
315,1554,2,
317,91,23,
317,657,23,
317,685,37,
317,955,18,
317,984,29,
319,739,2,
319,716,21,
320,24,20,
320,136,24,
321,1121,16,
324,656,18,
327,90,18,
327,111,2,
327,748,2,
330,72,24,
330,98,23,
330,686,14,
330,743,3,
330,762,20,
330,2168,2,
330,2902,2,
332,52,25,
332,86,25,
332,113,2,
332,162,4,
332,126,34,
334,33,18,
334,126,18,
334,146,18,
334,545,18,
334,971,18,
334,1134,18,
335,419,3,
335,396,21,
336,387,4,
336,346,39,
341,84,24,
341,135,24,
341,308,24,
341,384,24,
341,560,24,
341,1302,24,
342,1,39,
342,41,4,
344,70,3,
344,106,3,
345,824,2,
345,1479,16,
347,61,24,
347,91,24,
347,117,3,
349,27,18,
349,109,18,
349,129,2,
349,1084,2,
352,647,27,
353,100,15,
355,204,49,
355,256,6,
355,420,15,
355,584,15,
356,268,15,
356,285,2,
357,549,39,
358,557,2,
358,532,23,
359,334,29,
359,365,2,
359,1012,2,
360,26,16,
360,44,16,
360,62,3,
363,255,6,
365,184,35,
365,221,3,
365,373,3,
365,341,30,
365,1075,2,
365,1067,6,
365,1210,7,
365,1885,3,
365,2007,16,
365,2067,3,
366,26,18,
366,46,18,
366,67,2,
366,219,29,
366,414,2,
366,524,2,
366,939,2,
367,178,3,
367,335,3,
367,145,31,
367,312,21,
367,1454,3,
367,1473,3,
367,2197,3,
368,117,26,
368,1236,2,
371,489,18,
372,179,3,
372,227,2,
372,265,3,
372,207,18,
372,160,17,
372,1146,4,
373,999,25,
374,35,19,
374,65,19,
374,86,4,
374,167,3,
374,143,22,
376,44,15,
376,81,15,
376,98,3,
378,92,22,
378,155,25,
379,31,18,
379,52,29,
379,92,17,
379,271,25,
379,298,15,
379,526,9,
379,537,23,
379,562,15,
380,54,8,
380,64,21,
380,87,2,
380,2032,5,
380,2078,5,
380,2127,3,
380,2105,20,
380,1999,31,
380,2040,36,
382,947,3,
383,88,15,
383,731,15,
383,1394,15,
385,160,3,
385,136,22,
385,1696,3,
391,1939,20,
393,40,18,
393,208,21,
393,231,3,
393,247,17,
393,266,2,
393,495,2,
393,861,2,
393,966,3,
393,1084,3,
393,1202,2,
393,1799,6,
394,384,3,
394,360,22,
395,162,2,
395,145,15,
395,1008,2,
395,991,15,
398,212,3,
398,181,29,
398,1288,3,
400,546,2,
400,523,21,
402,433,3,
402,407,24,
403,0,28,
405,112,15,
405,129,2,
405,160,26,
406,97,2,
406,141,16,
406,159,5,
408,147,17,
408,275,17,
410,82,34,
410,121,21,
410,144,27,
410,173,2,
410,295,22,
410,784,17,
410,803,2,
410,914,2,
412,303,22,
416,50,15,
416,124,15,
416,141,3,
416,442,3,
418,62,22,
418,442,22,
418,466,3,
419,132,18,
421,73,3,
423,152,2,
423,137,13,
423,247,2,
423,286,2,
423,266,18,
423,216,29,
423,589,2,
423,576,11,
423,777,2,
423,792,2,
424,234,20,
426,1,20,
428,274,22,
428,766,20,
429,59,9,
430,714,3,
430,680,32,
432,22,21,
432,733,18,
434,86,27,
434,115,3,
434,269,3,
437,351,4,
438,91,20,
438,113,5,
439,351,19,
440,262,2,
440,1191,2,
441,1256,19,
441,1472,4,
441,1425,45,
441,1830,2,
441,1810,18,
441,2480,50,
442,0,28,
442,30,3,
442,122,28,
442,152,3,
442,243,9,
442,675,11,
442,1570,3,
442,1702,18,
443,0,16,
443,45,17,
443,272,2,
443,296,26,
443,324,3,
443,248,22,
443,703,2,
443,886,2,
443,1044,30,
443,1517,11,
443,1533,2,
443,1815,6,
443,2575,2,
447,1645,4,
448,226,2,
448,274,24,
448,214,10,
450,64,24,
450,90,24,
450,116,3,
450,367,3,
453,477,3,
454,86,24,
454,308,15,
454,388,24,
454,476,24,
454,937,24,
454,1129,24,
454,1339,24,
454,1444,24,
455,68,24,
455,129,24,
455,155,3,
456,481,2,
456,467,12,
457,36,2,
457,20,14,
457,176,2,
458,99,21,
458,123,3,
458,312,3,
458,561,3,
460,337,2,
460,326,9,
461,137,17,
461,298,17,
464,165,21,
464,211,21,
464,234,3,
464,519,3,
464,884,3,
464,1643,3,
464,1759,3,
464,1836,3,
466,308,21,
468,82,26,
469,0,29,
469,48,21,
469,108,21,
469,131,3,
469,687,21,
469,733,3,
470,517,3,
470,491,24,
474,84,17,
474,158,17,
474,330,17,
476,168,3,
476,145,21,
478,124,16,
478,143,3,
479,124,2,
483,1452,27,
483,1988,4,
483,2440,4,
483,2675,5,
484,386,2,
485,255,18,
485,333,18,
485,601,18,
487,0,22,
487,24,22,
487,48,3,
487,252,3,
488,64,14,
488,80,14,
488,132,19,
489,56,28,
489,86,28,
489,116,3,
492,381,19,
493,0,39,
493,163,39,
493,204,4,
493,1125,4,
493,1324,4,
495,65,24,
495,102,25,
495,312,32,
495,626,24,
495,1092,19,
496,372,2,
496,348,22,
497,17,15,
497,34,25,
497,62,3,
497,1035,3,
499,69,24,
499,99,24,
499,125,3,
500,189,21,
501,786,16,
505,41,24,
505,67,3,
505,199,24,
505,225,3,
506,132,12,
506,156,23,
507,1270,25,
507,1420,19,
511,126,3,
511,94,30,
511,1064,3,
512,62,3,
512,44,16,
512,1176,2,
513,299,2,
513,282,15,
515,19,17,
515,80,17,
515,666,15,
516,581,20,
517,0,19,
517,56,19,
517,819,19,
517,1048,19,
517,1389,19,
518,104,21,
518,128,2,
518,350,2,
521,230,3,
521,200,28,
522,677,5,
523,93,29,
523,147,29,
523,178,5,
523,691,3,
523,662,27,
523,926,5,
523,1380,5,
524,461,22,
524,485,3,
524,616,8,
524,688,28,
524,718,3,
524,1027,3,
524,1128,3,
524,1184,3,
529,1468,3,
531,187,5,
531,131,54,
535,75,18,
536,106,21,
536,129,3,
536,664,2,
536,651,11,
536,740,3,
537,59,19,
537,803,23,
537,1353,2,
538,505,23,
538,530,12,
538,1273,5,
538,1288,20,
538,1519,20,
538,1541,21,
539,189,12,
541,349,3,
541,326,21,
542,127,21,
542,150,3,
543,178,3,
543,153,23,
543,470,3,
543,444,24,
543,681,27,
543,710,32,
543,768,48,
543,820,22,
543,1351,3,
543,1331,18,
545,22,28,
546,457,3,
546,422,33,
546,880,3,
546,862,16,
548,109,28,
548,139,3,
548,345,3,
548,1025,3,
549,1,18,
550,192,3,
550,167,23,
550,766,3,
552,108,12,
552,122,2,
554,65,15,
554,94,15,
554,461,15,
554,544,15,
555,243,4,
555,216,25,
556,0,31,
556,482,26,
557,0,26,
557,535,20,
559,636,27,
559,717,23,
559,1259,27,
559,1311,24,
559,1353,23,
561,107,21,
561,131,3,
561,266,3,
561,1019,3,
562,1403,12,
563,60,7,
566,46,22,
566,111,22,
566,135,3,
566,2020,3,
568,214,20,
571,148,17,
571,195,23,
572,277,14,
572,293,2,
572,698,2,
573,0,14,
574,236,13,
};
}
static void init1() {
a1 = new int[] {
574,701,17,
574,970,14,
576,86,24,
576,266,25,
576,524,4,
576,601,3,
576,651,4,
576,572,27,
576,609,40,
576,499,23,
576,970,16,
578,55,3,
578,24,29,
578,132,3,
578,101,29,
578,358,3,
579,69,18,
579,89,2,
579,339,2,
579,531,2,
579,1373,2,
580,46,29,
580,77,29,
580,260,15,
580,804,29,
580,1328,29,
585,401,21,
586,110,15,
586,127,15,
586,144,27,
586,601,15,
587,0,32,
587,90,32,
587,124,4,
588,24,17,
588,124,17,
590,72,33,
590,107,4,
591,10,30,
591,42,3,
591,255,30,
591,287,3,
591,389,3,
591,508,3,
591,1238,35,
591,1275,4,
591,1497,18,
592,44,46,
592,220,33,
592,255,4,
592,516,33,
593,0,15,
594,124,31,
594,157,2,
594,420,2,
594,2181,12,
594,2260,2,
594,2477,2,
595,1637,3,
598,128,20,
598,150,2,
598,1802,2,
600,38,18,
600,85,5,
600,92,18,
600,139,2,
600,1019,2,
600,1486,2,
604,251,2,
604,224,25,
604,763,17,
605,53,17,
605,72,3,
607,124,3,
607,87,35,
608,709,7,
609,57,25,
609,198,44,
609,244,3,
609,483,3,
609,839,3,
609,894,3,
609,2195,3,
610,624,19,
611,655,2,
611,631,22,
614,22,20,
614,97,20,
614,119,3,
615,101,17,
615,240,20,
618,517,2,
618,740,2,
618,819,2,
621,133,21,
622,0,15,
622,71,15,
622,663,15,
623,737,5,
623,670,65,
624,145,15,
624,162,3,
624,417,7,
624,376,39,
624,1740,3,
624,1967,3,
625,77,28,
625,107,3,
625,151,4,
625,116,33,
625,248,3,
625,645,3,
626,275,11,
626,288,2,
626,1182,2,
627,1557,3,
628,153,17,
628,172,4,
629,95,20,
629,380,20,
631,42,21,
631,65,3,
631,152,21,
631,176,3,
631,461,3,
632,313,3,
632,283,28,
633,83,24,
633,331,18,
633,429,25,
633,466,29,
633,497,3,
633,456,3,
634,941,3,
634,920,19,
635,29,22,
635,104,22,
635,128,3,
635,346,3,
636,894,2,
637,40,16,
637,597,16,
637,1261,6,
638,460,2,
638,437,21,
638,2801,2,
639,0,17,
639,65,18,
639,948,18,
640,304,19,
640,808,4,
640,891,24,
640,931,20,
640,772,34,
640,1138,35,
646,148,12,
646,387,20,
646,466,2,
647,59,14,
647,75,2,
647,118,17,
647,137,3,
647,266,14,
647,381,2,
647,706,17,
647,973,12,
647,1216,17,
647,1554,14,
648,78,3,
648,123,25,
648,150,3,
648,588,3,
650,39,30,
650,161,30,
650,193,3,
651,1,30,
652,278,27,
653,312,17,
653,335,3,
653,340,30,
653,491,17,
653,569,18,
653,597,3,
655,830,17,
656,164,27,
657,33,28,
658,264,2,
658,248,14,
662,103,27,
662,132,3,
663,13,25,
663,86,27,
663,124,25,
663,151,3,
663,115,3,
663,699,3,
665,110,27,
665,139,3,
669,11,26,
673,502,4,
673,468,32,
674,0,18,
676,0,20,
682,118,25,
682,145,4,
682,174,22,
683,440,25,
685,22,27,
686,0,39,
691,102,15,
691,142,15,
691,159,3,
691,1386,3,
696,0,25,
696,231,25,
696,258,4,
697,25,24,
697,131,24,
697,571,24,
698,149,27,
698,379,18,
699,89,11,
699,106,17,
700,90,19,
702,134,18,
702,155,2,
703,155,24,
703,616,17,
704,935,3,
706,434,7,
708,0,28,
708,112,28,
708,142,3,
708,1666,3,
709,370,2,
709,353,15,
710,283,3,
710,251,30,
710,683,17,
712,85,3,
712,57,26,
713,6,24,
713,89,24,
713,115,3,
713,124,25,
713,151,3,
713,1370,7,
713,1684,34,
717,350,15,
717,367,3,
717,564,3,
717,574,3,
717,906,3,
717,1269,3,
717,1867,3,
717,1970,3,
721,118,28,
722,218,16,
722,239,27,
725,79,25,
725,128,25,
725,163,3,
726,45,20,
726,169,20,
726,401,20,
726,1220,20,
727,41,21,
727,108,21,
727,131,3,
727,401,3,
727,878,3,
727,1035,3,
727,1178,3,
728,140,18,
730,62,5,
731,174,2,
731,154,18,
731,857,2,
733,129,18,
734,592,3,
734,568,22,
736,964,14,
737,216,26,
739,1,21,
739,59,21,
739,82,3,
739,457,3,
739,601,3,
739,831,3,
739,1825,3,
740,330,3,
740,1179,21,
743,153,18,
743,449,18,
743,599,17,
743,770,18,
743,1343,18,
745,372,2,
745,350,20,
745,512,2,
749,91,17,
749,110,17,
749,129,4,
749,152,17,
749,1387,4,
751,27,14,
751,288,14,
755,27,26,
755,55,25,
755,213,26,
755,418,25,
761,118,20,
761,342,20,
762,15,28,
762,126,10,
762,138,28,
762,168,3,
762,568,3,
763,40,22,
763,64,22,
763,88,3,
763,273,3,
763,483,3,
764,101,38,
764,141,3,
764,155,20,
766,701,3,
770,87,12,
770,976,33,
771,311,3,
772,92,18,
773,171,3,
773,143,26,
773,558,3,
773,544,12,
775,16,6,
775,24,6,
775,307,24,
775,494,14,
775,557,6,
775,900,3,
775,949,16,
775,866,32,
775,1218,17,
775,1237,23,
775,1557,6,
775,1883,6,
775,1951,6,
775,2027,6,
775,2080,18,
775,2292,18,
775,3564,6,
775,4010,6,
775,4531,6,
775,4654,6,
775,4752,6,
775,4902,6,
775,6474,6,
775,6641,6,
776,137,17,
776,192,30,
776,224,3,
776,257,17,
776,156,3,
776,1447,17,
776,1753,17,
777,30,22,
777,124,3,
777,100,22,
777,515,13,
777,837,3,
778,104,18,
778,124,2,
780,48,39,
780,452,39,
780,494,4,
780,598,4,
781,43,25,
781,215,25,
781,242,3,
782,134,15,
785,50,18,
785,70,3,
785,281,18,
785,312,4,
786,17,20,
786,55,20,
786,77,3,
786,585,3,
786,735,3,
788,468,14,
788,2136,14,
789,73,13,
789,489,36,
790,349,17,
790,369,3,
790,1136,3,
791,123,30,
791,155,2,
791,189,11,
791,202,22,
791,230,14,
791,246,36,
791,284,4,
791,612,2,
791,493,12,
791,907,4,
791,869,36,
793,48,22,
793,73,3,
794,985,3,
794,953,30,
797,53,25,
797,288,36,
797,327,3,
798,1280,2,
798,1262,16,
800,0,25,
801,1480,13,
802,188,3,
802,151,35,
802,505,16,
803,203,19,
803,903,1,
803,1424,19,
805,15,21,
806,71,5,
807,149,22,
807,173,3,
807,1649,3,
809,29,17,
809,61,17,
809,616,17,
809,907,17,
812,31,39,
812,191,39,
813,654,21,
813,677,3,
819,658,6,
819,707,6,
819,991,3,
819,1069,6,
819,957,32,
821,184,20,
821,391,2,
821,369,20,
821,2694,2,
822,468,2,
824,0,26,
825,0,24,
825,45,24,
825,100,24,
825,284,24,
825,569,24,
825,674,24,
825,855,24,
825,1079,24,
825,1108,25,
825,1169,11,
825,1182,24,
825,1518,24,
825,1617,24,
827,110,29,
827,142,27,
827,171,2,
827,341,3,
827,316,23,
827,2130,20,
828,173,17,
829,160,20,
829,182,3,
829,1089,3,
829,1224,3,
829,1318,3,
831,103,20,
831,509,20,
832,256,2,
832,239,15,
833,305,29,
833,336,2,
834,131,16,
834,149,2,
834,573,2,
837,312,17,
839,94,3,
839,427,3,
839,487,3,
839,959,3,
839,1247,3,
839,1412,3,
839,1692,3,
840,1,20,
840,187,18,
840,717,13,
841,948,14,
843,58,3,
843,161,3,
843,138,21,
844,87,16,
844,118,16,
846,177,15,
846,195,3,
847,95,20,
847,249,20,
847,305,25,
847,437,20,
847,2180,20,
849,30,18,
849,162,20,
849,184,2,
849,579,2,
849,901,2,
849,1366,2,
851,462,3,
851,703,15,
852,0,22,
852,1118,2,
852,1394,22,
852,1418,3,
854,51,18,
854,176,18,
854,363,18,
854,701,18,
854,969,18,
854,1129,18,
855,100,24,
855,271,24,
855,503,24,
856,81,25,
856,246,25,
856,727,25,
856,2388,25,
856,2697,17,
857,61,17,
857,80,17,
857,412,19,
857,616,17,
858,103,27,
858,132,3,
859,0,20,
859,112,16,
859,719,16,
860,0,28,
861,114,28,
861,144,3,
861,612,3,
861,1673,3,
862,254,20,
862,276,3,
862,539,3,
863,0,29,
863,152,29,
863,2195,29,
864,114,18,
864,230,25,
864,257,3,
864,1076,3,
865,41,18,
865,94,18,
865,115,2,
867,46,17,
867,84,17,
867,462,17,
867,582,3,
867,694,17,
867,547,33,
867,1049,17,
867,1741,17,
869,1,28,
869,93,17,
869,112,3,
869,217,17,
869,294,30,
869,326,3,
869,332,21,
869,355,3,
869,385,2,
869,365,18,
869,761,3,
869,1372,3,
869,2099,3,
869,2130,2,
871,42,6,
873,12,3,
873,69,10,
874,2032,3,
875,121,28,
875,151,3,
875,1087,3,
876,92,17,
876,156,15,
876,261,17,
876,697,17,
876,1325,17,
876,1997,17,
877,127,29,
877,158,5,
877,545,5,
877,1318,5,
878,23,18,
878,44,18,
878,63,2,
878,625,2,
879,94,17,
879,113,3,
879,253,3,
882,376,30,
882,408,28,
882,438,3,
882,747,33,
882,782,4,
882,1376,3,
882,1345,29,
883,998,27,
884,67,27,
884,96,27,
890,155,2,
890,134,19,
890,641,2,
892,0,22,
892,168,22,
893,0,20,
893,154,33,
893,189,4,
893,1351,18,
894,0,20,
894,89,20,
894,111,2,
894,284,2,
894,454,2,
894,582,16,
894,627,2,
894,783,2,
894,857,2,
894,1071,2,
894,1177,2,
895,21,26,
895,58,17,
895,78,2,
895,1089,2,
897,342,28,
899,843,16,
900,117,21,
900,152,21,
900,188,3,
900,1365,3,
903,142,18,
903,162,3,
903,1179,3,
905,0,32,
905,101,32,
905,135,3,
905,148,29,
906,408,16,
906,426,3,
906,1510,3,
907,289,2,
907,265,22,
907,525,2,
907,984,2,
907,1437,2,
908,49,29,
908,92,29,
908,123,5,
908,149,20,
908,934,5,
910,0,12,
910,124,12,
911,425,3,
911,396,27,
912,80,27,
915,85,14,
916,212,21,
916,235,3,
916,1636,3,
918,596,15,
918,1090,15,
920,238,3,
920,223,13,
921,47,33,
921,285,17,
921,527,17,
921,599,25,
921,1454,17,
921,1476,18,
921,1713,17,
921,1936,17,
921,1958,18,
922,214,26,
923,27,24,
923,58,24,
923,84,3,
923,794,3,
925,0,18,
927,130,18,
927,184,18,
927,812,9,
929,237,20,
930,87,21,
930,110,3,
930,252,3,
931,65,18,
932,233,19,
932,254,2,
932,392,3,
932,366,24,
932,822,2,
933,31,3,
933,78,30,
933,110,3,
933,308,5,
933,429,3,
933,270,36,
933,1054,17,
933,1292,17,
934,223,2,
934,213,8,
935,117,3,
935,86,29,
935,784,17,
935,1391,17,
936,33,17,
936,145,17,
936,272,17,
936,413,20,
936,1339,17,
936,1371,21,
939,107,3,
939,79,26,
940,20,25,
940,47,25,
941,202,30,
941,235,3,
941,327,17,
941,1667,3,
942,137,3,
942,107,28,
943,14,26,
944,85,2,
944,63,20,
944,324,2,
945,388,21,
946,132,30,
946,165,3,
946,321,17,
947,105,16,
947,245,16,
947,263,2,
947,1083,2,
948,108,21,
948,131,3,
948,489,2,
948,1843,3,
949,101,3,
949,71,28,
949,323,28,
951,803,2,
951,792,9,
952,62,3,
952,185,3,
953,324,32,
953,492,2,
953,473,17,
954,128,2,
954,110,16,
954,395,26,
955,112,3,
955,80,30,
956,115,26,
956,185,26,
956,213,3,
956,219,15,
956,236,2,
956,264,2,
956,244,18,
957,173,2,
957,163,8,
957,344,25,
957,371,3,
957,1475,3,
957,1937,2,
958,150,39,
958,363,3,
958,444,3,
958,339,22,
958,734,3,
958,847,3,
960,693,21,
961,157,24,
961,299,24,
961,325,3,
961,758,5,
962,87,3,
962,53,32,
962,585,3,
963,1090,3,
966,0,27,
969,0,29,
969,155,18,
969,1473,7,
971,93,2,
974,399,3,
974,369,28,
975,108,26,
975,430,2,
975,453,2,
975,412,16,
977,357,29,
977,2047,29,
979,32,6,
979,195,28,
980,103,14,
980,277,14,
982,101,3,
982,69,30,
982,472,3,
983,148,21,
983,171,4,
987,61,16,
987,143,30,
987,175,3,
987,496,2,
987,482,12,
987,676,16,
987,708,3,
987,1032,3,
987,1101,3,
987,1167,14,
987,1268,17,
987,1318,17,
987,1407,3,
987,1586,3,
988,503,26,
988,531,3,
992,129,3,
992,104,23,
992,906,21,
993,412,3,
994,105,17,
995,137,40,
995,189,39,
995,230,4,
995,240,47,
995,289,4,
995,944,4,
997,86,2,
997,69,15,
998,91,29,
998,122,29,
998,153,5,
998,371,5,
1001,267,28,
1007,1702,20,
1009,254,13,
1009,269,2,
1009,916,3,
1011,169,28,
1014,1335,3,
1014,1310,23,
1015,797,22,
1015,1183,2,
1016,52,23,
1016,232,3,
1016,241,18,
1016,261,2,
1016,207,23,
1016,399,17,
1016,645,20,
1016,752,17,
1016,791,15,
1017,122,3,
1017,91,29,
1017,214,3,
1018,1561,5,
1020,102,3,
1020,72,28,
1020,108,28,
1020,138,3,
1020,228,9,
1020,320,3,
1021,887,4,
1021,853,32,
1024,19,28,
1026,153,3,
1026,124,27,
1031,199,3,
1032,128,30,
1032,160,3,
1032,190,24,
1032,680,3,
1033,691,3,
1033,668,21,
1034,0,19,
1034,133,19,
1034,154,3,
1034,808,3,
1035,328,5,
1035,286,40,
1035,529,15,
1038,1095,3,
1038,1076,17,
1038,1317,2,
1038,1299,16,
1039,82,24,
1039,120,24,
1039,146,3,
1039,299,15,
1039,1710,24,
1040,35,16,
1040,53,16,
1040,1209,16,
1043,47,21,
1043,99,3,
1043,108,18,
1043,128,2,
1043,264,3,
1043,431,2,
1043,696,2,
1043,866,2,
1043,1095,3,
1043,1358,3,
1043,1518,2,
1043,1581,2,
1044,195,5,
1044,149,44,
1045,95,28,
1047,425,2,
1047,415,8,
1050,1194,26,
1050,1689,26,
1052,720,25,
1052,747,3,
1053,304,21,
1056,58,15,
1056,100,15,
1056,117,3,
1056,194,3,
1056,1107,3,
1057,214,21,
1058,178,16,
1058,196,2,
1058,689,3,
1058,675,12,
1059,257,2,
1059,233,22,
1059,532,2,
1059,635,2,
1059,1064,2,
1059,1138,2,
1059,1185,2,
1060,288,18,
1060,326,11,
1060,457,21,
1060,480,3,
1060,1452,18,
1060,1472,11,
1062,14,24,
1062,40,4,
1062,70,24,
1062,425,27,
1063,124,20,
1063,638,20,
1063,785,20,
1063,978,20,
1063,1430,20,
1064,142,2,
1064,122,18,
1064,300,2,
1064,517,2,
1064,613,2,
1064,859,2,
1064,1156,3,
1064,1125,29,
1064,1570,2,
1064,2223,2,
1064,2305,8,
1064,2364,2,
1064,2628,2,
1064,2830,2,
1064,2952,2,
1065,33,34,
1065,214,17,
1065,233,3,
1065,242,25,
1065,269,4,
1066,559,2,
1066,536,21,
1067,108,15,
1067,125,15,
1067,142,3,
1067,589,3,
1067,673,3,
1067,905,3,
1067,1576,3,
1067,1652,3,
1068,31,27,
1068,83,27,
1068,112,3,
1068,335,19,
1068,595,19,
};
}
static void init2() {
a2 = new int[] {
1068,669,3,
1069,51,17,
1069,102,17,
1069,382,17,
1069,960,17,
1070,454,22,
1070,1077,22,
1071,0,23,
1071,77,17,
1071,243,17,
1071,563,17,
1071,715,17,
1072,1,22,
1073,129,17,
1073,184,17,
1073,258,17,
1073,1942,3,
1073,1919,21,
1075,171,3,
1075,138,31,
1075,861,3,
1075,830,29,
1075,1137,18,
1075,1203,6,
1075,1215,10,
1075,1485,14,
1076,109,21,
1077,217,3,
1077,193,22,
1078,61,18,
1078,81,18,
1078,101,2,
1078,136,24,
1078,226,3,
1078,202,22,
1078,354,3,
1079,233,19,
1079,254,2,
1080,68,20,
1080,201,20,
1080,223,2,
1081,58,28,
1081,154,28,
1081,184,3,
1081,450,3,
1081,508,3,
1083,91,28,
1083,215,3,
1083,250,28,
1083,280,3,
1083,365,3,
1085,61,3,
1086,283,20,
1087,23,29,
1087,121,29,
1087,160,23,
1087,152,6,
1089,81,22,
1091,276,3,
1091,249,25,
1091,299,18,
1091,418,3,
1091,469,3,
1091,609,3,
1091,985,17,
1091,1333,3,
1091,1499,19,
1091,1621,3,
1092,88,28,
1092,363,3,
1092,817,3,
1093,1454,22,
1093,1482,18,
1096,0,26,
1096,53,26,
1096,81,3,
1096,1136,3,
1098,0,21,
1098,827,19,
1098,1090,21,
1098,1457,21,
1099,0,32,
1099,282,24,
1099,309,3,
1100,183,30,
1101,213,2,
1101,198,13,
1101,313,2,
1101,1898,2,
1103,0,35,
1103,736,3,
1103,1397,15,
1103,1975,35,
1105,232,3,
1105,208,22,
1105,924,3,
1105,1032,3,
1105,1526,3,
1105,1614,3,
1106,157,4,
1106,121,34,
1106,360,2,
1106,1305,3,
1107,0,22,
1107,64,22,
1110,29,28,
1110,94,28,
1110,124,3,
1110,380,3,
1110,1605,18,
1111,497,27,
1111,534,25,
1111,561,3,
1111,526,3,
1111,1384,7,
1112,767,15,
1117,349,2,
1117,334,13,
1117,1392,2,
1119,0,28,
1119,94,28,
1119,124,3,
1119,166,27,
1119,512,7,
1120,55,17,
1120,101,17,
1121,236,2,
1121,218,16,
1121,716,2,
1124,171,3,
1124,191,14,
1124,142,27,
1124,586,3,
1125,313,21,
1125,389,21,
1125,821,21,
1125,864,21,
1126,487,17,
1126,594,4,
1126,551,41,
1126,1097,14,
1126,1149,27,
1126,1178,3,
1127,0,13,
1129,561,11,
1130,136,19,
1131,0,18,
1131,741,9,
1131,1038,18,
1131,1411,18,
1132,51,22,
1132,75,3,
1132,195,22,
1132,219,3,
1132,280,17,
1132,1215,3,
1132,1192,21,
1134,33,22,
1134,197,22,
1134,416,22,
1134,570,22,
1134,746,8,
1134,759,16,
1134,1331,22,
1134,1570,22,
1134,1616,22,
1135,145,31,
1135,178,4,
1137,73,26,
1137,225,26,
1137,253,4,
1138,304,3,
1138,269,33,
1140,49,17,
1140,145,17,
1140,164,2,
1140,173,27,
1140,1084,2,
1140,1829,21,
1140,1852,6,
1141,68,26,
1141,133,29,
1141,327,3,
1141,674,28,
1141,707,16,
1141,1050,27,
1141,1724,21,
1144,663,2,
1144,641,20,
1145,318,14,
1146,277,5,
1146,368,3,
1146,255,20,
1146,337,29,
1147,120,19,
1147,141,3,
1147,275,3,
1147,245,28,
1147,424,14,
1149,214,3,
1149,184,28,
1150,751,19,
1150,1210,19,
1150,1529,24,
1150,1555,19,
1150,1579,15,
1151,274,3,
1151,252,20,
1151,340,3,
1151,345,29,
1151,376,3,
1151,321,17,
1152,210,17,
1152,707,21,
1153,866,12,
1153,1486,12,
1154,213,3,
1154,365,3,
1154,961,3,
1155,0,21,
1155,111,21,
1155,134,3,
1155,623,3,
1155,1200,3,
1156,76,3,
1156,57,17,
1157,174,2,
1157,157,15,
1157,779,2,
1157,1705,3,
1157,1683,20,
1159,0,20,
1159,22,13,
1159,37,2,
1159,73,25,
1159,100,3,
1159,453,2,
1159,462,17,
1159,1185,9,
1160,61,18,
1160,215,18,
1161,786,2,
1161,763,21,
1162,127,28,
1162,157,3,
1163,76,24,
1164,1703,9,
1165,1223,12,
1167,904,20,
1171,384,39,
1171,425,4,
1171,543,4,
1171,1188,4,
1171,1379,4,
1172,445,17,
1172,464,15,
1172,481,21,
1172,504,16,
1172,522,27,
1172,551,21,
1172,574,14,
1172,1186,15,
1172,1203,21,
1172,1226,16,
1172,1244,27,
1172,1273,21,
1172,1296,14,
1172,1312,15,
1172,1333,24,
1174,68,30,
1174,100,22,
1174,124,3,
1176,13,15,
1177,47,21,
1177,166,3,
1177,302,21,
1177,326,3,
1177,408,3,
1177,563,3,
1178,57,27,
1178,86,3,
1178,426,3,
1178,1234,3,
1188,38,20,
1188,197,20,
1190,0,24,
1190,162,32,
1191,0,22,
1191,146,16,
1191,359,34,
1191,623,2,
1191,596,25,
1191,861,16,
1191,1043,16,
1191,1261,16,
1192,479,13,
1193,110,11,
1193,123,2,
1193,131,19,
1193,152,3,
1193,739,3,
1193,1018,3,
1194,113,11,
1194,136,27,
1194,666,16,
1194,1261,16,
1194,1279,2,
1194,1287,20,
1194,1309,3,
1194,1449,3,
1196,176,18,
1196,197,2,
1196,720,2,
1199,676,22,
1203,313,2,
1203,347,3,
1203,331,14,
1203,298,13,
1204,64,28,
1204,94,3,
1204,173,9,
1204,248,15,
1205,0,22,
1206,292,3,
1206,270,20,
1208,25,32,
1208,59,4,
1208,207,24,
1208,1031,24,
1210,46,20,
1210,154,20,
1210,176,2,
1210,378,22,
1210,415,2,
1210,473,2,
1210,659,2,
1210,1350,2,
1210,1669,2,
1210,1793,11,
1213,97,25,
1214,14,17,
1215,126,18,
1215,244,3,
1215,986,3,
1215,1286,3,
1216,89,20,
1218,734,3,
1219,179,4,
1219,132,45,
1220,192,39,
1220,504,25,
1220,637,17,
1220,1065,18,
1220,1289,17,
1220,1543,17,
1221,584,17,
1221,783,21,
1221,1644,22,
1221,1689,21,
1222,671,14,
1224,362,3,
1224,338,22,
1224,436,3,
1227,180,3,
1227,148,30,
1228,97,18,
1229,131,15,
1229,148,3,
1229,384,3,
1229,421,3,
1229,995,3,
1229,1290,3,
1230,37,6,
1231,19,14,
1231,71,2,
1231,55,14,
1231,520,2,
1233,32,21,
1233,115,21,
1233,138,3,
1233,258,3,
1233,941,3,
1236,37,25,
1236,67,18,
1237,276,30,
1237,308,3,
1237,340,19,
1237,416,3,
1237,1477,24,
1237,1558,3,
1237,1633,14,
1238,101,38,
1238,170,27,
1238,199,3,
1241,81,18,
1241,112,19,
1242,299,21,
1242,351,22,
1242,1054,21,
1243,391,18,
1243,473,15,
1243,490,16,
1243,896,20,
1243,1730,18,
1246,77,18,
1246,97,2,
1247,643,2,
1247,619,22,
1247,1216,2,
1247,1448,2,
1247,1548,2,
1247,1644,2,
1247,1930,2,
1247,1995,2,
1248,67,22,
1248,91,28,
1248,121,2,
1248,228,3,
1248,204,22,
1248,992,3,
1248,1831,31,
1249,67,20,
1249,455,20,
1249,873,20,
1249,1023,20,
1250,104,2,
1250,85,17,
1250,1091,2,
1251,358,20,
1251,381,3,
1251,422,3,
1251,1025,3,
1251,1492,3,
1252,644,21,
1253,245,2,
1253,221,22,
1253,571,2,
1254,0,18,
1254,214,23,
1254,473,20,
1254,495,2,
1256,0,18,
1256,78,18,
1256,206,18,
1256,226,2,
1256,667,2,
1256,695,2,
1258,57,18,
1259,71,23,
1259,100,23,
1259,125,3,
1260,260,21,
1261,35,18,
1261,319,18,
1262,0,33,
1265,25,18,
1265,45,2,
1265,49,18,
1265,869,3,
1265,1177,3,
1265,1295,3,
1267,72,17,
1267,274,17,
1267,293,3,
1267,537,3,
1267,508,27,
1267,1835,25,
1268,446,17,
1268,465,5,
1268,475,30,
1268,507,3,
1268,545,17,
1268,705,17,
1268,972,17,
1269,40,21,
1269,63,2,
1270,0,21,
1270,311,21,
1270,335,3,
1271,128,26,
1271,452,26,
1271,1482,17,
1272,158,3,
1272,136,20,
1272,558,3,
1273,128,3,
1273,1179,3,
1274,112,2,
1274,92,18,
1274,1818,2,
1276,258,11,
1276,271,2,
1276,473,2,
1276,857,2,
1276,1172,2,
1276,1159,11,
1276,1464,2,
1276,1749,2,
1277,65,17,
1277,190,30,
1277,222,3,
1277,1387,19,
1278,209,3,
1278,172,35,
1278,541,2,
1278,523,16,
1279,0,15,
1280,323,2,
1280,307,14,
1280,857,2,
1280,1120,2,
1280,1194,8,
1282,71,21,
1282,102,21,
1282,125,3,
1283,342,30,
1283,374,3,
1283,867,3,
1285,89,21,
1285,253,6,
1285,357,21,
1285,380,3,
1285,557,3,
1285,919,3,
1285,1205,6,
1287,65,29,
1287,96,29,
1287,127,5,
1287,188,15,
1288,99,21,
1288,564,21,
1288,587,2,
1290,35,14,
1290,145,14,
1290,161,3,
1291,128,21,
1295,97,13,
1295,214,13,
1295,1856,13,
1296,0,18,
1296,73,25,
1296,100,3,
1296,284,3,
1296,641,3,
1296,786,3,
1298,1148,13,
1299,1221,3,
1300,128,18,
1300,148,3,
1301,60,18,
1301,148,18,
1301,168,2,
1301,565,2,
1301,851,2,
1301,939,2,
1301,1380,2,
1302,135,27,
1302,164,3,
1302,343,3,
1302,310,31,
1304,0,43,
1304,101,43,
1304,146,4,
1304,995,4,
1305,372,2,
1305,349,21,
1306,54,26,
1306,124,26,
1306,152,3,
1306,234,2,
1306,210,22,
1306,1104,26,
1307,63,18,
1307,822,18,
1308,141,25,
1308,168,3,
1310,126,20,
1310,722,20,
1311,101,20,
1311,163,20,
1311,185,2,
1312,135,3,
1312,111,22,
1315,296,3,
1315,278,16,
1316,1093,3,
1316,1072,19,
1316,1729,15,
1317,31,19,
1319,410,5,
1319,797,2,
1319,773,22,
1319,2241,5,
1321,0,18,
1321,161,8,
1321,171,18,
1321,603,18,
1321,749,18,
1321,1463,20,
1323,112,14,
1323,432,27,
1323,461,3,
1324,261,2,
1324,246,13,
1325,40,16,
1325,58,16,
1325,735,16,
1325,1071,16,
1326,1177,14,
1327,786,3,
1330,44,15,
1331,100,18,
1331,1030,18,
1331,1565,18,
1332,350,14,
1332,367,2,
1335,0,18,
1335,114,18,
1335,135,2,
1336,144,18,
1336,729,2,
1336,931,2,
1336,1281,18,
1338,572,23,
1340,117,21,
1340,140,21,
1340,163,3,
1340,431,3,
1340,1319,23,
1340,1618,9,
1340,1661,12,
1340,1810,3,
1341,223,20,
1344,94,40,
1344,136,4,
1344,406,3,
1344,534,3,
1344,504,28,
1344,383,21,
1345,604,24,
1345,855,13,
1346,252,29,
1346,283,2,
1349,18,29,
1349,58,9,
1349,99,3,
1349,69,28,
1349,282,20,
1350,104,3,
1350,74,28,
1351,102,28,
1351,285,28,
1351,316,3,
1351,474,27,
1352,567,26,
1352,1052,18,
1353,0,47,
1353,105,28,
1353,237,9,
1353,926,3,
1356,210,2,
1356,193,15,
1356,1636,2,
1358,176,2,
1358,163,11,
1359,64,27,
1361,174,18,
1361,195,2,
1361,325,2,
1361,396,2,
1361,954,2,
1361,1179,2,
1363,0,21,
1363,129,21,
1363,153,3,
1364,261,3,
1364,237,22,
1364,383,20,
1364,405,2,
1364,859,5,
1364,814,43,
1365,61,21,
1365,84,21,
1365,107,3,
1365,235,18,
1365,371,3,
1365,1437,3,
1365,1417,18,
1367,71,13,
1367,86,3,
1367,1404,2,
1367,1391,11,
1368,0,27,
1368,1126,23,
1369,35,30,
1369,121,30,
1369,153,3,
1369,290,19,
1369,756,3,
1369,1574,3,
1370,959,2,
1371,91,25,
1371,118,3,
1372,116,19,
1372,137,19,
1372,158,3,
1372,263,3,
1372,237,24,
1372,694,3,
1374,602,5,
1375,0,26,
1377,64,17,
1379,0,25,
1379,73,25,
1379,100,3,
1380,91,14,
1380,107,3,
1380,393,3,
1381,268,3,
1381,234,32,
1382,308,18,
1382,461,3,
1382,594,3,
1382,433,26,
1382,622,3,
1382,604,16,
1382,1300,3,
1383,58,21,
1383,184,3,
1383,217,21,
1383,240,3,
1383,161,21,
1386,38,29,
1386,69,22,
1386,93,5,
1386,116,19,
1386,667,17,
1386,702,21,
1387,118,18,
1388,64,30,
1388,107,30,
1388,139,3,
1388,185,17,
1388,409,3,
1388,437,3,
1388,522,3,
1389,114,16,
1389,183,33,
1394,102,2,
1394,348,9,
1394,85,15,
1394,715,2,
1396,46,17,
1396,154,17,
1396,1956,19,
1397,69,12,
1397,1575,3,
1397,1718,12,
1399,77,28,
1399,194,18,
1399,72,3,
1400,36,18,
1400,115,18,
1400,136,2,
1400,388,2,
1400,579,2,
1400,768,2,
1404,72,27,
1404,226,25,
1404,253,3,
1405,125,2,
1405,99,24,
1405,940,4,
1405,896,42,
1406,93,20,
1406,158,20,
1407,68,18,
1407,118,18,
1407,138,2,
1407,261,2,
1407,1520,2,
1407,1662,2,
1408,366,4,
1408,335,29,
1409,56,22,
1409,80,22,
1409,104,3,
1409,545,29,
1409,576,5,
1409,1426,3,
1410,480,2,
1410,442,16,
1411,197,24,
1411,223,3,
1415,237,15,
1415,257,21,
1415,1175,15,
1416,238,20,
1417,18,21,
1417,287,21,
1417,311,3,
1417,555,3,
1417,768,3,
1419,618,15,
1419,1011,5,
1419,969,40,
1422,179,30,
1422,211,3,
1422,260,4,
1422,217,41,
1422,543,8,
1422,618,17,
1422,653,2,
1422,676,2,
1422,696,2,
1422,793,3,
1422,888,3,
1426,438,4,
1427,174,3,
1427,144,28,
1430,37,28,
1430,97,28,
1430,127,3,
1430,435,3,
1430,1544,3,
1431,42,17,
1431,76,29,
1431,290,17,
1431,605,29,
1439,283,20,
1442,0,34,
1442,107,23,
1442,132,16,
1442,150,3,
1442,207,19,
1442,505,3,
1442,689,23,
1442,835,14,
1442,893,22,
1444,50,26,
1444,78,2,
1444,173,18,
1449,554,15,
1449,982,15,
1451,143,17,
1451,199,6,
1452,1346,15,
1453,128,20,
1453,166,20,
1453,188,2,
1453,559,2,
1454,295,7,
1454,947,15,
1456,272,4,
1456,245,25,
1456,923,3,
1456,897,24,
1456,1739,3,
1457,81,22,
1457,183,24,
1457,209,3,
1457,1046,19,
1457,1336,3,
1458,62,17,
1458,81,3,
1458,1017,3,
1459,98,17,
1459,797,17,
1459,969,15,
1459,1072,20,
1459,1421,17,
1461,17,15,
1461,53,24,
1461,79,15,
1461,100,39,
1461,405,15,
1462,25,24,
1462,80,24,
1462,106,3,
1463,118,14,
1463,134,2,
1463,378,2,
1463,567,2,
1463,1116,2,
1464,54,26,
1464,109,26,
1464,227,12,
1464,137,4,
1467,563,24,
1468,0,12,
1469,178,3,
1469,281,19,
1469,302,2,
1469,458,19,
1470,373,17,
1470,392,3,
1470,652,3,
1471,345,2,
1471,331,12,
1471,493,18,
1472,624,18,
1472,644,3,
1474,342,3,
1474,310,30,
1476,164,27,
1476,193,3,
1476,250,29,
1476,364,18,
1477,58,18,
1477,185,22,
1477,209,3,
1477,372,29,
1477,403,2,
1477,1387,2,
1479,162,13,
1479,184,39,
1482,190,3,
1482,166,22,
1482,1216,3,
1484,60,22,
1484,173,3,
1484,597,3,
1484,671,3,
1484,851,3,
1489,844,2,
1489,833,9,
1490,948,9,
1492,35,19,
1492,80,19,
1494,285,3,
1494,261,22,
1494,463,3,
1494,602,3,
1494,689,3,
1495,51,5,
1496,488,20,
1497,73,18,
1497,93,2,
1497,259,18,
1497,280,2,
1497,1780,2,
1498,17,14,
1498,241,14,
1499,108,20,
1499,423,18,
1499,443,24,
1499,1453,20,
1500,649,12,
1500,739,12,
1501,93,13,
1501,108,13,
1501,1670,13,
1503,107,16,
1503,167,16,
1503,185,2,
1503,292,3,
1503,265,25,
1503,444,2,
1504,39,24,
1504,126,24,
1504,152,3,
1504,696,25,
1505,500,3,
1505,492,6,
1506,272,17,
1506,291,3,
1507,127,3,
1507,103,22,
1507,396,2,
1507,380,14,
1507,600,2,
1507,703,3,
1507,918,12,
1507,1737,3,
1508,386,22,
1512,763,22,
1513,192,30,
1514,13,15,
1514,197,15,
1514,876,20,
1514,1229,15,
1516,292,21,
1517,164,2,
1517,143,19,
1517,387,2,
1517,502,2,
1517,1725,2,
1518,18,30,
1518,59,23,
1518,84,3,
1522,66,29,
1522,97,29,
1522,128,3,
1522,399,5,
1523,912,16,
1526,187,32,
1527,77,15,
1528,84,29,
1528,160,29,
1528,191,5,
};
}
static void init3() {
a3 = new int[] {
1529,299,3,
1529,277,20,
1531,23,29,
1531,54,29,
1531,85,5,
1531,111,20,
1532,11,32,
1532,163,20,
1532,186,3,
1532,743,2,
1533,259,3,
1533,230,27,
1534,43,6,
1534,87,17,
1534,141,6,
1534,185,3,
1534,194,17,
1534,213,2,
1534,151,32,
1534,455,6,
1534,693,2,
1534,873,2,
1536,979,13,
1539,0,14,
1539,16,14,
1539,32,2,
1542,113,18,
1543,198,27,
1544,570,17,
1544,888,17,
1544,1345,17,
1547,61,18,
1547,81,18,
1547,102,2,
1547,195,2,
1547,871,2,
1549,67,29,
1549,110,29,
1549,141,5,
1549,515,5,
1549,661,2,
1549,645,14,
1549,1612,5,
1550,66,17,
1551,56,17,
1551,77,21,
1551,175,17,
1551,194,2,
1551,201,21,
1551,224,3,
1551,525,18,
1551,1061,3,
1552,605,3,
1552,584,19,
1552,812,3,
1553,66,17,
1553,85,3,
1553,137,3,
1553,223,3,
1553,563,3,
1553,719,3,
1554,126,2,
1554,154,25,
1554,109,15,
1555,217,19,
1556,147,3,
1556,182,18,
1556,119,26,
1556,522,3,
1557,203,2,
1557,183,18,
1557,442,2,
1558,281,3,
1558,250,29,
1559,498,18,
1559,670,18,
1559,693,29,
1559,724,3,
1562,145,3,
1562,1541,14,
1563,497,21,
1565,104,14,
1567,189,2,
1567,175,12,
1568,300,20,
1568,436,20,
1569,1735,8,
1570,44,25,
1570,155,25,
1570,796,25,
1571,196,3,
1571,164,30,
1571,764,19,
1571,887,2,
1571,970,6,
1571,934,34,
1571,873,12,
1572,77,19,
1574,103,2,
1574,179,17,
1574,83,18,
1574,548,17,
1574,567,16,
1574,717,2,
1576,1487,20,
1576,1572,17,
1576,1591,18,
1576,1611,18,
1576,1631,21,
1576,1658,18,
1577,175,14,
1577,452,14,
1578,0,39,
1579,485,3,
1579,461,22,
1579,1520,3,
1581,337,3,
1581,314,21,
1582,0,24,
1584,0,13,
1584,37,27,
1584,232,18,
1584,262,16,
1584,738,20,
1584,823,27,
1587,0,20,
1587,22,29,
1587,53,3,
1587,1382,3,
1591,140,28,
1591,170,3,
1591,836,3,
1591,1410,3,
1592,0,20,
1592,255,20,
1592,277,3,
1594,0,17,
1594,68,17,
1594,87,2,
1594,96,27,
1594,309,2,
1594,650,18,
1594,670,3,
1604,0,20,
1607,979,42,
1607,1023,30,
1607,1055,3,
1608,86,15,
1608,103,15,
1608,256,15,
1608,1841,15,
1609,770,12,
1612,184,3,
1612,560,3,
1612,684,3,
1613,43,25,
1613,103,25,
1613,130,3,
1616,179,3,
1616,155,22,
1616,542,3,
1617,76,14,
1617,92,14,
1617,108,2,
1617,446,2,
1617,1643,2,
1618,1521,18,
1618,1544,18,
1619,108,15,
1619,125,2,
1619,455,2,
1619,463,19,
1619,484,2,
1619,432,21,
1619,1072,2,
1619,1125,2,
1622,114,25,
1623,11,20,
1623,108,20,
1623,232,20,
1623,714,20,
1623,798,20,
1623,931,20,
1624,105,26,
1624,1227,24,
1627,141,4,
1627,153,34,
1627,106,33,
1627,688,2,
1627,669,17,
1627,1741,2,
1627,1715,24,
1628,0,20,
1628,113,20,
1628,205,11,
1628,353,41,
1628,744,20,
1629,248,17,
1629,267,3,
1629,1091,3,
1629,1067,22,
1630,0,28,
1630,220,20,
1630,242,3,
1631,96,12,
1631,208,12,
1631,960,12,
1631,1053,12,
1633,0,13,
1633,234,20,
1633,283,4,
1633,600,18,
1635,713,3,
1635,683,28,
1636,0,27,
1636,29,27,
1636,58,3,
1636,293,3,
1636,273,18,
1636,728,3,
1636,846,16,
1636,965,8,
1636,1109,18,
1636,1166,24,
1638,256,3,
1638,233,21,
1645,152,35,
1645,189,3,
1647,21,29,
1647,52,15,
1647,69,2,
1647,284,19,
1653,164,18,
1653,1033,18,
1653,1114,18,
1654,51,33,
1657,118,2,
1657,139,2,
1657,105,11,
1657,126,11,
1658,0,43,
1659,26,25,
1662,21,22,
1662,80,22,
1662,219,22,
1669,98,23,
1670,110,14,
1670,192,16,
1670,210,2,
1670,272,2,
1670,1278,2,
1670,1449,2,
1670,1566,2,
1672,37,27,
1672,66,27,
1672,95,3,
1672,578,3,
1673,0,29,
1673,112,29,
1673,144,3,
1673,233,21,
1673,333,3,
1673,554,21,
1673,658,21,
1674,1803,20,
1675,393,17,
1675,583,3,
1675,1403,12,
1675,2175,23,
1676,99,19,
1676,182,19,
1676,203,2,
1676,476,2,
1678,352,15,
1679,128,16,
1680,75,24,
1680,492,3,
1680,965,24,
1680,991,3,
1683,111,17,
1683,130,3,
1686,4,21,
1686,959,24,
1687,117,14,
1687,133,2,
1687,236,2,
1687,1878,2,
1689,41,14,
1691,730,3,
1691,713,15,
1693,843,13,
1694,205,13,
1694,246,20,
1694,268,17,
1694,491,13,
1694,610,2,
1694,600,8,
1695,0,24,
1695,57,24,
1695,83,3,
1695,136,24,
1698,1383,14,
1699,1162,14,
1699,1264,14,
1701,40,21,
1701,87,21,
1701,110,3,
1701,150,18,
1701,313,3,
1701,286,25,
1701,573,3,
1701,612,3,
1701,1732,3,
1702,99,25,
1702,127,3,
1702,325,3,
1704,355,28,
1706,126,35,
1706,723,35,
1707,50,24,
1707,88,33,
1707,123,3,
1707,1254,25,
1708,44,13,
1715,659,19,
1715,1031,17,
1715,1347,16,
1715,1624,16,
1715,1765,16,
1716,606,2,
1716,590,14,
1716,855,9,
1717,27,24,
1717,53,24,
1718,51,21,
1718,133,21,
1718,156,3,
1718,433,3,
1718,577,3,
1718,840,3,
1718,823,15,
1719,176,3,
1719,327,3,
1720,293,3,
1722,342,3,
1722,323,17,
1723,53,29,
1723,84,29,
1723,115,5,
1723,536,5,
1724,227,20,
1725,133,26,
1725,1011,19,
1728,94,18,
1728,115,2,
1728,301,2,
1728,482,2,
1728,882,2,
1731,149,32,
1731,183,4,
1733,386,3,
1733,777,3,
1735,164,21,
1735,188,3,
1736,219,24,
1736,714,11,
1737,230,18,
1737,250,2,
1737,1025,2,
1738,324,2,
1738,297,25,
1738,651,3,
1738,627,22,
1738,1480,3,
1739,810,3,
1739,777,31,
1740,145,16,
1740,163,3,
1741,226,25,
1741,253,3,
1741,629,4,
1741,647,19,
1742,72,11,
1742,94,19,
1742,115,3,
1742,554,9,
1742,1265,11,
1743,67,19,
1744,180,3,
1744,152,26,
1744,1277,3,
1745,60,21,
1745,179,21,
1745,202,3,
1745,215,35,
1745,420,3,
1746,141,13,
1746,203,22,
1746,227,3,
1746,341,13,
1746,406,3,
1746,471,13,
1747,1312,3,
1749,117,30,
1749,149,3,
1750,77,18,
1750,127,18,
1750,148,2,
1751,330,18,
1751,351,2,
1751,664,2,
1751,1187,2,
1753,61,25,
1753,147,4,
1753,120,25,
1756,138,28,
1756,168,3,
1756,519,19,
1758,29,21,
1759,86,18,
1759,107,2,
1759,254,4,
1759,736,2,
1760,162,3,
1760,135,25,
1760,429,18,
1761,25,15,
1761,42,27,
1761,71,2,
1761,191,2,
1761,308,2,
1762,0,18,
1762,104,18,
1764,85,24,
1764,199,21,
1767,0,27,
1767,72,27,
1767,101,3,
1767,638,32,
1767,672,4,
1768,97,14,
1768,113,2,
1768,160,17,
1769,0,24,
1769,70,24,
1769,96,3,
1769,166,8,
1769,468,21,
1770,135,3,
1770,111,22,
1770,236,3,
1772,213,2,
1772,193,18,
1772,345,2,
1773,40,28,
1773,350,28,
1773,1091,28,
1774,135,23,
1774,302,24,
1774,366,24,
1774,543,32,
1774,745,23,
1774,1280,32,
1774,2004,32,
1775,1289,20,
1775,1562,17,
1776,10,24,
1776,92,24,
1776,237,19,
1778,654,6,
1778,598,54,
1780,38,17,
1780,157,17,
1780,603,17,
1780,835,17,
1782,0,29,
1782,44,17,
1782,722,29,
1782,753,5,
1784,87,31,
1784,120,4,
1786,491,17,
1786,520,16,
1787,5,19,
1787,29,30,
1787,122,19,
1787,143,4,
1787,329,15,
1787,349,30,
1787,381,3,
1788,1057,11,
1788,1141,20,
1788,1396,27,
1788,1425,3,
1788,1488,3,
1788,1580,12,
1789,272,3,
1789,245,25,
1790,461,20,
1790,564,16,
1791,338,31,
1791,371,4,
1792,248,3,
1792,219,27,
1793,1884,14,
1794,204,20,
1794,226,2,
1794,535,2,
1794,525,8,
1794,746,2,
1795,62,16,
1796,909,17,
1797,12,17,
1797,596,17,
1797,759,17,
1797,886,17,
1797,1018,17,
1798,130,3,
1798,100,28,
1800,1361,20,
1802,0,28,
1802,425,28,
1802,602,42,
1803,711,3,
1807,0,24,
1807,117,24,
1807,143,3,
1807,478,2,
1807,516,2,
1807,599,4,
1807,564,33,
1807,503,11,
1807,460,16,
1807,853,4,
1807,981,3,
1807,1149,3,
1807,1133,14,
1807,1217,3,
1807,1356,3,
1807,1195,20,
1807,1398,3,
1810,122,18,
1810,142,18,
1810,162,3,
1810,452,3,
1810,610,3,
1810,655,3,
1813,159,27,
1813,188,3,
1815,118,2,
1815,147,24,
1815,233,30,
1815,265,3,
1815,102,14,
1815,896,20,
1815,1291,3,
1815,1429,9,
1816,0,17,
1816,136,17,
1816,159,27,
1816,231,15,
1816,248,18,
1816,746,22,
1816,1107,17,
1816,1246,17,
1816,1384,17,
1816,1458,21,
1816,1778,22,
1817,248,14,
1817,264,2,
1817,928,3,
1818,98,22,
1819,62,17,
1819,90,10,
1819,793,17,
1819,913,17,
1820,84,24,
1820,110,4,
1820,233,3,
1820,209,22,
1822,54,33,
1822,188,33,
1822,391,33,
1823,968,17,
1823,1588,17,
1824,292,16,
1825,21,24,
1825,77,24,
1825,103,3,
1825,1662,3,
1825,1764,19,
1826,100,24,
1826,273,24,
1826,299,3,
1826,446,31,
1826,556,3,
1826,518,36,
1828,139,3,
1828,111,26,
1828,348,8,
1829,0,16,
1830,109,24,
1830,135,2,
1831,84,17,
1831,633,17,
1831,652,3,
1832,60,21,
1832,193,21,
1832,216,3,
1832,1228,13,
1832,1498,3,
1832,1689,3,
1832,1939,3,
1833,159,24,
1833,187,15,
1834,129,17,
1834,148,3,
1834,455,3,
1834,418,35,
1835,63,6,
1835,71,6,
1835,412,6,
1835,882,18,
1835,902,29,
1835,1398,6,
1836,77,12,
1836,247,3,
1836,252,29,
1836,464,17,
1836,653,18,
1836,999,26,
1836,1341,17,
1838,0,3,
1839,91,8,
1841,46,13,
1841,61,25,
1841,271,20,
1841,419,13,
1843,54,19,
1843,497,9,
1843,515,20,
1844,122,10,
1844,469,10,
1844,591,10,
1844,682,10,
1845,68,17,
1845,87,2,
1845,96,27,
1845,148,19,
1845,264,2,
1845,362,18,
1845,966,19,
1845,1123,19,
1848,811,24,
1848,837,3,
1848,1078,3,
1850,175,20,
1850,197,3,
1851,31,29,
1853,0,35,
1853,108,26,
1853,136,3,
1854,38,20,
1854,198,20,
1854,556,20,
1855,0,36,
1855,38,10,
1855,68,17,
1856,442,31,
1856,2193,22,
1857,236,32,
1857,270,4,
1861,83,28,
1861,323,3,
1861,293,28,
1861,792,3,
1863,148,30,
1863,181,3,
1863,221,17,
1863,444,3,
1864,193,19,
1864,214,4,
1864,548,3,
1864,518,28,
1865,87,26,
1865,115,2,
1867,24,20,
1869,0,20,
1869,84,20,
1869,106,3,
1869,301,14,
1869,658,3,
1872,0,24,
1872,95,24,
1872,121,3,
1878,142,14,
1878,172,27,
1878,491,15,
1880,205,2,
1880,186,17,
1881,336,3,
1881,306,28,
1882,806,2,
1882,787,17,
1883,87,18,
1884,241,26,
1886,190,17,
1886,378,17,
1887,103,16,
1887,291,16,
1887,309,3,
1891,26,42,
1895,235,28,
1895,265,3,
1895,380,2,
1895,372,6,
1896,99,17,
1896,118,3,
1896,745,3,
1896,962,3,
1898,196,2,
1898,179,15,
1898,456,2,
1900,36,17,
1900,149,17,
1900,168,4,
1900,859,4,
1900,1135,4,
1901,0,17,
1901,88,17,
1901,107,4,
1902,73,10,
1902,182,10,
1903,58,23,
1903,83,26,
1903,205,18,
1903,448,22,
1903,531,38,
1903,598,26,
1905,266,20,
1905,288,3,
1905,754,17,
1905,1545,17,
1905,2199,17,
1906,0,26,
1906,107,26,
1906,525,16,
1906,755,16,
1906,1326,26,
1908,814,23,
1908,1137,22,
1909,22,27,
1909,66,21,
1909,380,5,
1910,816,3,
1910,795,19,
1911,93,2,
1911,78,13,
1912,533,2,
1912,519,12,
1913,147,3,
1913,118,27,
1913,569,18,
1913,752,3,
1915,522,2,
1915,506,14,
1917,219,14,
1917,235,2,
1917,914,4,
1918,102,11,
1918,115,14,
1918,131,17,
1918,459,2,
1918,434,23,
1920,235,28,
1920,266,3,
1920,1286,3,
1921,1,34,
1922,42,15,
1922,260,3,
1922,243,15,
1922,1852,3,
1924,0,30,
1925,224,2,
1925,819,2,
1925,1725,2,
1926,150,16,
1926,168,25,
1926,195,3,
1928,111,21,
1928,134,21,
1928,157,3,
1928,307,18,
1928,364,12,
1928,529,3,
1929,491,23,
1930,430,17,
1931,121,3,
1931,95,24,
1932,305,2,
1932,289,14,
1933,0,15,
1933,24,29,
1934,73,24,
1934,1697,24,
1936,69,21,
1936,331,21,
1936,355,3,
1936,754,3,
1939,166,16,
1940,833,11,
1941,145,2,
1941,129,14,
1941,1717,14,
1942,111,24,
1942,141,24,
1942,168,3,
1943,167,2,
1943,147,18,
1945,65,24,
1945,92,3,
1945,191,8,
1945,823,8,
1945,1737,3,
1946,22,29,
1946,109,29,
1946,140,3,
1946,644,3,
1948,46,18,
1948,66,18,
1948,86,2,
1948,198,3,
1948,174,22,
1948,204,2,
1948,565,2,
1948,1196,2,
1949,19,26,
1949,70,25,
1949,97,3,
1949,583,25,
1950,0,19,
1950,24,17,
1950,120,19,
1950,141,2,
1952,67,35,
1954,305,3,
1954,283,20,
1955,112,13,
1955,353,13,
1955,368,2,
1955,1001,2,
1956,105,3,
1957,230,4,
1957,259,16,
1957,192,36,
1958,62,17,
1958,93,17,
1958,112,4,
1958,1187,10,
1959,80,35,
1959,117,35,
1959,154,3,
1959,293,2,
1959,559,2,
1959,625,3,
1961,1373,4,
1962,129,22,
1962,1524,14,
1963,79,21,
1963,102,3,
1964,32,21,
1964,354,21,
1967,139,31,
1967,172,4,
1967,612,2,
1967,596,14,
1970,1356,20,
1971,115,3,
1971,77,36,
1971,640,3,
1971,602,36,
1971,1363,3,
1972,1419,14,
1974,0,36,
1976,77,20,
1977,186,3,
1977,162,22,
1977,415,5,
1978,74,24,
1978,100,3,
1978,275,36,
1978,313,4,
1978,673,18,
1978,693,3,
1980,567,29,
1981,738,13,
1984,302,3,
1986,466,12,
1987,2266,15,
1988,37,2,
1988,24,11,
1988,982,21,
1988,1258,27,
1988,1382,2,
1989,186,25,
1993,45,28,
1993,296,28,
1993,326,14,
1995,82,35,
1995,119,3,
1997,55,17,
1997,155,3,
1997,942,17,
1999,36,21,
1999,124,21,
1999,185,23,
1999,336,18,
1999,356,29,
1999,387,24,
1999,413,24,
1999,542,23,
1999,625,29,
1999,656,31,
1999,775,38,
1999,1050,21,
1999,1202,21,
2001,156,25,
2001,225,3,
2001,200,23,
2003,20,7,
2004,207,3,
2004,184,21,
2004,780,3,
2004,795,3,
2009,106,18,
2009,139,18,
2009,159,2,
2009,194,18,
2009,329,2,
2009,459,2,
2011,110,21,
2011,656,21,
2011,679,3,
2011,1685,3,
2015,167,3,
2015,139,26,
2020,581,14,
2023,289,17,
2023,309,3,
2026,0,23,
2026,805,23,
2027,40,21,
2027,63,3,
2027,395,3,
2028,0,20,
2028,123,34,
2028,822,20,
2031,0,27,
2031,102,17,
2031,500,16,
2033,0,25,
2035,58,22,
2037,214,3,
2037,184,28,
2037,309,8,
2037,347,18,
2037,750,8,
2039,23,25,
2039,50,3,
2039,107,25,
2039,134,3,
2042,192,2,
2042,168,22,
2042,655,20,
2042,978,22,
2044,11,29,
2044,56,6,
2044,101,18,
2044,193,18,
2044,1008,19,
2044,1751,6,
2045,47,30,
2045,80,46,
2045,693,3,
2047,221,12,
2049,543,17,
2049,699,12,
2049,717,12,
2052,71,19,
2053,174,2,
2053,152,20,
2055,520,25,
2056,727,27,
2056,756,3,
2057,12,37,
2057,826,37,
2063,15,27,
2063,44,27,
2063,73,3,
2065,150,20,
};
}
static void init4() {
a4 = new int[] {
2065,172,2,
2065,920,2,
2065,1112,2,
2069,256,3,
2069,234,20,
2071,138,16,
2071,190,29,
2072,206,15,
2072,223,3,
2074,667,3,
2074,640,25,
2075,73,18,
2075,93,2,
2075,549,2,
2075,591,2,
2077,51,20,
2077,99,20,
2077,121,2,
2077,973,2,
2078,50,20,
2078,75,19,
2078,543,2,
2078,801,2,
2078,984,2,
2087,0,26,
2087,32,17,
2087,159,21,
2087,365,20,
2087,389,26,
2090,125,2,
2090,108,15,
2090,404,2,
2095,570,28,
2098,318,34,
2100,0,23,
2101,13,21,
2101,155,21,
2102,314,3,
2102,282,30,
2103,0,29,
2103,94,29,
2103,342,26,
2103,421,19,
2105,67,22,
2105,95,22,
2105,483,22,
2105,843,22,
2105,1167,22,
2106,0,20,
2106,361,14,
2108,703,2,
2109,22,15,
2109,142,15,
2109,805,15,
2112,1070,9,
2114,145,3,
2114,121,22,
2116,48,14,
2118,41,20,
2118,63,3,
2118,101,3,
2124,0,21,
2124,201,21,
2124,224,3,
2128,0,33,
2128,102,3,
2128,76,24,
2128,304,26,
2128,426,21,
2130,367,2,
2130,350,15,
2131,73,15,
2131,255,15,
2131,817,15,
2131,1010,15,
2137,130,2,
2137,110,18,
2137,776,2,
2140,597,3,
2140,568,27,
2143,57,2,
2143,31,24,
2143,329,2,
2144,43,27,
2144,72,27,
2144,103,30,
2144,174,21,
2144,622,27,
2145,19,18,
2154,15,24,
2154,104,24,
2154,130,3,
2154,961,3,
2155,37,24,
2155,408,21,
2158,172,2,
2158,408,2,
2158,557,2,
2158,624,2,
2160,36,19,
2160,60,17,
2161,241,20,
2161,320,3,
2161,298,20,
2162,76,9,
2165,31,19,
2168,249,20,
2171,80,28,
2172,759,20,
2173,0,20,
2173,372,12,
2173,495,12,
2173,671,12,
2173,911,12,
2175,858,3,
2177,24,18,
2177,63,18,
2177,83,2,
2177,393,2,
2177,642,2,
2179,47,27,
2183,735,2,
2183,714,19,
2186,0,36,
2187,0,20,
2189,78,3,
2189,54,22,
2189,450,15,
2191,76,14,
2191,879,14,
2192,282,2,
2192,265,15,
2194,285,19,
2195,0,33,
2196,7,28,
2197,236,14,
2197,375,4,
2197,340,33,
2199,164,17,
2199,183,42,
2200,0,26,
2204,143,21,
2205,1,22,
2206,1,22,
2207,300,3,
2207,284,14,
2208,41,20,
2208,63,22,
2208,459,2,
2208,435,22,
2208,2102,2,
2209,64,3,
2209,40,22,
2210,20,18,
2210,84,36,
2210,339,18,
2210,592,18,
2210,1022,18,
2213,27,21,
2214,231,22,
2214,255,3,
2214,320,3,
2214,300,18,
2214,1185,3,
2214,1272,12,
2217,159,3,
2217,288,3,
2217,122,35,
2217,907,3,
2218,356,2,
2218,332,22,
2218,1570,2,
2218,1965,2,
2220,209,28,
2220,239,3,
2222,0,21,
2222,113,21,
2222,136,3,
2223,39,22,
2225,86,18,
2225,215,18,
2225,959,18,
2226,498,23,
2232,931,4,
2232,913,16,
2236,51,18,
2237,32,21,
2240,19,26,
2242,0,24,
2245,1,18,
2246,336,2,
2250,1,16,
2253,31,24,
2253,974,24,
2255,24,17,
2255,140,17,
2255,611,17,
2255,793,17,
2255,929,17,
2257,15,14,
2258,107,20,
2258,169,20,
2279,42,14,
2286,93,43,
2287,20,17,
2292,1,12,
2293,93,10,
2293,187,23,
2293,212,14,
2293,228,14,
2293,248,16,
2293,266,25,
2293,293,16,
2299,152,2,
2299,128,22,
2299,857,2,
};
}
static int[] a0;
static int[] a1;
static int[] a2;
static int[] a3;
static int[] a4;
static {
init0();
init1();
init2();
init3();
init4();
}
int[] annotate() {
int[] ans = new int[12648];
int idx = 0;
for (int i:a0) ans[idx++] = i;
for (int i:a1) ans[idx++] = i;
for (int i:a2) ans[idx++] = i;
for (int i:a3) ans[idx++] = i;
for (int i:a4) ans[idx++] = i;
return ans; }}

