public class BannerAnnotate {
static void init0() {
a0 = new int[] {
1,1232,36,
3,392,13,
6,539,27,
6,568,15,
6,585,25,
6,612,23,
11,164,3,
11,131,31,
13,62,3,
13,39,21,
13,68,21,
13,91,3,
18,374,3,
18,345,27,
19,394,16,
23,229,3,
23,197,30,
26,1222,3,
26,1184,36,
28,78,2,
28,61,15,
29,324,3,
29,298,24,
31,74,27,
31,155,27,
31,184,3,
31,190,3,
32,137,27,
32,240,21,
32,264,3,
38,189,3,
38,158,29,
40,78,21,
41,28,18,
41,48,18,
41,68,3,
43,72,18,
43,226,18,
43,625,18,
47,197,13,
50,1078,3,
51,243,3,
51,211,30,
55,0,29,
56,75,27,
56,127,27,
56,536,27,
60,141,3,
60,287,3,
60,104,35,
60,257,28,
65,170,3,
65,140,28,
68,90,4,
68,57,31,
73,94,3,
73,122,18,
73,79,13,
73,374,3,
75,446,39,
77,193,2,
77,277,5,
77,239,36,
77,171,20,
78,254,2,
78,232,20,
80,45,18,
80,86,18,
80,106,2,
80,724,3,
80,770,3,
80,747,21,
80,701,21,
80,1149,2,
80,1258,2,
80,1459,2,
80,1582,2,
80,1624,2,
80,1792,2,
81,0,23,
81,262,23,
83,15,16,
83,90,16,
83,414,16,
83,870,22,
84,438,5,
86,188,5,
88,65,17,
88,228,13,
88,348,17,
88,491,17,
88,926,17,
88,1066,29,
88,1465,13,
91,100,24,
91,180,24,
91,206,3,
91,310,3,
91,1622,3,
92,0,18,
92,133,18,
92,153,2,
92,249,22,
92,320,2,
92,386,2,
93,162,23,
98,159,13,
98,220,21,
98,1183,13,
98,1248,37,
99,250,28,
99,280,3,
99,510,3,
100,414,17,
100,467,27,
100,496,3,
100,1884,17,
101,66,20,
106,75,14,
106,275,33,
106,2225,27,
109,36,24,
109,181,24,
109,341,24,
109,368,3,
112,464,3,
112,435,27,
126,142,27,
126,171,3,
126,329,3,
128,1856,25,
130,121,26,
130,149,2,
131,646,3,
134,229,14,
134,335,14,
135,98,3,
135,68,28,
135,428,21,
137,0,24,
141,782,27,
141,1663,27,
142,1677,21,
150,72,15,
151,85,18,
151,105,18,
155,525,19,
155,1147,6,
155,1531,6,
156,35,46,
157,1672,21,
159,105,19,
160,141,24,
160,171,24,
160,197,3,
160,276,24,
160,1078,24,
163,206,15,
168,238,25,
168,380,26,
168,1659,17,
168,1861,17,
172,775,3,
172,734,39,
173,5,24,
177,42,13,
177,168,13,
177,254,13,
177,353,13,
177,453,13,
177,468,2,
177,1113,13,
187,123,3,
187,93,28,
188,0,18,
188,126,18,
188,146,2,
188,787,2,
188,930,2,
189,81,13,
190,212,2,
190,196,14,
192,119,2,
192,103,14,
192,534,3,
192,258,26,
193,154,3,
193,126,26,
194,78,13,
194,189,13,
194,300,13,
194,703,21,
194,1016,13,
194,1664,13,
194,1938,13,
195,54,28,
195,137,13,
195,406,13,
195,927,13,
195,1194,25,
195,1242,13,
196,527,25,
205,699,27,
206,80,18,
206,100,3,
206,957,3,
206,932,23,
211,58,14,
211,295,28,
211,325,3,
211,893,3,
215,48,13,
215,123,13,
215,184,13,
215,326,28,
215,394,13,
215,900,24,
215,1429,13,
215,1520,28,
215,1556,13,
218,146,3,
218,116,28,
218,402,2,
218,390,10,
220,91,14,
220,107,3,
226,72,25,
226,99,26,
226,509,25,
226,620,24,
226,681,13,
226,1016,13,
226,1056,13,
226,1092,14,
226,1195,13,
226,1364,25,
226,1456,13,
226,1537,25,
226,1625,13,
226,1687,24,
226,1924,25,
230,161,3,
230,142,17,
231,16,18,
231,97,18,
231,1196,18,
233,169,18,
233,1315,18,
236,9,17,
236,286,18,
236,306,2,
236,311,2,
236,1611,2,
237,333,3,
239,175,14,
239,191,3,
240,189,3,
240,142,45,
243,67,21,
243,177,3,
243,205,2,
243,186,17,
243,154,21,
253,0,14,
253,202,13,
253,742,13,
253,863,25,
253,999,14,
253,1313,14,
253,1354,13,
255,81,18,
255,128,18,
255,149,2,
255,270,2,
255,447,2,
255,764,2,
255,1261,18,
258,114,11,
258,135,2,
264,92,28,
264,240,28,
264,271,3,
264,591,3,
266,127,25,
267,222,3,
267,185,35,
268,340,3,
268,314,24,
269,145,3,
269,285,3,
269,108,35,
269,255,28,
270,141,2,
270,277,3,
271,264,20,
273,248,2,
273,230,16,
273,401,3,
273,375,24,
273,607,4,
273,577,28,
275,59,18,
275,94,18,
275,816,27,
275,845,2,
275,1296,2,
276,1497,21,
277,1348,3,
277,1755,3,
278,199,21,
283,636,20,
284,460,4,
284,435,23,
284,812,4,
286,156,2,
286,134,20,
286,915,4,
286,896,17,
290,67,21,
290,218,21,
290,335,21,
290,974,23,
290,1201,13,
290,1458,13,
290,1599,13,
290,1748,13,
292,108,3,
292,207,3,
292,91,15,
292,180,25,
293,1,24,
294,107,4,
294,86,19,
294,453,4,
294,842,4,
295,162,3,
295,123,37,
295,876,3,
295,2185,3,
297,18,18,
297,189,16,
297,749,16,
298,163,25,
301,103,25,
305,67,25,
305,183,25,
308,60,3,
308,30,28,
310,302,3,
310,277,23,
310,812,3,
310,783,27,
311,146,3,
311,125,19,
311,880,3,
311,862,16,
312,570,15,
312,1648,15,
313,73,25,
313,135,25,
313,250,25,
313,912,38,
317,91,23,
318,136,27,
318,764,27,
320,136,24,
322,429,3,
322,408,19,
323,104,27,
324,26,23,
324,79,13,
324,371,13,
324,543,13,
324,976,13,
324,1527,13,
324,1689,13,
327,90,18,
327,111,2,
330,72,24,
330,785,3,
330,1956,3,
330,2185,14,
330,2482,14,
330,2902,2,
334,33,18,
334,126,18,
334,146,18,
334,545,18,
334,971,18,
334,1134,18,
335,419,3,
335,396,21,
341,84,24,
341,135,24,
341,560,24,
344,43,18,
347,61,24,
347,91,24,
347,117,3,
348,41,14,
348,197,35,
348,410,25,
348,507,26,
348,852,13,
348,891,14,
348,1500,25,
348,1632,13,
348,1770,14,
349,27,18,
349,109,18,
349,129,2,
351,1545,3,
356,285,2,
356,268,15,
360,26,16,
360,44,16,
360,62,3,
365,221,3,
365,184,35,
366,26,18,
366,46,18,
366,67,2,
366,230,18,
366,251,3,
366,414,2,
366,1004,2,
367,335,3,
367,312,21,
367,2197,3,
372,179,3,
372,227,2,
372,207,18,
372,160,17,
373,1080,26,
374,65,11,
374,86,4,
374,438,4,
376,98,3,
376,81,15,
379,31,18,
379,63,18,
379,468,18,
380,87,2,
380,64,21,
380,1349,13,
380,2127,3,
380,2105,20,
380,2424,3,
385,25,3,
385,136,22,
385,160,3,
385,955,3,
390,0,24,
393,208,21,
393,231,3,
393,247,17,
393,266,2,
395,145,15,
395,162,2,
396,238,26,
399,29,5,
399,92,5,
405,112,15,
405,129,2,
408,147,17,
408,275,17,
410,144,27,
410,173,2,
410,803,2,
410,784,17,
416,141,3,
416,124,15,
417,286,3,
417,255,29,
418,466,3,
418,442,22,
419,11,18,
419,132,18,
419,737,18,
420,744,1,
421,53,18,
421,73,3,
424,592,3,
426,1,20,
429,200,3,
434,86,27,
434,115,3,
434,269,3,
435,70,17,
435,163,25,
435,455,26,
435,1014,19,
435,1420,14,
441,1830,2,
441,1810,18,
442,152,3,
442,122,28,
443,324,3,
443,296,26,
443,1938,28,
444,164,21,
447,537,3,
447,497,38,
448,274,24,
449,1079,13,
450,64,24,
450,90,24,
450,116,3,
450,233,3,
450,367,3,
451,44,24,
451,395,13,
451,483,21,
451,1177,25,
451,1340,13,
451,1486,13,
453,477,3,
453,1186,3,
454,388,24,
455,129,24,
455,155,3,
455,1462,3,
455,1732,3,
457,159,14,
457,176,2,
461,137,17,
461,282,3,
461,298,17,
462,156,18,
462,1221,18,
463,244,26,
463,329,26,
463,451,17,
464,165,21,
464,211,21,
464,234,3,
465,123,25,
465,155,3,
467,23,15,
467,66,15,
468,82,26,
469,48,21,
469,131,3,
469,108,21,
469,687,21,
470,517,3,
470,491,24,
470,566,3,
471,176,21,
471,780,3,
474,158,17,
474,330,17,
476,53,13,
476,199,13,
476,584,13,
476,1039,13,
476,1567,13,
476,1670,13,
478,105,16,
478,124,16,
479,124,2,
483,225,4,
483,188,35,
483,972,4,
483,930,40,
483,1988,4,
483,2675,5,
485,255,18,
485,333,18,
485,601,18,
485,1670,18,
487,0,22,
487,24,22,
487,48,3,
488,80,14,
489,116,3,
489,86,28,
490,111,3,
490,89,20,
493,204,4,
493,163,39,
493,682,21,
495,65,24,
495,318,26,
495,626,24,
496,372,2,
496,348,22,
497,62,3,
499,69,24,
499,99,24,
499,125,3,
503,110,13,
503,210,23,
503,314,30,
503,435,23,
503,584,13,
503,720,13,
503,819,14,
503,945,23,
505,41,24,
505,67,3,
505,199,24,
505,225,3,
505,1677,3,
511,126,3,
511,94,30,
512,62,3,
512,44,16,
515,19,17,
515,80,17,
515,382,17,
516,388,3,
516,581,20,
517,0,11,
517,56,11,
520,78,13,
520,630,13,
520,729,13,
520,809,23,
520,894,13,
520,1050,14,
520,1164,13,
520,1522,14,
520,1663,21,
521,230,3,
521,200,28,
523,102,20,
523,443,26,
523,691,3,
523,662,27,
524,688,28,
524,718,3,
524,1128,3,
524,1184,3,
531,187,5,
531,131,54,
531,1121,11,
534,54,26,
534,82,14,
534,491,14,
534,620,13,
535,75,18,
537,1353,2,
539,184,17,
540,112,21,
540,211,28,
540,458,13,
540,651,21,
540,794,28,
540,1324,13,
540,1576,24,
540,1691,13,
541,252,3,
541,233,17,
543,359,3,
543,334,23,
543,820,22,
548,78,28,
548,109,28,
548,139,3,
548,345,3,
548,1025,3,
550,192,3,
550,167,23,
551,36,13,
551,175,13,
551,275,13,
551,589,13,
551,718,14,
551,1066,13,
551,1226,13,
551,1440,13,
551,1612,13,
551,1975,13,
551,2054,13,
556,482,26,
557,0,26,
559,636,27,
559,717,23,
559,1397,34,
566,135,3,
566,111,22,
568,214,20,
572,277,14,
572,293,2,
574,701,17,
576,86,24,
576,266,25,
576,524,4,
576,601,3,
576,572,27,
576,499,23,
578,55,3,
578,24,29,
578,132,3,
578,101,29,
578,358,3,
579,11,18,
579,69,18,
579,89,2,
579,185,18,
579,531,2,
579,1373,2,
580,55,20,
580,86,20,
580,228,26,
580,260,15,
580,813,20,
580,1337,20,
585,55,3,
585,24,29,
585,184,3,
585,153,29,
586,110,15,
586,127,15,
586,147,24,
586,601,15,
587,0,32,
588,124,17,
590,78,27,
590,107,4,
591,222,3,
591,194,26,
594,157,2,
594,124,31,
597,261,25,
600,38,18,
600,92,18,
600,139,2,
600,1019,2,
604,763,17,
604,1244,3,
605,72,3,
605,53,17,
605,131,3,
607,1078,3,
607,1046,30,
609,244,3,
609,217,25,
609,483,3,
609,839,3,
611,655,2,
611,631,22,
612,373,13,
614,22,20,
614,97,20,
614,119,3,
624,162,3,
624,145,15,
625,107,3,
625,77,28,
628,153,17,
628,172,4,
628,693,4,
628,1183,4,
633,89,18,
633,394,27,
633,423,3,
633,429,25,
633,456,3,
633,466,29,
633,497,3,
633,1306,3,
634,941,3,
634,920,19,
635,104,22,
635,128,3,
636,1377,3,
637,40,16,
637,597,16,
642,559,3,
646,387,20,
647,706,17,
647,1216,17,
648,123,18,
648,150,3,
649,31,25,
649,150,30,
649,697,13,
649,1114,17,
655,672,13,
655,1218,13,
656,173,18,
656,193,3,
660,350,28,
662,53,27,
662,103,27,
662,132,3,
663,13,25,
663,86,27,
663,115,3,
663,124,25,
663,151,3,
663,699,3,
663,1198,3,
665,0,19,
665,110,27,
665,139,3,
666,12,27,
668,371,3,
674,0,18,
676,124,27,
676,250,27,
676,279,3,
682,118,25,
682,145,4,
683,52,17,
683,440,25,
685,22,27,
685,119,27,
685,148,3,
685,248,3,
695,79,13,
695,156,17,
695,808,13,
695,2265,13,
696,258,4,
696,231,25,
697,25,24,
697,131,24,
698,347,14,
698,379,18,
698,555,14,
702,91,18,
702,134,18,
702,155,2,
702,1257,2,
702,1299,5,
703,110,3,
703,82,26,
705,4,18,
705,734,18,
708,142,3,
708,112,28,
709,155,25,
710,683,17,
712,31,15,
712,57,26,
712,85,3,
713,89,24,
713,115,3,
714,21,13,
714,93,3,
714,62,29,
714,367,13,
714,452,25,
717,367,3,
717,350,15,
720,124,15,
725,128,25,
725,155,3,
725,282,3,
725,1212,3,
725,1426,3,
726,401,20,
727,108,21,
727,131,3,
729,161,28,
731,314,2,
733,129,18,
734,592,3,
734,568,22,
734,724,5,
734,673,49,
736,860,29,
737,205,4,
737,167,36,
738,120,3,
738,98,20,
738,382,3,
739,82,3,
739,59,21,
740,223,18,
740,243,3,
740,496,3,
740,1578,3,
744,146,13,
744,234,13,
744,322,22,
744,367,23,
744,469,13,
744,988,13,
744,1061,13,
744,1259,13,
745,124,15,
745,872,1,
749,91,17,
749,110,17,
749,129,4,
749,672,4,
749,877,4,
749,1094,4,
749,1387,4,
755,55,25,
755,213,26,
755,338,13,
755,576,13,
755,1214,13,
759,4,18,
762,168,3,
762,138,28,
763,64,22,
763,88,3,
763,273,3,
765,1402,3,
765,1387,13,
766,28,25,
766,82,3,
766,63,17,
771,311,3,
773,171,3,
773,143,26,
775,2080,18,
775,2292,18,
776,137,17,
776,156,3,
776,224,3,
776,192,30,
778,29,18,
778,104,18,
778,124,2,
779,92,13,
779,229,22,
779,609,13,
779,1627,13,
780,156,9,
781,215,25,
781,242,3,
782,134,15,
782,428,15,
784,708,17,
785,50,18,
785,70,3,
785,169,18,
785,281,18,
785,312,4,
785,441,18,
785,627,6,
786,17,20,
786,55,20,
786,77,3,
790,369,3,
791,123,30,
791,155,2,
791,284,4,
791,246,36,
791,427,4,
791,402,23,
792,50,14,
792,370,14,
792,647,14,
792,750,14,
792,990,14,
792,1295,14,
793,73,3,
797,53,25,
797,327,3,
797,976,3,
799,172,15,
802,188,3,
802,151,35,
805,15,21,
807,173,3,
807,149,22,
809,61,17,
809,616,17,
809,907,17,
811,36,13,
811,272,13,
811,417,13,
811,500,14,
811,602,24,
811,694,13,
811,793,24,
811,1448,13,
811,1608,13,
814,40,13,
819,991,3,
819,957,32,
823,40,13,
823,182,13,
823,491,13,
823,687,13,
823,992,13,
823,1066,24,
823,1211,13,
823,1636,13,
823,1788,13,
824,0,26,
825,0,24,
825,45,24,
825,284,24,
825,569,24,
825,674,24,
825,1079,24,
825,1182,24,
825,1518,24,
827,171,2,
827,142,27,
827,341,3,
};
}
static void init1() {
a1 = new int[] {
827,316,23,
828,173,17,
829,297,3,
831,103,20,
831,509,20,
834,131,16,
834,149,2,
839,102,18,
840,128,26,
840,717,13,
840,820,28,
843,373,3,
843,481,3,
843,460,19,
843,334,37,
844,87,16,
844,118,16,
847,18,17,
847,165,17,
852,1418,3,
852,1394,22,
853,36,16,
853,460,34,
853,550,26,
853,671,16,
853,801,13,
853,986,13,
853,1215,23,
853,1517,17,
854,51,18,
854,176,18,
854,701,18,
854,969,18,
854,1129,18,
855,100,24,
855,271,24,
855,503,24,
857,80,17,
858,132,3,
858,103,27,
859,0,20,
861,144,3,
861,114,28,
862,254,20,
862,276,3,
862,539,3,
864,114,18,
864,230,18,
865,94,18,
865,115,2,
867,84,17,
867,462,17,
869,332,21,
869,355,3,
869,1738,24,
872,317,13,
873,69,10,
874,234,3,
874,2032,3,
875,151,3,
875,121,28,
876,92,17,
876,156,15,
876,261,17,
876,697,17,
876,1325,17,
876,1997,17,
878,23,18,
878,44,18,
878,63,2,
878,625,2,
879,113,3,
879,94,17,
881,116,3,
881,85,29,
882,438,3,
882,408,28,
882,620,3,
883,558,27,
883,998,27,
890,27,13,
890,187,13,
892,168,22,
893,0,20,
893,21,14,
893,160,27,
893,189,4,
894,111,2,
894,89,20,
894,582,16,
895,58,17,
895,78,2,
899,822,3,
899,800,20,
900,117,21,
902,102,21,
902,1761,13,
903,115,18,
903,142,18,
903,162,3,
905,135,3,
905,101,32,
906,426,3,
906,408,16,
907,359,12,
907,525,2,
907,984,2,
908,58,20,
912,80,27,
912,205,27,
912,235,3,
912,328,3,
912,1180,3,
912,1275,3,
915,85,14,
916,235,3,
916,212,21,
916,1636,3,
921,1445,26,
922,214,26,
923,27,24,
923,58,24,
923,84,3,
923,794,3,
923,993,3,
926,1343,12,
927,130,18,
927,184,18,
927,820,1,
928,231,9,
931,65,18,
932,254,2,
932,233,19,
933,110,3,
933,206,3,
933,178,26,
933,78,30,
933,1436,3,
935,784,17,
935,1077,13,
935,1117,3,
935,1735,13,
936,33,17,
936,272,17,
940,47,25,
941,235,3,
941,1472,4,
942,137,3,
942,107,28,
946,165,3,
946,321,17,
947,263,2,
947,245,16,
948,108,21,
948,131,3,
950,131,32,
953,324,32,
955,80,30,
955,112,3,
956,213,3,
956,236,2,
956,185,26,
956,219,15,
957,371,3,
957,344,25,
958,161,28,
958,339,22,
958,363,3,
958,444,3,
958,734,3,
961,157,24,
961,299,24,
961,325,3,
961,1964,3,
962,87,3,
962,53,32,
963,181,25,
966,0,17,
969,155,18,
969,1626,3,
971,93,2,
974,369,28,
974,399,3,
976,169,3,
976,146,21,
977,357,29,
978,28,13,
978,293,13,
978,395,13,
978,453,25,
978,576,13,
978,718,13,
978,876,13,
978,969,13,
978,1288,13,
978,1453,13,
978,2048,13,
978,2125,22,
980,103,14,
982,69,30,
982,101,3,
986,53,21,
986,198,21,
986,330,21,
986,874,22,
987,708,3,
987,1586,3,
988,503,26,
988,531,3,
989,382,3,
989,351,29,
992,104,23,
992,129,3,
993,412,3,
995,289,4,
995,240,47,
996,132,25,
996,246,28,
996,533,25,
996,759,13,
996,846,14,
996,1566,13,
996,1635,14,
996,1705,13,
997,86,2,
997,69,15,
998,100,20,
1001,0,25,
1001,131,3,
1001,253,3,
1001,269,26,
1001,234,17,
1001,107,22,
1001,343,3,
1006,128,13,
1006,1024,13,
1009,107,27,
1009,254,13,
1009,313,27,
1009,342,3,
1009,269,2,
1012,435,3,
1012,404,29,
1014,389,13,
1016,261,2,
1016,241,18,
1017,122,3,
1017,91,29,
1017,763,5,
1020,138,3,
1020,108,28,
1021,1180,18,
1024,19,28,
1026,153,3,
1026,124,27,
1030,180,18,
1032,160,3,
1032,128,30,
1034,133,19,
1034,154,3,
1039,82,24,
1039,146,3,
1039,120,24,
1039,1710,24,
1040,53,16,
1040,1209,16,
1044,195,5,
1044,149,44,
1045,95,28,
1045,1004,28,
1048,103,28,
1048,167,21,
1048,277,21,
1048,458,29,
1048,761,13,
1048,810,13,
1050,1194,26,
1050,1689,26,
1052,491,27,
1052,520,3,
1052,720,25,
1052,747,3,
1054,423,16,
1056,117,3,
1056,100,15,
1057,214,21,
1058,178,16,
1058,196,2,
1058,689,3,
1058,675,12,
1059,1064,2,
1060,457,21,
1060,480,3,
1062,14,24,
1062,124,12,
1063,298,17,
1064,1156,3,
1064,1125,29,
1064,2952,2,
1065,33,34,
1065,233,3,
1065,214,17,
1065,1138,18,
1068,31,27,
1068,83,27,
1068,112,3,
1068,669,3,
1069,78,41,
1070,454,22,
1070,1077,22,
1071,77,17,
1075,171,3,
1075,138,31,
1076,105,25,
1078,61,18,
1078,81,18,
1078,101,2,
1078,142,18,
1078,226,3,
1078,202,22,
1079,254,2,
1079,233,19,
1081,154,28,
1081,184,3,
1081,483,3,
1081,508,3,
1081,459,22,
1083,280,3,
1083,250,28,
1087,160,23,
1089,66,13,
1089,81,22,
1089,131,13,
1090,94,14,
1090,144,5,
1090,1091,3,
1091,276,3,
1091,249,25,
1091,418,3,
1096,53,26,
1096,81,3,
1099,0,24,
1099,282,24,
1099,309,3,
1103,0,35,
1103,551,3,
1103,534,15,
1103,806,26,
1103,1975,35,
1103,2094,12,
1105,232,3,
1105,208,22,
1111,497,27,
1111,526,3,
1111,534,25,
1111,561,3,
1111,699,3,
1112,10,13,
1112,140,13,
1112,189,13,
1112,248,13,
1112,330,13,
1112,588,13,
1112,767,15,
1112,1042,13,
1112,1104,13,
1112,1246,13,
1112,1464,14,
1117,47,14,
1122,85,25,
1122,165,36,
1124,142,27,
1124,171,3,
1124,191,14,
1126,522,27,
1126,1149,27,
1131,0,18,
1132,51,22,
1132,75,3,
1132,219,3,
1132,195,22,
1132,1215,3,
1132,1192,21,
1135,178,4,
1135,145,31,
1138,221,3,
1138,304,3,
1138,269,33,
1138,195,24,
1139,70,21,
1139,268,32,
1139,361,21,
1139,400,25,
1139,903,21,
1139,1203,32,
1140,145,17,
1140,164,2,
1141,354,18,
1141,374,3,
1142,179,4,
1142,142,35,
1143,595,25,
1145,318,14,
1145,335,15,
1146,368,3,
1146,337,29,
1147,141,3,
1147,275,3,
1147,245,28,
1147,120,19,
1150,751,19,
1150,1210,19,
1151,340,3,
1151,321,17,
1151,1621,11,
1152,192,13,
1157,174,2,
1157,157,15,
1158,92,19,
1158,516,13,
1158,568,17,
1158,845,13,
1159,22,13,
1159,37,2,
1159,100,3,
1159,73,25,
1160,61,18,
1160,215,18,
1161,116,4,
1161,105,9,
1161,786,2,
1161,763,21,
1162,157,3,
1162,127,28,
1165,409,15,
1166,245,14,
1170,120,25,
1170,425,25,
1170,730,28,
1170,936,16,
1170,1343,13,
1170,1552,26,
1171,157,4,
1171,126,29,
1172,464,15,
1172,594,15,
1172,1186,15,
1172,1312,15,
1174,100,22,
1174,124,3,
1178,57,27,
1178,86,3,
1178,358,3,
1178,426,3,
1178,1234,3,
1180,246,5,
1190,0,24,
1190,162,24,
1191,146,16,
1191,359,34,
1191,1043,16,
1192,182,3,
1192,479,13,
1192,550,27,
1193,152,3,
1193,274,21,
1193,131,19,
1194,1261,16,
1194,1279,2,
1194,1287,20,
1194,1309,3,
1196,176,18,
1196,197,2,
1199,676,22,
1204,94,3,
1204,64,28,
1208,25,24,
1208,207,24,
1208,1031,24,
1210,176,2,
1210,154,20,
1210,1350,2,
1211,199,3,
1211,173,24,
1215,150,13,
1215,623,13,
1216,89,20,
1217,60,13,
1217,304,13,
1217,393,13,
1217,451,13,
1217,536,13,
1217,688,13,
1217,876,13,
1217,1085,13,
1217,1233,13,
1218,282,4,
1218,252,28,
1218,1166,3,
1218,1149,15,
1219,179,4,
1219,132,45,
1220,637,17,
1224,362,3,
1224,338,22,
1224,436,3,
1224,567,3,
1225,311,13,
1225,564,13,
1225,679,13,
1225,1677,13,
1228,97,18,
1229,148,3,
1229,131,15,
1229,995,3,
1232,125,13,
1232,186,13,
1232,1636,13,
1233,32,21,
1236,37,25,
1236,67,18,
1238,13,3,
1238,101,38,
1238,170,27,
1238,199,3,
1241,54,18,
1241,81,18,
1243,391,18,
1244,53,17,
1244,285,17,
1244,878,17,
1247,1644,2,
1248,91,28,
1248,121,2,
1249,67,20,
1249,455,20,
1249,873,20,
1249,1023,20,
1250,85,17,
1250,104,2,
1251,358,20,
1251,381,3,
1251,422,3,
1251,444,21,
1251,982,4,
1251,1025,3,
1251,1492,3,
1254,495,2,
1254,473,20,
1256,226,2,
1256,78,18,
1259,100,23,
1259,125,3,
1259,438,3,
1259,809,3,
1259,772,35,
1260,260,21,
1260,283,4,
1261,35,18,
1261,319,18,
1263,1506,15,
1264,66,15,
1265,25,18,
1265,45,2,
1265,49,18,
1266,55,21,
1266,127,23,
1266,250,13,
1266,284,21,
1266,852,23,
1267,274,17,
1267,293,3,
1268,705,17,
1269,63,2,
1269,40,21,
1269,340,13,
1270,216,13,
1273,128,3,
1273,145,3,
1273,1179,3,
1277,222,3,
1277,190,30,
1278,209,3,
1278,172,35,
1279,0,15,
1282,102,21,
1282,125,3,
1283,374,3,
1283,342,30,
1285,357,21,
1285,380,3,
1285,557,3,
1286,135,25,
1287,74,20,
1296,0,18,
1296,73,18,
1296,100,3,
1300,128,18,
1300,148,3,
1301,60,18,
1301,168,2,
1301,148,18,
1301,565,2,
1302,88,21,
1302,135,27,
1302,164,3,
1302,492,3,
1302,641,3,
1304,146,4,
1304,105,39,
1305,1341,13,
1305,1407,15,
1305,1502,13,
1306,152,3,
1306,124,26,
1307,63,18,
1307,822,18,
1308,168,3,
1308,141,25,
1310,935,3,
1310,908,25,
1312,115,18,
1312,135,3,
1314,162,26,
1314,405,14,
1316,1093,3,
1316,1072,19,
1320,153,26,
1321,0,18,
1321,202,20,
1321,581,20,
1321,603,18,
1321,749,18,
1321,968,20,
1321,1290,20,
1321,1463,20,
1323,112,14,
1323,461,3,
1323,432,27,
1326,33,14,
1326,136,14,
1331,70,18,
1331,100,18,
1331,696,27,
1331,1030,18,
1331,1118,18,
1331,1565,18,
1332,350,14,
1332,367,2,
1335,0,18,
1335,114,18,
1335,135,2,
1336,57,18,
1336,144,18,
1336,165,2,
1336,1281,18,
1339,74,27,
1339,179,27,
1339,209,4,
1339,327,3,
1340,117,21,
1340,140,21,
1340,163,3,
1344,94,40,
1344,136,4,
1344,406,3,
1344,534,3,
1344,504,28,
1344,383,21,
1347,1188,13,
1348,173,25,
1348,205,3,
1349,99,3,
1349,69,28,
1350,104,3,
1350,74,28,
1351,316,3,
1352,567,26,
1352,1052,18,
1352,1185,18,
1356,893,16,
1357,143,25,
1357,608,25,
1359,64,27,
1361,195,2,
1362,341,14,
1362,642,28,
1362,1169,13,
1364,261,3,
1364,237,22,
1365,61,21,
1365,84,21,
1365,107,3,
1365,1437,3,
1365,1417,18,
1366,73,14,
1366,189,14,
1366,430,14,
1367,86,3,
1367,71,13,
1369,153,3,
1369,121,30,
1371,91,18,
1372,137,19,
1372,158,3,
1372,263,3,
1372,237,24,
1373,273,2,
1374,602,5,
1374,663,3,
1374,638,23,
1375,0,26,
1376,283,18,
1378,24,13,
1378,158,13,
1378,278,13,
1378,471,14,
1378,521,22,
1378,634,13,
1379,0,25,
1379,73,25,
1379,100,3,
1380,91,14,
1380,107,3,
1381,268,3,
1381,234,32,
1382,461,3,
1382,594,3,
1382,433,26,
1383,54,25,
1383,213,25,
1383,240,3,
1383,777,3,
1386,47,20,
1386,661,3,
1386,638,21,
1387,87,18,
1387,118,18,
1388,139,3,
1388,107,30,
1389,114,16,
1394,74,26,
1394,102,2,
1398,171,26,
1400,36,18,
1400,115,18,
1400,136,2,
1402,96,15,
1404,189,27,
1404,218,3,
1404,226,25,
1404,253,3,
1405,125,2,
1405,99,24,
1406,93,20,
1407,138,2,
1407,118,18,
1408,366,4,
1408,335,29,
1411,197,24,
1411,223,3,
1417,287,21,
1417,311,3,
1421,259,18,
1422,618,17,
1427,144,28,
1427,174,3,
1430,51,14,
1430,97,28,
1430,127,3,
1430,435,3,
1430,1544,3,
1431,85,20,
1431,614,20,
1438,105,21,
1438,214,21,
1439,283,20,
1442,107,23,
1442,132,16,
1442,150,3,
1442,505,3,
1444,50,26,
1444,78,2,
1445,211,4,
1445,174,35,
1445,755,19,
1451,199,6,
1451,157,40,
1451,916,6,
1453,188,2,
1453,166,20,
1456,1094,26,
1457,209,3,
1457,183,24,
1457,1336,3,
1458,81,3,
1458,62,17,
1459,742,3,
1459,797,17,
1459,969,15,
1460,179,6,
1461,0,13,
1461,53,24,
1461,79,15,
1462,25,24,
1462,80,24,
1462,106,3,
1463,118,14,
1463,134,2,
1466,913,3,
1467,278,3,
1467,248,28,
1467,513,25,
1467,563,15,
1469,302,2,
1469,281,19,
1470,392,3,
1470,373,17,
1470,652,3,
1475,75,27,
1475,492,13,
1476,164,27,
1476,193,3,
1476,281,4,
1476,241,38,
1476,837,3,
1476,904,3,
1476,1033,3,
1476,1160,3,
1477,209,3,
1477,185,22,
1477,403,2,
1477,383,18,
1478,38,13,
1482,190,3,
1482,166,22,
1484,116,22,
1484,434,3,
1484,597,3,
1484,671,3,
1484,851,3,
1484,955,3,
1490,153,3,
1490,1032,3,
1491,71,13,
1491,702,13,
1491,809,13,
1491,1089,13,
1494,285,3,
1494,261,22,
1494,689,3,
1497,259,18,
1497,280,2,
1501,108,13,
1501,1670,13,
1502,69,13,
1502,196,13,
1502,507,13,
1502,714,13,
1502,786,13,
1502,916,25,
1502,1024,13,
1502,1056,14,
1502,1089,25,
1502,1299,13,
1502,1330,14,
1502,1475,14,
1502,1534,13,
1503,292,3,
1503,265,25,
1504,39,24,
1504,126,24,
1504,152,3,
1504,688,3,
1507,33,22,
1507,103,22,
1507,127,3,
1507,703,3,
1507,823,3,
1507,927,3,
1507,1737,3,
1513,128,33,
1513,163,4,
1517,164,2,
1517,143,19,
1518,59,23,
1518,84,3,
1522,75,20,
1522,128,3,
1522,106,20,
1528,93,20,
1531,32,20,
1532,163,20,
1532,186,3,
1532,743,2,
1532,1043,3,
1538,114,13,
1538,316,14,
1538,357,14,
1538,397,25,
1538,621,13,
1538,849,13,
1538,987,14,
1538,1110,13,
1538,1306,13,
1538,1379,13,
1538,1555,13,
1538,1633,13,
1541,734,13,
1542,113,18,
1544,1345,17,
1547,61,18,
1547,81,18,
1547,102,2,
1547,684,2,
1547,871,2,
1549,76,20,
1551,77,21,
1551,194,2,
1551,201,21,
1551,224,3,
1551,175,17,
1552,147,3,
1552,121,24,
1552,467,3,
1552,605,3,
1552,584,19,
1553,85,3,
1553,137,3,
1553,223,3,
1554,126,2,
1554,109,15,
1555,217,19,
1556,147,3,
1556,119,26,
1557,372,21,
1559,693,29,
1559,724,3,
1563,88,14,
1563,206,13,
1563,505,13,
1563,592,13,
1563,727,13,
1563,790,13,
1563,853,13,
1563,1375,13,
1565,104,14,
1571,764,19,
1574,103,2,
1574,83,18,
1576,1572,17,
1576,1591,18,
1576,1658,18,
1578,0,39,
1579,485,3,
1579,461,22,
1581,12,25,
1581,166,14,
1581,182,2,
1581,337,3,
1581,314,21,
1581,1009,3,
1582,0,24,
1584,0,13,
1584,69,27,
1584,98,4,
1584,256,22,
1587,0,20,
1587,31,20,
1587,53,3,
1587,692,21,
1592,0,20,
1592,255,20,
1592,277,3,
1594,0,17,
1594,68,17,
1594,87,2,
1594,670,3,
1594,650,18,
1600,44,25,
1600,140,32,
1600,382,13,
1600,434,13,
1600,772,25,
1600,1290,24,
1600,1418,13,
1600,1586,13,
1602,276,3,
1602,246,28,
1603,188,34,
1603,940,23,
1604,0,20,
1605,156,3,
1605,128,26,
1607,1055,3,
1607,1023,30,
1608,86,15,
1608,103,15,
1608,256,15,
1608,1281,15,
};
}
static void init2() {
a2 = new int[] {
1608,1841,15,
1610,155,23,
1612,184,3,
1612,560,3,
1612,1300,3,
1613,43,25,
1613,103,25,
1613,130,3,
1615,149,3,
1616,179,3,
1616,155,22,
1617,92,14,
1617,108,2,
1618,1521,18,
1618,1544,18,
1619,108,15,
1619,125,2,
1619,484,2,
1619,463,19,
1622,114,25,
1622,141,3,
1623,560,3,
1623,526,32,
1627,141,4,
1627,153,34,
1627,106,33,
1627,1741,2,
1627,1715,24,
1628,113,20,
1630,0,28,
1630,220,20,
1630,242,3,
1632,25,25,
1632,150,3,
1632,131,17,
1633,283,4,
1636,0,27,
1636,29,27,
1636,58,3,
1636,241,3,
1637,260,18,
1638,256,3,
1638,233,21,
1640,26,24,
1640,88,26,
1640,568,14,
1641,19,24,
1641,416,14,
1641,571,24,
1642,0,25,
1642,281,25,
1642,655,25,
1642,1471,26,
1647,52,15,
1647,69,2,
1649,994,13,
1650,127,3,
1650,108,17,
1653,164,18,
1653,386,18,
1662,80,22,
1663,102,30,
1663,276,30,
1663,741,23,
1663,855,30,
1664,788,13,
1665,39,25,
1665,1109,21,
1665,1282,21,
1665,1682,14,
1665,1873,13,
1665,1919,15,
1666,8,18,
1668,241,25,
1668,329,13,
1670,210,2,
1670,192,16,
1672,37,27,
1672,66,27,
1672,95,3,
1672,578,3,
1672,667,3,
1672,805,3,
1673,9,20,
1673,112,29,
1673,144,3,
1673,554,21,
1673,658,21,
1673,682,16,
1675,1403,12,
1678,53,25,
1678,138,13,
1678,196,29,
1678,230,23,
1678,352,15,
1678,821,14,
1678,983,13,
1678,1476,13,
1678,1494,23,
1680,75,24,
1680,965,24,
1680,991,3,
1683,111,17,
1683,130,3,
1684,83,13,
1686,0,25,
1687,117,14,
1687,133,2,
1687,236,2,
1689,41,14,
1689,245,14,
1691,223,3,
1691,201,20,
1691,730,3,
1691,713,15,
1692,121,5,
1695,57,24,
1695,83,3,
1698,219,3,
1698,182,35,
1699,1162,14,
1701,87,21,
1701,110,3,
1701,313,3,
1701,286,25,
1702,127,3,
1702,325,3,
1703,67,13,
1703,112,13,
1703,310,23,
1703,653,14,
1705,66,25,
1705,217,26,
1706,126,35,
1707,50,24,
1707,88,33,
1707,123,3,
1710,218,24,
1715,960,13,
1717,27,24,
1717,53,24,
1718,51,21,
1718,133,21,
1718,156,3,
1719,176,3,
1720,293,3,
1722,342,3,
1722,323,17,
1723,62,20,
1725,70,15,
1725,218,7,
1725,396,15,
1728,17,18,
1728,94,18,
1728,115,2,
1728,482,2,
1728,882,2,
1731,183,4,
1731,149,32,
1736,18,25,
1736,181,3,
1736,162,17,
1736,1184,11,
1737,250,2,
1737,89,18,
1739,147,5,
1739,107,38,
1739,810,3,
1739,777,31,
1740,145,16,
1740,163,3,
1741,226,25,
1741,253,3,
1742,94,19,
1742,115,3,
1744,502,28,
1745,60,21,
1745,202,3,
1745,179,21,
1746,227,3,
1746,203,22,
1746,560,3,
1746,544,14,
1749,149,3,
1749,117,30,
1750,77,18,
1750,127,18,
1750,148,2,
1750,296,2,
1750,1063,18,
1751,65,18,
1751,296,4,
1751,330,18,
1751,351,2,
1751,664,2,
1751,1187,2,
1755,132,25,
1758,29,21,
1759,9,18,
1759,86,18,
1759,107,2,
1761,42,27,
1761,71,2,
1763,69,13,
1767,0,27,
1767,72,27,
1767,101,3,
1768,113,2,
1768,97,14,
1769,0,24,
1769,70,24,
1769,96,3,
1770,135,3,
1770,111,22,
1772,345,2,
1773,350,28,
1774,508,3,
1774,454,11,
1776,92,24,
1779,117,3,
1779,86,29,
1780,157,17,
1782,9,20,
1784,120,4,
1784,87,31,
1787,381,3,
1787,349,30,
1788,1396,27,
1788,1425,3,
1789,88,25,
1789,245,25,
1789,272,3,
1789,495,13,
1789,723,13,
1789,1584,3,
1790,135,4,
1790,99,34,
1792,219,27,
1792,248,3,
1793,85,25,
1793,935,13,
1793,1620,24,
1793,1873,25,
1797,12,17,
1797,118,17,
1797,493,17,
1797,596,17,
1797,642,21,
1797,759,17,
1797,886,17,
1797,1018,17,
1798,187,3,
1798,156,29,
1801,77,25,
1807,0,24,
1807,117,24,
1807,143,3,
1807,1149,3,
1807,1133,14,
1807,1217,3,
1807,1356,3,
1807,1195,20,
1809,133,15,
1809,574,15,
1809,676,15,
1809,1580,15,
1810,122,18,
1810,142,18,
1810,162,3,
1811,79,3,
1811,55,22,
1813,159,27,
1813,188,3,
1813,277,14,
1813,409,3,
1813,382,25,
1813,622,3,
1815,265,3,
1815,233,30,
1815,1436,2,
1816,136,17,
1816,1246,17,
1816,1370,31,
1816,1778,22,
1818,107,13,
1818,406,13,
1818,460,13,
1818,795,13,
1818,888,13,
1818,1644,13,
1819,178,25,
1819,373,14,
1819,913,17,
1820,110,4,
1820,218,13,
1820,84,24,
1820,1401,13,
1821,36,25,
1821,63,25,
1821,211,14,
1821,366,14,
1821,937,14,
1821,1570,14,
1824,292,16,
1825,77,24,
1825,103,3,
1826,273,24,
1826,299,3,
1826,556,3,
1826,518,36,
1828,139,3,
1828,111,26,
1829,0,16,
1830,109,24,
1830,135,2,
1831,611,13,
1831,1386,3,
1831,1357,27,
1831,1584,13,
1832,60,21,
1832,193,21,
1832,216,3,
1833,159,24,
1834,129,17,
1834,148,3,
1835,882,18,
1836,66,23,
1836,563,13,
1836,988,37,
1836,1330,28,
1838,204,19,
1841,61,25,
1844,49,20,
1845,68,17,
1845,87,2,
1848,837,3,
1848,811,24,
1849,223,3,
1849,204,17,
1849,473,3,
1849,448,23,
1850,175,20,
1850,197,3,
1851,40,20,
1853,108,26,
1853,136,3,
1854,38,20,
1857,236,24,
1861,83,28,
1861,293,28,
1861,323,3,
1863,181,3,
1864,214,4,
1864,193,19,
1864,962,4,
1865,87,26,
1865,115,2,
1866,673,15,
1866,927,15,
1869,0,20,
1869,84,20,
1869,106,3,
1869,658,3,
1872,95,24,
1872,121,3,
1878,142,14,
1881,336,3,
1881,306,28,
1882,96,13,
1882,185,13,
1882,246,13,
1884,16,13,
1884,101,13,
1884,823,13,
1884,1415,13,
1886,378,17,
1891,26,42,
1893,801,3,
1898,196,2,
1898,179,15,
1900,36,17,
1900,149,17,
1900,168,4,
1900,439,4,
1900,558,4,
1900,705,4,
1900,859,4,
1900,1135,4,
1900,1513,4,
1900,1650,4,
1901,0,17,
1901,88,17,
1901,107,4,
1901,192,4,
1901,522,4,
1901,619,4,
1902,73,10,
1903,448,22,
1905,537,18,
1906,107,26,
1906,515,26,
1906,745,26,
1906,1326,26,
1908,1137,22,
1909,66,21,
1910,1351,13,
1910,1520,13,
1911,78,13,
1911,93,2,
1911,819,13,
1911,1661,13,
1913,118,27,
1913,147,3,
1913,752,3,
1914,40,18,
1917,76,30,
1917,298,25,
1917,491,25,
1918,102,11,
1918,115,14,
1918,459,2,
1918,434,23,
1920,130,11,
1922,260,3,
1922,243,15,
1922,520,2,
1922,497,21,
1926,195,3,
1926,168,25,
1928,111,21,
1928,134,21,
1928,157,3,
1930,42,14,
1931,31,13,
1931,106,13,
1932,30,25,
1932,57,3,
1932,104,37,
1934,84,13,
1934,324,13,
1934,511,24,
1934,707,13,
1934,1708,13,
1936,331,21,
1936,355,3,
1938,1136,3,
1942,111,24,
1942,141,24,
1942,168,3,
1945,65,24,
1945,92,3,
1946,31,20,
1946,118,20,
1946,140,3,
1947,105,13,
1947,555,13,
1948,46,18,
1948,66,18,
1948,86,2,
1948,198,3,
1948,174,22,
1948,204,2,
1948,565,2,
1948,870,2,
1948,1196,2,
1949,70,25,
1949,97,3,
1949,583,25,
1950,141,2,
1950,120,19,
1951,181,30,
1951,860,30,
1952,363,3,
1952,334,27,
1955,112,13,
1955,353,13,
1955,368,2,
1956,105,3,
1958,62,17,
1958,93,17,
1958,112,4,
1958,278,4,
1958,431,4,
1958,478,4,
1958,1534,4,
1958,1599,4,
1959,80,35,
1959,117,35,
1959,154,3,
1967,172,4,
1967,139,31,
1971,347,3,
1974,20,16,
1976,77,20,
1977,186,3,
1977,162,22,
1978,74,24,
1978,100,3,
1978,673,18,
1978,693,3,
1979,166,14,
1980,567,29,
1980,809,18,
1984,302,3,
1988,1258,27,
1989,233,4,
1992,24,3,
1992,0,22,
1992,279,3,
1992,255,22,
1995,119,3,
1995,82,35,
1997,155,3,
1999,356,29,
1999,634,20,
2008,51,26,
2008,79,4,
2009,106,18,
2009,139,18,
2009,159,2,
2009,194,18,
2009,329,2,
2009,594,2,
2009,1156,2,
2010,0,14,
2011,679,3,
2015,267,3,
2018,688,2,
2023,309,3,
2024,40,27,
2024,69,3,
2026,0,23,
2026,31,27,
2028,0,20,
2028,123,20,
2028,822,20,
2031,0,27,
2031,102,7,
2031,500,16,
2033,0,25,
2037,214,3,
2037,184,28,
2039,23,25,
2039,50,3,
2039,107,25,
2039,134,3,
2040,39,27,
2044,101,18,
2044,193,18,
2044,1670,18,
2045,693,3,
2048,126,26,
2055,803,3,
2056,727,27,
2056,756,3,
2056,853,27,
2057,686,8,
2063,15,27,
2063,44,27,
2063,73,3,
2063,411,3,
2064,129,3,
2064,107,20,
2065,172,2,
2065,150,20,
2067,38,20,
2067,668,14,
2071,248,14,
2074,667,3,
2074,640,25,
2075,73,18,
2075,93,2,
2087,32,17,
2087,159,21,
2087,365,20,
2087,389,26,
2088,770,18,
2094,8,27,
2097,38,13,
2097,149,13,
2097,753,13,
2100,0,23,
2105,63,26,
2105,91,26,
2105,479,26,
2105,839,26,
2105,1163,26,
2112,88,14,
2112,125,14,
2114,251,3,
2118,41,20,
2118,63,3,
2121,67,3,
2124,201,21,
2124,224,3,
2125,14,27,
2131,73,15,
2131,255,15,
2131,817,15,
2131,1010,15,
2140,597,3,
2140,568,27,
2141,587,18,
2144,72,27,
2151,0,22,
2153,20,13,
2154,104,24,
2154,130,3,
2154,961,3,
2161,320,3,
2161,298,20,
2166,602,7,
2169,26,13,
2172,97,14,
2173,0,20,
2177,24,18,
2177,63,18,
2177,83,2,
2177,393,2,
2179,47,27,
2179,83,27,
2179,1429,27,
2182,169,14,
2182,369,14,
2185,179,27,
2186,0,36,
2188,50,27,
2189,54,22,
2189,78,3,
2189,865,10,
2194,345,17,
2196,7,16,
2197,236,14,
2207,300,3,
2207,284,14,
2209,64,3,
2209,40,22,
2210,20,18,
2210,93,27,
2210,339,18,
2210,592,18,
2210,686,18,
2210,1022,18,
2214,320,3,
2214,300,18,
2221,27,14,
2221,117,14,
2222,0,21,
2222,113,21,
2222,136,3,
2223,35,26,
2224,0,20,
2236,51,18,
2240,0,15,
2240,19,26,
2253,31,24,
2253,974,24,
2258,107,20,
2281,0,22,
};
}
static int[] a0;
static int[] a1;
static int[] a2;
static {
init0();
init1();
init2();
}
int[] annotate() {
int[] ans = new int[7977];
int idx = 0;
for (int i:a0) ans[idx++] = i;
for (int i:a1) ans[idx++] = i;
for (int i:a2) ans[idx++] = i;
return ans; }}

