0,159,18
3,0,25
3,64,25
3,91,3
3,1554,3
5,65,36
6,522,15
6,539,27
6,568,15
6,585,25
6,612,23
9,67,13
9,1614,13
11,164,3
11,131,31
12,87,21
13,39,21
13,62,3
13,68,21
13,91,3
18,47,8
18,345,27
18,374,3
18,584,8
18,844,8
19,12,14
19,162,51
19,1293,15
19,1547,14
21,310,13
21,369,9
21,380,16
21,398,15
23,134,22
23,197,30
23,229,3
23,331,18
23,414,3
25,0,28
25,41,26
25,149,3
25,119,28
25,250,2
25,432,3
25,1222,3
25,1708,3
25,1819,3
26,412,23
28,61,15
28,78,2
28,298,24
28,324,2
28,491,15
28,981,2
31,74,27
31,155,27
31,184,3
31,190,3
31,293,18
32,20,21
32,240,21
32,264,3
32,326,3
32,553,3
32,893,3
32,990,3
32,1769,3
32,1887,3
35,890,4
35,897,48
37,42,20
38,0,3
38,189,3
38,158,29
38,396,3
40,78,21
41,28,18
41,48,18
41,103,18
41,126,26
41,68,3
41,747,29
41,1247,40
41,1289,4
41,1350,17
41,1389,32
42,0,6
42,190,23
42,307,16
42,1062,11
42,1221,20
43,625,18
44,236,25
46,217,10
47,197,13
50,638,32
51,211,30
51,243,3
52,150,14
52,257,22
52,297,20
52,378,14
52,413,22
52,825,14
52,935,14
52,1914,14
54,105,21
54,128,2
54,1026,6
54,1184,6
55,12,17
56,75,27
56,127,27
56,536,27
58,18,20
58,215,18
58,245,20
58,634,20
58,851,20
58,940,20
58,1154,20
58,1313,20
60,104,35
60,141,3
62,0,27
62,131,18
62,645,18
62,835,18
62,1463,18
62,2134,18
62,2208,18
62,2758,27
62,2930,18
63,181,15
63,298,17
64,0,15
64,126,15
64,1193,3
65,110,28
65,140,28
65,170,3
65,292,3
65,519,3
65,849,3
66,99,31
66,132,3
68,90,4
68,148,40
68,57,31
69,52,18
69,730,26
71,347,3
71,528,3
71,755,3
71,829,3
71,1117,3
71,1567,3
71,1623,13
72,1366,6
72,1456,6
73,55,13
73,79,13
73,94,3
73,581,3
73,988,3
73,1193,3
73,1644,3
75,493,21
77,171,20
77,193,2
77,303,2
77,559,2
78,232,20
78,254,2
78,261,28
78,1607,2
80,45,18
80,86,18
80,106,2
80,534,3
80,510,22
80,1149,2
80,1258,2
80,1459,2
80,1582,2
80,1624,2
80,1792,2
80,1901,2
81,0,23
81,262,23
81,408,14
81,633,14
81,749,14
81,1052,14
81,1155,24
83,15,16
83,33,22
83,90,16
83,414,16
83,876,16
83,894,22
84,369,27
86,459,18
86,597,5
87,367,16
87,500,9
88,758,5
88,1465,13
89,284,3
89,261,21
89,424,22
89,659,3
90,83,14
90,230,14
90,246,2
90,787,5
90,888,21
91,100,24
91,180,24
91,206,3
91,266,28
91,310,3
91,677,3
91,745,3
91,781,24
91,1090,3
91,1502,3
92,133,18
92,153,2
92,249,22
92,320,2
92,386,2
92,641,2
92,1515,2
94,30,19
94,66,13
94,81,9
94,292,16
94,340,19
94,384,14
94,400,13
94,415,25
95,703,3
95,1244,3
96,0,16
96,68,16
96,673,16
99,250,28
99,280,3
99,1356,3
100,64,18
100,245,18
100,467,27
100,496,3
100,683,18
100,1035,6
100,1677,18
101,88,29
101,119,5
101,131,38
101,587,5
101,847,5
101,1301,5
101,1853,5
103,126,19
103,147,4
105,143,10
105,422,10
106,75,14
107,847,6
107,1009,6
109,36,24
109,181,24
109,217,8
109,230,18
109,341,24
109,368,3
109,417,18
109,679,3
109,751,3
109,921,12
109,1297,3
109,1424,8
110,14,26
110,98,26
110,126,2
110,170,25
110,414,23
110,701,2
110,819,2
112,38,24
112,311,13
112,392,3
112,364,26
112,1540,24
113,86,17
113,795,17
120,146,21
122,553,3
122,524,27
124,345,28
124,1133,3
124,1184,18
124,1204,3
124,1104,27
126,142,27
126,171,3
126,329,3
128,265,3
128,276,3
128,769,3
128,1394,3
128,1497,3
128,1886,3
129,168,51
129,424,17
129,632,15
129,1287,14
130,121,26
130,149,2
130,231,2
130,1262,2
131,587,52
131,641,8
134,169,30
134,229,14
134,335,14
135,68,28
135,98,3
135,344,3
136,188,12
137,0,24
137,99,24
138,56,21
138,167,3
138,597,3
138,988,3
139,82,36
139,565,36
139,811,36
140,158,33
141,1657,33
142,1125,6
142,1677,21
142,2383,6
143,1774,15
147,202,24
150,72,15
150,289,15
151,105,18
153,332,6
155,454,27
156,35,20
156,67,14
157,23,23
157,50,30
157,199,8
157,278,3
157,1429,8
157,1566,8
159,109,15
159,397,3
159,749,3
160,73,24
160,141,24
160,171,24
160,197,3
160,276,24
160,368,3
160,1078,24
161,430,14
164,98,20
168,380,26
168,554,6
172,775,3
172,734,39
173,192,26
173,231,16
174,2045,26
176,1258,34
177,254,13
177,453,13
177,468,2
177,993,2
177,1173,2
177,1314,2
178,204,3
179,239,6
179,989,6
181,80,16
182,0,29
186,159,18
186,416,3
186,505,10
186,384,30
186,996,18
186,1320,3
186,1454,6
186,1681,3
187,93,28
187,123,3
187,372,3
187,473,3
187,756,3
187,786,3
188,0,18
188,126,18
188,146,2
188,930,2
190,111,14
190,196,14
190,212,2
190,422,21
190,478,21
190,1658,3
190,1678,2
192,103,14
192,119,2
192,370,39
192,1356,2
193,98,26
193,126,26
193,154,3
193,348,20
193,526,9
193,1150,12
193,1334,20
194,78,13
194,300,13
194,703,21
194,1664,13
194,1797,14
194,1938,13
195,137,13
195,1194,25
195,1349,20
198,333,21
200,269,6
200,834,6
201,124,21
202,92,13
203,171,12
203,245,3
203,208,35
203,319,10
203,1336,17
204,437,17
204,787,13
205,4,33
205,693,33
205,729,4
205,879,4
206,1014,3
207,771,6
207,781,18
209,78,22
209,102,15
209,707,22
209,1496,22
210,379,21
210,402,2
211,44,28
211,325,3
211,295,28
211,893,3
211,1062,3
211,1481,10
214,147,4
214,296,37
214,119,26
214,1539,4
215,33,28
215,184,13
215,326,28
215,394,13
215,900,24
215,1429,13
215,1520,28
215,1556,13
216,173,7
216,422,2
216,398,22
217,151,26
217,1450,15
217,1590,15
217,1698,15
218,116,28
218,146,3
218,244,3
218,530,3
218,803,3
220,31,14
220,91,14
220,107,3
221,90,27
221,200,27
221,335,10
222,225,2
222,203,20
226,72,25
226,99,26
226,265,13
226,439,6
226,509,25
226,620,24
226,681,13
226,789,14
226,1924,25
227,267,4
227,229,36
228,0,20
228,118,20
228,140,2
229,383,20
230,142,17
230,161,3
230,171,30
231,16,18
231,97,18
231,1196,18
232,74,14
233,169,18
233,1315,18
235,300,20
236,286,18
236,306,2
236,311,2
236,1611,2
236,1681,2
237,155,17
237,227,17
237,300,30
237,333,3
237,1085,17
237,1237,3
239,32,14
239,175,14
239,191,3
240,0,21
240,189,3
240,142,45
240,1461,3
242,696,14
242,1209,14
243,67,21
243,154,21
243,177,3
243,186,17
243,205,2
243,280,3
243,441,20
243,466,18
243,838,3
244,1663,4
245,616,8
245,1707,8
248,170,3
248,147,21
248,1185,3
250,49,31
252,78,18
252,123,39
252,1059,18
253,0,14
253,202,13
253,235,14
253,742,13
253,999,14
253,1302,25
255,128,18
255,149,2
255,270,2
255,447,2
255,764,2
258,135,2
258,114,19
258,278,26
260,470,12
262,371,5
262,580,28
262,947,20
262,1360,5
264,92,28
264,271,3
264,387,2
264,591,3
264,1324,3
264,1399,2
264,1478,3
264,1615,2
264,1881,2
265,82,3
265,354,3
265,482,39
265,523,3
267,0,30
267,222,3
267,185,35
267,336,3
267,1226,3
268,0,24
268,269,21
268,292,3
268,340,3
268,314,24
269,108,35
269,145,3
270,141,2
270,1938,2
271,168,13
271,264,20
271,606,13
271,1499,15
272,206,3
272,182,22
272,475,3
272,663,3
272,452,21
272,760,3
272,1373,3
272,1404,3
272,1621,3
273,31,16
273,219,27
273,248,2
273,375,24
273,401,3
273,470,2
273,577,28
273,607,4
273,824,4
273,957,2
273,1110,3
274,81,5
274,58,21
274,116,32
274,150,3
275,94,18
275,293,4
275,845,2
275,1296,2
278,199,21
280,247,3
282,726,15
283,343,22
284,3332,4
286,134,20
286,156,2
289,533,15
289,1017,6
290,67,21
290,218,21
290,324,32
290,974,23
290,1748,13
291,357,25
292,91,15
292,108,3
294,107,4
294,119,46
294,86,19
297,39,38
297,911,22
297,973,22
297,997,15
299,62,3
301,726,13
302,266,25
302,527,16
303,141,3
303,107,32
304,295,18
304,381,5
304,1174,14
305,67,25
305,334,6
307,104,35
307,178,22
308,0,28
308,30,28
308,60,3
308,86,31
308,318,3
308,612,3
308,814,11
308,1042,27
310,277,23
310,302,3
310,722,3
310,780,30
310,812,3
310,818,3
310,827,3
310,984,3
310,1147,3
310,1394,27
310,1423,2
311,125,19
311,146,3
311,880,3
311,862,16
311,1095,3
311,1210,3
311,1348,3
311,1494,3
312,35,26
312,63,3
312,570,15
313,73,25
313,135,25
314,257,25
315,1168,2
315,1154,12
317,91,23
317,207,23
317,657,23
317,685,30
317,928,14
317,984,29
319,716,21
319,739,2
320,136,24
320,1143,24
320,1347,24
321,1121,16
323,98,33
324,153,13
326,311,13
326,398,24
327,90,18
327,111,2
327,748,2
329,547,5
330,72,24
330,102,19
330,453,26
330,686,14
330,703,2
330,825,2
330,847,3
330,955,2
330,1249,2
330,1625,3
330,1854,2
330,1956,3
330,2024,2
330,2168,2
330,2902,2
332,113,2
332,86,25
334,33,18
334,126,18
334,146,18
334,545,18
334,905,18
334,971,18
334,1134,18
335,232,18
335,396,21
335,419,3
338,162,15
338,321,26
338,1035,3
338,1336,15
338,1939,15
338,2359,15
340,491,35
341,84,24
341,114,19
341,135,24
341,308,24
341,384,24
341,560,24
341,1302,24
342,1,39
342,41,4
344,43,18
344,79,18
347,61,24
347,91,24
347,117,3
347,128,25
347,342,3
348,72,13
348,217,15
348,507,26
348,544,13
348,852,13
348,891,14
348,1500,25
348,1809,16
349,27,18
349,109,18
349,129,2
349,1084,2
350,105,26
350,159,26
350,188,4
350,415,4
350,553,4
350,661,4
350,946,4
352,77,26
352,647,27
353,89,6
353,100,15
355,107,21
355,192,10
355,204,49
355,420,15
355,471,21
355,879,25
355,1261,3
355,1712,22
355,1872,10
356,285,2
356,268,15
357,549,39
358,71,23
359,365,2
359,334,29
360,26,16
360,44,16
360,62,3
360,205,3
360,911,18
362,11,25
363,255,6
363,310,17
363,954,17
365,184,35
365,221,3
365,1075,2
365,1067,6
365,1210,2
365,1768,21
365,1793,3
366,26,18
366,46,18
366,67,2
366,219,29
366,251,3
366,283,2
366,414,2
366,486,2
366,524,2
366,939,2
366,1004,2
368,96,17
368,117,26
368,182,15
368,228,26
368,363,10
368,433,26
368,519,26
368,641,17
368,724,17
368,907,43
368,1132,26
368,1208,26
368,1236,2
368,1317,26
368,1491,26
368,1834,26
371,55,16
371,79,44
371,207,27
371,489,18
372,227,2
372,207,18
373,1080,26
374,86,4
374,167,3
374,179,46
374,65,19
374,143,22
374,438,4
376,44,15
376,81,15
376,98,3
376,176,3
376,532,3
378,92,22
378,116,22
378,140,3
379,52,29
379,271,14
379,287,9
379,298,15
379,315,36
379,526,9
379,562,15
380,0,21
380,64,21
380,87,2
380,228,6
380,280,6
380,319,21
380,476,9
380,1349,13
381,299,15
381,461,15
383,88,15
383,1394,15
384,35,15
384,483,15
384,604,26
384,632,3
384,735,15
385,25,3
385,136,22
385,160,3
385,804,3
385,1696,3
387,1792,12
388,899,8
390,39,21
391,1858,21
393,208,21
393,231,3
393,247,17
393,266,2
393,495,2
394,131,15
394,293,15
394,599,15
394,1023,13
394,1750,15
395,145,15
395,162,2
395,1143,8
395,2372,8
396,679,25
398,212,3
398,181,29
398,419,3
398,1059,3
398,1288,3
399,1507,14
400,494,50
400,546,2
401,256,18
401,301,16
402,94,8
402,133,8
402,382,20
402,683,8
403,0,28
403,72,3
403,312,3
403,1522,3
405,112,15
405,129,2
405,1011,2
408,147,17
408,275,17
410,121,21
410,156,15
410,173,2
410,268,25
410,295,22
410,478,2
410,726,21
410,784,17
410,803,2
412,66,3
412,43,21
412,305,20
412,946,3
412,1808,3
414,1021,15
416,50,15
416,124,15
416,141,3
416,442,3
416,613,3
418,62,22
418,442,22
418,466,3
419,737,18
419,841,18
420,1282,16
421,73,3
421,206,3
421,515,3
421,874,3
422,1983,13
424,224,30
428,274,22
430,714,3
430,680,32
431,447,13
432,102,16
433,46,16
433,106,16
433,610,16
434,86,27
434,115,3
434,269,3
435,442,39
435,1014,19
436,184,2
436,170,12
437,509,12
437,598,23
438,51,28
438,91,20
438,113,5
438,528,18
440,0,44
440,262,2
440,862,6
440,1036,15
440,1191,2
441,0,33
441,556,13
441,766,3
441,736,28
441,1118,21
441,1326,3
441,1472,4
441,1425,45
441,1810,18
441,1830,2
441,2033,2
442,0,28
442,30,3
442,122,28
442,152,3
442,254,17
442,559,3
442,737,18
442,774,19
442,990,18
442,1570,3
442,1627,13
442,1702,18
442,1778,18
442,2008,3
443,45,17
443,248,22
443,272,2
443,296,26
443,324,3
443,434,2
443,703,2
443,744,2
443,886,2
443,988,2
443,1533,2
443,1578,2
443,1600,3
443,1619,6
443,1737,2
443,2203,29
443,2327,23
443,2575,2
443,2617,23
444,164,21
447,71,34
447,107,4
448,274,24
448,407,4
448,369,36
450,30,3
450,64,24
450,90,24
450,116,3
450,126,33
450,177,19
450,233,3
450,367,3
450,484,15
450,561,3
451,1177,25
451,1340,13
451,1486,13
453,477,3
453,748,3
453,1186,3
454,39,15
454,86,24
454,308,15
454,388,24
454,476,24
454,890,15
454,937,24
454,1129,24
454,1339,24
454,1444,24
455,68,24
455,129,24
455,155,3
455,536,3
455,1462,3
455,1732,3
456,307,4
456,269,36
457,20,14
457,36,2
457,159,14
457,176,2
457,995,2
458,40,21
458,99,21
458,123,3
458,241,6
459,218,16
459,343,27
459,810,36
459,976,16
460,374,2
460,326,9
462,892,9
462,1221,18
464,165,21
464,211,21
464,234,3
464,519,3
464,593,3
464,785,3
464,884,3
464,1148,3
464,1586,3
464,1643,3
464,1759,3
464,1836,3
465,123,25
466,308,21
467,23,15
467,66,15
467,320,15
467,965,15
468,82,26
468,115,44
469,0,29
469,48,21
469,108,21
469,131,3
469,529,3
469,687,21
469,733,3
469,795,3
470,0,44
470,491,24
470,517,3
470,540,15
470,1122,15
471,199,3
471,172,25
474,330,17
474,632,6
476,53,13
476,145,21
476,168,3
476,199,13
476,324,13
476,584,13
476,1039,13
476,1670,13
478,68,17
478,124,16
478,143,3
478,169,46
479,95,26
479,124,2
479,825,2
479,974,2
479,1077,6
480,1322,3
481,138,8
481,191,15
483,118,40
483,188,35
483,225,4
483,924,4
483,930,40
483,983,39
483,1024,5
483,972,4
483,1988,4
483,2334,4
483,2375,4
483,2675,5
484,75,35
484,386,2
484,458,35
484,568,35
485,62,18
485,333,18
485,601,18
485,1670,18
486,71,20
486,204,6
487,0,22
487,24,22
487,48,3
487,252,3
488,0,16
488,21,22
488,64,14
488,80,14
488,157,18
489,86,28
489,116,3
489,463,3
489,485,3
489,1348,3
491,190,21
493,0,39
493,163,39
493,204,4
493,1125,4
493,1324,4
495,65,24
495,95,32
495,318,26
495,762,16
495,1366,16
496,372,2
496,348,22
496,836,13
497,62,3
497,222,3
497,546,14
497,1035,3
499,69,24
499,99,24
499,125,3
499,520,3
500,573,21
500,748,7
501,786,16
503,110,13
503,314,30
503,435,23
503,793,6
503,819,14
503,945,23
505,41,24
505,67,3
505,199,24
505,225,3
505,431,3
505,544,3
505,969,3
505,992,2
505,1569,3
505,1677,3
506,0,8
506,83,8
506,146,8
506,185,18
506,307,7
510,70,15
510,206,15
510,251,15
511,126,3
511,94,30
511,365,12
511,613,3
511,1064,3
512,26,16
512,44,16
512,62,3
512,842,4
512,1335,4
513,271,26
513,299,2
513,382,2
514,48,17
515,19,17
515,80,17
515,382,17
515,456,27
515,498,26
515,535,39
515,647,13
515,666,15
515,821,50
516,556,21
516,581,20
518,104,21
518,128,2
520,630,13
520,1164,13
521,200,28
521,230,3
523,178,5
523,147,29
523,224,5
523,380,3
523,357,21
523,443,26
523,496,3
523,926,5
523,1043,3
523,1380,5
524,461,22
524,485,3
524,688,28
524,718,3
524,1027,3
524,1128,3
524,1184,3
527,559,13
527,666,13
529,1468,3
530,81,30
531,476,5
533,354,27
534,54,26
534,82,14
534,216,36
534,254,4
534,491,14
534,620,13
534,1253,14
535,75,18
536,106,21
536,129,3
536,227,16
536,1209,3
536,1384,3
537,59,19
537,339,10
537,816,10
537,828,22
537,946,6
538,48,12
538,516,12
538,530,12
538,544,12
538,1533,6
538,1571,12
540,112,21
540,211,28
540,651,21
540,794,28
540,1576,24
540,1691,13
541,165,17
541,184,3
541,611,6
542,104,21
542,127,21
542,150,3
542,306,14
543,153,23
543,178,3
543,227,3
543,306,3
543,681,27
543,808,10
543,3441,20
543,3651,3
543,3729,24
545,22,28
546,299,16
547,49,18
548,109,28
548,139,3
548,345,3
550,766,3
551,333,13
551,589,13
551,707,25
551,1066,13
551,1226,13
551,1440,13
551,2054,13
552,108,12
553,117,10
554,1209,14
555,100,25
555,243,4
555,216,25
555,1768,4
555,1787,15
556,0,26
556,482,26
557,0,26
557,219,13
557,369,13
557,388,24
557,414,4
557,535,20
557,574,15
557,1078,15
559,717,23
559,1304,31
559,1353,23
560,904,21
561,107,21
561,131,3
561,266,3
562,1403,12
563,19,7
563,347,18
563,841,27
563,959,7
566,46,22
566,111,22
566,135,3
566,340,3
566,1781,3
566,1978,3
566,2020,26
568,214,20
569,85,12
569,480,6
569,810,3
569,784,24
569,887,20
569,1311,3
569,1388,3
569,1686,2
569,1988,3
570,293,3
570,272,19
571,1558,3
572,120,14
572,277,14
572,293,2
572,329,2
572,698,2
573,342,19
574,701,17
576,275,16
576,524,4
576,601,3
576,619,30
576,651,4
576,499,23
576,572,27
576,719,13
576,830,13
576,1048,2
578,55,3
578,24,29
578,132,3
578,101,29
578,254,3
578,358,3
578,410,9
579,11,18
579,69,18
579,89,2
579,339,2
579,531,2
579,1373,2
580,110,28
580,1077,2
584,331,25
584,359,20
584,384,17
584,504,17
584,773,3
584,891,3
584,1049,3
584,1128,3
584,1431,3
584,1646,3
585,401,21
586,110,15
586,127,15
586,601,15
587,0,32
587,124,4
587,90,32
588,24,17
588,124,17
589,1508,15
590,0,33
590,72,33
590,107,4
590,830,4
590,1039,4
591,42,3
591,10,30
591,255,30
591,287,3
591,508,3
591,615,3
591,972,8
591,1238,35
591,1275,4
593,0,15
593,245,3
594,12,19
594,124,31
594,157,2
594,2181,12
596,722,30
597,261,25
598,45,20
598,128,20
598,150,2
599,209,8
599,1394,8
599,1625,8
600,92,18
600,139,2
600,359,2
600,1019,2
600,1486,2
605,53,17
605,72,3
605,83,46
605,131,3
606,53,6
607,87,35
607,124,3
608,13,43
608,1167,15
609,244,3
609,217,25
609,448,18
609,839,3
609,1236,14
609,1448,11
609,1512,18
609,2195,3
610,624,19
610,2149,3
611,655,2
611,631,22
612,86,25
612,1114,25
613,52,22
613,201,22
613,225,3
613,971,6
613,1079,18
613,1136,8
613,1691,3
614,22,20
614,97,20
614,119,3
615,751,14
615,896,3
621,133,21
622,0,15
622,71,15
622,130,8
622,663,15
624,1740,3
624,1851,3
624,2034,3
625,42,33
625,77,28
625,107,3
625,116,33
625,151,4
625,248,3
625,305,4
625,419,21
625,645,8
626,69,22
626,264,22
626,288,2
626,654,2
626,847,30
626,910,22
626,1032,2
626,1899,2
626,2199,2
628,43,17
628,153,17
628,172,4
628,693,4
628,1183,4
629,95,20
629,361,39
629,402,4
629,1204,4
631,42,21
631,152,21
631,176,3
632,283,28
632,313,3
632,657,3
632,1693,3
633,331,18
633,394,27
633,423,3
633,429,25
633,456,3
633,466,29
633,497,3
633,1306,3
633,1314,3
633,1560,3
633,1568,3
634,150,20
635,29,22
635,104,22
635,128,3
635,346,3
635,857,3
636,149,5
636,156,2
637,58,31
637,91,17
637,114,19
637,597,16
637,679,18
637,699,17
637,747,16
637,1240,16
638,422,6
638,437,21
638,460,2
638,572,10
638,705,19
638,1357,14
638,1879,10
638,2034,20
639,0,17
639,216,30
640,108,4
640,72,34
640,325,21
640,717,4
640,808,4
640,772,34
640,1138,35
640,1202,4
640,1415,22
646,148,12
646,387,20
646,430,15
646,702,8
647,29,28
647,59,14
647,258,6
647,75,2
647,266,14
647,706,17
647,863,3
647,1216,17
648,123,18
649,31,25
649,150,30
649,204,17
649,645,6
649,697,13
650,161,30
650,193,3
651,215,30
652,171,12
652,185,2
653,335,3
653,340,30
653,491,17
653,569,18
653,864,17
655,672,13
655,775,17
655,830,17
655,1218,13
657,33,28
662,53,27
662,103,27
662,132,3
663,0,38
663,86,27
663,115,3
663,124,25
663,151,3
663,586,3
663,611,3
663,699,3
663,1003,43
665,0,19
665,57,27
665,110,27
665,139,3
665,459,3
665,690,3
665,741,3
666,12,27
668,42,35
668,333,35
668,371,3
668,1276,3
672,24,3
672,111,34
674,0,18
674,432,18
676,118,33
676,153,4
676,250,27
676,279,3
678,16,44
679,272,25
680,577,8
680,752,8
681,74,15
681,188,15
682,31,25
682,118,25
682,145,4
682,241,25
682,544,4
683,440,25
683,524,6
685,22,27
685,119,27
685,148,3
685,235,3
688,22,23
688,64,15
691,142,15
691,159,3
691,1386,3
695,229,28
695,548,6
695,808,13
695,2034,12
696,258,4
696,231,25
697,25,24
697,199,16
697,860,18
697,939,6
697,948,13
698,143,33
698,347,14
698,379,18
698,555,14
702,134,18
702,155,2
702,571,2
702,1257,2
703,616,17
704,219,3
704,187,30
704,1110,13
704,1226,19
708,142,3
708,153,34
708,112,28
708,1666,3
709,155,25
710,251,30
710,283,3
710,643,3
710,683,17
710,1051,3
712,57,26
712,85,3
712,645,20
713,89,24
713,115,3
713,124,25
713,151,3
713,1702,16
713,1720,17
714,452,25
717,350,15
717,367,3
717,1867,3
717,1970,3
718,193,82
719,291,22
719,499,26
719,546,18
719,527,3
720,124,15
722,48,16
722,218,16
722,293,16
724,59,16
724,135,20
724,157,3
724,581,12
724,1090,3
724,1430,3
725,115,38
725,155,3
725,163,3
725,282,3
725,1212,3
725,1347,3
725,1426,3
725,1466,3
725,1653,3
726,401,20
726,1220,20
727,41,21
727,108,21
727,131,3
727,401,3
727,878,3
727,987,19
727,1035,3
727,1178,3
727,1269,3
728,140,18
728,160,19
729,131,28
729,161,28
729,731,28
729,1531,28
729,1745,28
731,174,2
731,154,18
731,705,2
733,129,18
734,98,17
734,141,16
734,1463,26
734,1491,3
736,132,38
736,172,5
736,847,42
736,964,14
738,53,20
738,98,20
738,120,3
738,537,3
739,59,21
739,82,3
739,364,3
739,457,3
739,601,3
739,701,3
739,831,3
739,1208,3
739,1455,3
739,1601,3
739,1825,3
739,1881,3
739,1969,3
740,223,18
740,243,3
740,330,3
740,496,3
740,849,3
740,1347,3
740,1578,3
742,1655,16
743,82,18
743,153,18
743,370,6
743,449,18
743,770,18
743,928,17
743,1343,18
744,1259,13
744,1767,24
745,124,15
745,232,15
745,1344,12
746,0,13
746,151,13
746,1046,38
746,1126,13
748,1378,27
749,91,17
749,110,17
749,129,4
749,672,4
749,1094,4
749,1387,4
751,27,14
751,288,14
755,27,26
755,213,26
755,291,22
755,744,3
755,903,3
756,252,24
757,1600,12
759,4,18
760,70,51
761,108,30
761,332,30
762,168,3
762,178,29
762,138,28
762,346,17
762,568,3
762,887,3
762,924,3
762,1210,11
762,1283,3
763,40,22
763,64,22
763,88,3
763,273,3
763,380,3
763,483,3
763,509,3
763,654,3
763,729,3
763,878,3
763,987,3
763,1270,3
764,101,38
764,141,3
764,149,26
764,227,27
765,0,26
765,135,12
765,1402,3
765,1428,12
765,1387,13
765,1474,12
766,0,24
766,429,11
766,1102,10
766,1353,9
766,1385,35
766,1517,10
766,1541,17
766,1941,28
766,2521,10
770,31,10
770,87,12
770,381,22
770,664,22
770,1466,22
771,311,3
771,497,3
771,764,3
771,1305,3
771,2298,3
773,171,3
773,143,26
773,484,3
773,670,3
774,48,13
775,16,6
775,24,6
775,470,6
775,1557,6
775,1883,6
775,1951,6
775,2027,6
775,2080,18
775,2292,18
775,2420,6
775,4010,6
775,4531,6
775,4654,6
775,4752,6
775,4902,6
775,5639,20
775,5661,18
775,6007,6
775,6474,6
775,6641,6
776,137,17
776,224,3
776,233,41
776,192,30
776,276,5
776,156,3
776,1447,17
777,30,22
777,100,22
777,124,3
777,837,3
777,919,3
777,1001,3
778,29,18
778,104,18
778,124,2
778,500,2
779,92,13
780,48,39
780,452,39
780,494,4
780,598,4
781,242,3
781,215,25
781,667,3
782,59,15
782,134,15
782,428,15
784,0,27
785,50,18
785,281,18
785,312,4
786,17,20
786,55,20
786,77,3
788,56,15
788,198,15
788,215,14
788,468,14
788,745,15
788,1006,14
788,1281,14
788,1637,15
788,1863,14
788,2136,14
788,2300,14
790,349,17
790,369,3
790,1136,3
791,85,36
791,135,18
791,155,2
791,202,15
791,219,5
791,230,14
791,402,23
791,427,4
791,598,12
791,612,2
791,774,2
791,869,36
791,907,4
792,50,14
792,647,14
792,750,14
792,890,14
792,990,14
793,0,22
793,48,22
793,73,3
793,208,3
793,360,3
793,568,3
794,985,3
794,953,30
794,1626,3
796,38,15
796,79,15
796,383,15
796,452,15
796,520,6
796,814,15
796,1335,15
797,327,3
797,894,2
797,906,19
797,1020,2
798,1280,2
798,1262,16
799,172,15
799,377,15
799,1062,15
799,1564,15
799,2355,15
799,2485,15
800,0,25
800,103,25
800,664,21
800,707,15
800,814,28
800,973,25
801,0,26
801,135,26
801,163,3
801,1255,3
801,1480,13
802,111,35
802,151,35
802,188,3
802,505,16
803,236,12
804,121,20
804,586,6
805,15,21
807,149,22
807,173,3
807,388,3
809,61,17
809,616,17
809,907,17
810,124,9
813,219,26
813,654,21
813,677,3
814,31,22
815,1265,3
818,151,19
818,877,6
819,63,6
819,129,6
819,658,6
819,707,6
819,1069,6
819,1287,6
819,1354,6
821,184,20
821,391,2
821,369,20
821,2182,2
823,40,13
823,483,21
823,992,13
823,1066,24
823,1636,13
824,0,26
825,0,24
825,45,24
825,100,24
825,284,24
825,569,24
825,674,24
825,855,24
825,987,24
825,1079,24
825,1169,11
825,1182,24
825,1518,24
825,1617,24
827,142,27
827,171,2
827,447,2
827,2001,8
827,2130,20
828,173,17
829,160,20
829,182,3
829,632,3
829,1318,3
831,125,13
831,262,35
831,459,18
831,509,20
831,717,3
831,1108,18
831,1505,18
831,2261,18
832,256,2
832,239,15
833,336,2
833,305,29
833,656,2
834,46,6
834,66,16
834,131,16
834,149,2
834,366,14
834,505,6
834,573,2
834,668,2
834,1093,23
835,161,21
835,413,21
835,1308,20
837,288,41
840,128,26
840,676,15
840,717,42
840,820,28
841,948,14
842,140,16
843,161,3
843,138,21
843,334,21
844,87,16
844,118,16
844,206,26
844,300,16
845,0,22
846,177,15
846,195,3
846,234,3
846,450,3
846,1667,21
849,30,18
849,162,20
849,184,2
849,579,2
849,901,2
849,1366,2
850,114,15
850,279,8
851,60,44
851,144,51
851,231,16
851,379,16
851,403,15
851,703,15
851,871,12
851,1098,2
851,1128,15
852,1394,22
852,1418,3
853,801,13
853,986,13
854,51,18
854,176,18
854,363,18
854,701,18
854,969,18
854,1129,18
855,100,24
855,271,24
855,503,24
855,1463,3
855,1740,3
856,2697,17
857,61,17
857,80,17
857,616,17
858,74,27
858,103,27
858,132,3
858,484,3
858,779,3
859,4,16
859,24,34
859,112,16
859,215,18
860,0,28
861,0,28
861,114,28
861,144,3
861,612,3
861,1552,11
861,1673,3
862,254,20
862,276,3
862,2084,3
863,152,29
864,114,18
865,41,18
865,94,18
865,115,2
865,234,2
867,46,17
867,84,17
867,280,24
867,462,17
868,96,15
868,477,24
869,85,25
869,264,19
869,294,30
869,326,3
869,332,21
869,355,3
869,867,8
872,317,13
874,192,40
874,1822,7
875,121,28
875,151,3
875,161,22
875,492,3
875,611,3
875,1087,3
875,1232,3
876,49,17
876,92,17
876,261,17
876,697,17
876,1325,17
876,1997,17
877,127,29
877,158,5
877,415,5
877,545,5
877,886,5
877,1318,5
878,23,18
878,44,18
878,63,2
878,625,2
879,94,17
879,113,3
879,253,3
879,1375,3
879,1393,3
880,663,12
882,42,28
882,242,3
882,218,22
882,376,30
882,408,28
882,438,3
882,447,18
882,620,3
882,656,3
882,747,33
882,782,4
883,521,25
883,558,27
883,998,27
884,96,27
884,255,16
884,1403,27
890,4,14
890,27,13
890,675,3
892,0,22
892,1285,22
893,0,20
893,40,18
893,76,33
893,154,33
893,189,4
893,268,20
893,562,4
893,1280,20
893,1304,4
893,1351,18
894,111,2
894,256,21
894,89,20
894,284,2
894,627,2
894,783,2
894,857,2
894,1071,2
895,30,17
895,58,17
895,78,2
897,342,28
898,156,10
899,523,25
899,752,8
900,117,21
900,152,21
900,188,3
900,599,3
900,656,3
900,1365,3
902,1761,13
903,115,18
903,882,3
903,1099,3
905,135,3
905,101,32
906,301,28
906,331,3
906,408,16
906,426,3
907,30,22
907,289,2
907,265,22
907,525,2
907,754,2
907,984,2
907,1437,2
908,123,5
908,244,28
908,92,29
908,418,5
908,934,5
908,1004,3
908,2228,5
908,2337,5
909,1284,2
910,0,23
910,124,12
910,414,10
910,592,10
911,155,17
912,80,27
912,205,27
912,235,3
912,328,3
912,484,3
912,1180,3
912,1275,3
915,85,14
916,212,21
916,235,3
916,788,15
916,1636,3
917,0,24
918,154,23
918,619,17
918,918,30
919,140,15
919,201,15
919,218,2
920,57,13
920,223,13
920,238,3
920,651,3
920,746,3
920,923,13
921,100,36
921,1133,17
922,214,26
923,27,24
923,58,24
923,84,3
923,577,3
923,794,3
924,0,22
924,2150,20
925,0,18
925,202,17
925,1790,19
926,10,21
926,111,12
926,182,18
926,519,12
926,581,12
926,675,12
926,840,12
926,1189,12
926,1343,12
927,59,3
927,130,18
927,184,18
927,812,55
927,1057,23
928,1063,6
929,237,20
930,87,21
930,110,3
930,252,3
930,1227,28
931,65,18
931,230,18
931,429,18
931,1971,18
932,254,2
932,233,19
932,1097,2
933,31,3
933,78,30
933,110,3
933,417,8
933,429,3
933,717,8
934,223,2
934,213,8
934,480,13
935,86,3
935,200,3
935,169,29
935,784,17
935,1077,13
935,1258,3
935,1391,17
935,1735,13
936,33,17
936,272,17
936,963,6
938,95,51
938,782,14
939,21,26
939,70,35
939,107,3
939,440,18
939,463,24
939,750,15
939,805,3
939,912,15
939,951,3
941,140,37
941,180,4
941,202,30
941,235,3
941,243,4
941,327,17
941,437,4
941,1160,8
941,1472,4
941,1667,3
942,0,28
942,107,28
942,137,3
942,267,3
942,1087,3
944,0,20
944,63,20
944,85,2
944,162,24
944,188,2
944,302,2
945,0,22
945,187,22
945,399,10
945,540,10
945,656,12
946,165,3
946,321,17
946,915,24
947,263,2
947,245,16
947,1083,2
948,108,21
948,131,3
948,276,11
948,371,3
948,516,3
948,1258,3
948,1668,3
948,1843,3
949,101,3
949,71,28
950,203,16
952,297,14
953,78,15
953,212,15
953,238,12
953,538,15
954,128,2
954,110,16
954,395,26
955,80,30
955,112,3
955,305,3
956,115,26
956,185,26
956,236,2
956,244,18
956,264,2
956,219,15
956,213,3
956,1060,2
956,1283,2
956,1496,2
956,1658,2
956,1798,2
957,163,8
957,173,2
957,344,25
957,371,3
957,386,40
957,1742,2
957,1937,2
958,18,22
958,95,24
958,121,4
958,339,22
958,363,3
958,444,3
958,482,3
958,734,3
958,847,3
961,157,24
961,299,24
961,325,3
961,1964,3
962,87,3
962,53,32
962,585,3
962,884,3
963,115,6
963,181,25
964,271,30
964,304,3
965,0,19
967,572,17
967,710,12
967,1439,29
967,1566,22
969,0,29
969,678,7
969,1626,15
971,23,18
971,93,2
971,387,2
971,619,2
971,648,2
971,1176,2
973,310,30
974,369,28
974,399,3
975,108,26
976,788,3
976,1702,3
977,27,24
977,357,29
977,430,24
978,28,13
978,293,13
978,453,25
978,576,13
978,969,13
978,1851,13
979,32,6
979,147,25
979,174,4
979,1693,6
979,2084,6
980,67,14
980,103,14
980,277,14
980,464,14
981,1276,3
982,37,30
982,69,30
982,101,3
982,472,3
982,632,4
982,581,49
983,148,21
983,755,10
983,1489,4
984,22,32
984,56,15
984,326,15
986,312,39
986,874,22
987,24,14
987,143,30
987,175,3
987,286,18
987,657,14
987,676,16
987,708,3
987,892,6
987,917,3
987,1014,14
987,1032,3
987,1101,3
987,1167,14
987,1268,17
987,1407,3
987,1586,3
988,503,26
988,531,3
991,217,2
991,203,12
992,104,23
992,129,3
993,412,3
993,502,11
994,81,41
994,1232,13
994,1335,12
995,22,38
995,137,40
995,189,39
995,230,4
995,249,38
995,289,4
995,901,38
995,944,4
996,246,28
996,533,25
996,598,6
996,846,14
996,1635,14
996,1705,13
998,122,29
998,153,5
998,371,5
998,416,5
998,1598,5
1001,0,25
1001,70,27
1001,165,15
1001,269,26
1001,343,21
1001,620,16
1001,1313,3
1001,1764,20
1002,179,3
1002,160,17
1002,287,3
1002,953,3
1006,128,13
1007,81,17
1007,386,17
1007,624,18
1007,845,6
1007,1579,18
1009,62,13
1009,107,27
1009,254,13
1009,269,2
1009,313,27
1009,342,3
1009,1223,2
1011,169,28
1011,211,28
1013,273,19
1015,705,22
1015,797,22
1015,1905,16
1016,232,3
1016,241,18
1016,261,2
1016,207,23
1016,531,2
1016,645,20
1016,752,17
1017,91,29
1017,122,3
1017,456,3
1020,102,3
1020,72,28
1020,108,28
1020,138,3
1020,320,3
1020,581,3
1021,1180,18
1022,151,1
1022,709,18
1024,19,28
1026,153,3
1026,124,27
1026,690,3
1028,21,44
1030,180,18
1032,96,30
1032,128,30
1032,160,3
1032,463,3
1032,680,3
1033,40,6
1034,0,19
1034,133,19
1034,154,3
1034,385,15
1034,402,14
1035,328,5
1035,286,40
1035,507,16
1035,529,15
1039,82,24
1039,120,24
1039,146,3
1039,1657,3
1039,1710,24
1040,35,16
1040,53,16
1040,76,28
1040,151,6
1040,1209,16
1043,47,21
1043,99,3
1043,108,18
1043,128,2
1043,644,12
1043,696,2
1043,851,3
1043,866,2
1043,1062,2
1043,1095,3
1043,1182,11
1043,1358,3
1043,1391,2
1043,1518,2
1043,1581,2
1044,195,5
1044,149,44
1044,252,5
1045,95,28
1047,345,19
1047,390,33
1047,425,2
1047,1005,8
1048,167,21
1050,1194,26
1050,1532,35
1052,254,31
1052,491,27
1052,520,3
1052,720,25
1052,747,3
1052,829,3
1052,1012,18
1052,1327,3
1052,1355,3
1052,1391,3
1053,304,21
1055,0,25
1055,166,13
1055,181,25
1055,211,22
1055,1945,14
1055,2255,14
1056,58,15
1056,100,15
1056,117,3
1056,194,3
1056,431,3
1056,1224,3
1057,214,21
1058,178,16
1058,196,2
1059,120,22
1059,233,22
1059,257,2
1059,532,2
1059,1064,2
1059,1185,2
1060,457,21
1060,480,3
1060,1111,3
1060,1554,3
1062,7,31
1062,40,4
1062,63,31
1062,405,12
1063,124,20
1063,298,17
1063,346,17
1063,461,20
1063,638,20
1063,785,20
1063,898,35
1063,978,20
1063,1099,15
1063,1178,28
1063,1430,20
1064,3140,2
1065,214,17
1065,233,3
1065,242,25
1065,269,4
1066,0,8
1066,72,21
1066,226,8
1066,236,2
1066,536,21
1066,559,2
1066,768,2
1066,1457,2
1066,1677,2
1067,108,15
1067,125,15
1067,142,3
1067,328,3
1067,589,3
1067,673,3
1067,777,4
1067,905,3
1067,727,48
1067,1652,3
1068,31,27
1068,83,27
1068,112,3
1068,669,3
1069,78,41
1069,960,17
1070,446,30
1070,1069,30
1071,32,16
1071,77,17
1071,243,17
1071,563,17
1071,715,17
1071,749,16
1071,891,26
1073,304,26
1073,434,5
1073,332,3
1073,1742,14
1075,1137,18
1075,1203,6
1075,1215,10
1075,1485,14
1075,1501,14
1076,63,25
1076,201,17
1076,364,31
1076,543,3
1076,734,24
1076,1184,31
1076,1241,24
1076,1456,20
1076,1722,31
1076,1933,29
1076,2128,25
1076,2361,17
1076,2415,31
1077,193,22
1077,217,3
1077,241,30
1078,61,18
1078,81,18
1078,101,2
1079,254,2
1079,233,19
1079,426,2
1079,686,2
1079,1004,2
1080,68,20
1080,192,29
1080,1903,6
1081,154,28
1081,184,3
1081,508,3
1081,578,3
1083,91,28
1083,250,28
1083,280,3
1083,365,3
1084,297,15
1084,633,15
1084,801,15
1084,865,30
1085,66,31
1085,99,5
1086,280,23
1086,308,20
1087,50,2
1087,121,29
1087,160,23
1087,152,6
1089,66,13
1089,81,22
1089,987,13
1090,57,3
1090,144,5
1090,349,27
1090,384,3
1090,502,3
1090,654,3
1090,1091,3
1091,94,25
1091,121,10
1091,249,25
1091,276,3
1091,282,35
1091,469,3
1091,609,3
1091,985,17
1091,1523,3
1091,1737,3
1091,1836,4
1092,88,28
1092,153,3
1092,179,11
1092,363,3
1092,525,3
1092,551,11
1092,572,3
1092,719,3
1092,817,3
1092,1003,3
1095,10,30
1095,123,30
1095,155,3
1095,1270,30
1096,0,26
1096,53,26
1096,81,3
1096,211,39
1096,489,3
1096,1136,3
1098,0,21
1098,1090,21
1098,1457,21
1099,0,24
1099,282,24
1099,309,3
1099,951,3
1100,183,30
1101,213,2
1101,198,13
1101,313,2
1103,0,35
1103,269,22
1103,590,17
1103,670,19
1103,796,36
1103,977,14
1103,1341,36
1103,1571,22
1103,1975,35
1104,7,6
1104,78,19
1104,497,19
1104,548,6
1104,1219,13
1104,1839,8
1104,2342,19
1104,2582,19
1104,2692,8
1105,107,22
1105,208,22
1105,232,3
1105,633,3
1105,924,3
1105,1032,3
1105,1526,3
1105,1614,3
1105,1724,3
1106,562,8
1106,572,2
1106,1305,3
1107,64,22
1110,29,28
1110,94,28
1110,124,3
1110,281,3
1110,514,3
1110,1581,3
1111,497,27
1111,526,3
1111,534,25
1111,561,3
1111,699,3
1111,714,3
1112,189,13
1112,248,13
1112,330,13
1112,767,15
1112,1094,23
1112,1349,14
1114,340,18
1116,200,3
1116,177,21
1117,47,14
1117,349,2
1117,334,13
1117,1392,2
1119,0,28
1119,94,28
1119,124,3
1119,458,3
1119,1090,3
1119,1260,3
1119,1634,3
1119,1945,3
1120,55,17
1120,101,17
1121,48,27
1121,207,27
1121,236,2
1121,324,2
1121,716,2
1124,191,14
1124,785,3
1124,761,22
1125,249,12
1125,265,23
1125,360,20
1125,389,21
1125,864,21
1126,375,17
1126,487,17
1126,522,27
1126,1149,27
1126,1178,3
1127,1100,12
1130,136,19
1132,51,22
1132,75,3
1132,195,22
1132,219,3
1134,33,22
1134,197,22
1134,416,22
1134,570,22
1134,1331,22
1134,1570,22
1134,1616,22
1135,145,31
1135,178,4
1136,1302,12
1137,225,26
1137,253,4
1139,400,25
1139,903,21
1140,145,17
1140,164,2
1140,218,18
1140,353,2
1140,1084,2
1140,1829,21
1140,1855,3
1141,68,26
1141,96,32
1141,133,29
1141,296,29
1141,327,3
1141,354,18
1141,374,3
1141,674,13
1141,689,13
1141,707,16
1141,1035,13
1141,1050,27
1141,1082,12
1141,1190,27
1141,1724,21
1144,93,3
1144,154,3
1144,240,3
1144,131,21
1144,598,3
1144,867,3
1144,941,3
1144,1675,3
1144,1708,3
1145,318,14
1146,110,3
1146,245,30
1146,337,29
1146,368,3
1147,141,3
1147,120,19
1147,595,10
1149,214,3
1149,184,28
1149,710,3
1149,1549,3
1150,751,19
1150,1210,19
1150,1555,19
1150,1737,18
1151,177,13
1151,274,3
1151,252,20
1151,340,3
1151,376,3
1151,423,3
1151,321,17
1151,641,3
1151,1189,15
1151,1209,28
1151,1609,3
1152,707,21
1153,15,12
1153,475,8
1153,517,8
1153,618,8
1153,788,8
1153,1396,8
1154,147,22
1154,182,29
1154,213,8
1154,228,50
1154,961,13
1155,0,21
1155,111,21
1155,134,3
1155,326,3
1157,146,26
1157,174,2
1157,779,2
1157,1570,17
1158,845,13
1159,0,20
1159,22,13
1159,37,2
1159,100,3
1159,73,25
1159,398,2
1159,667,14
1159,1049,13
1159,1092,21
1160,61,18
1160,215,18
1163,15,44
1163,76,24
1164,1003,13
1164,1019,23
1164,1654,29
1164,1686,10
1164,1703,9
1164,1811,20
1165,280,15
1165,409,15
1165,1223,21
1165,1497,4
1166,530,3
1166,649,12
1167,85,8
1167,169,8
1167,929,6
1167,1104,8
1170,120,25
1170,425,25
1170,744,14
1170,1055,6
1170,1343,13
1170,1552,26
1171,157,4
1171,126,29
1171,384,39
1171,425,4
1171,482,12
1171,543,4
1171,1188,4
1171,1379,4
1171,1403,14
1172,464,15
1172,481,21
1172,504,16
1172,574,14
1172,594,15
1172,1167,17
1172,1186,15
1172,1203,21
1172,1226,16
1172,1296,14
1172,1312,15
1174,68,22
1174,100,22
1174,124,3
1175,366,24
1176,13,15
1176,71,15
1176,691,15
1176,804,15
1177,166,3
1177,326,3
1177,408,3
1178,57,27
1178,86,3
1178,358,3
1178,426,3
1178,1234,3
1180,1220,5
1180,1375,16
1180,1501,16
1180,1530,5
1190,0,24
1190,162,24
1190,261,3
1190,289,25
1190,960,3
1191,0,16
1191,146,16
1191,169,28
1191,215,26
1191,359,14
1191,377,16
1191,536,16
1191,623,2
1191,596,25
1191,861,16
1191,977,26
1191,1043,16
1191,1261,16
1191,1676,16
1191,1707,2
1192,0,13
1192,30,22
1192,111,4
1192,182,3
1192,78,31
1192,550,27
1192,957,3
1193,152,3
1193,131,19
1193,739,3
1193,1018,3
1194,113,11
1194,126,8
1194,136,27
1194,169,18
1194,535,14
1194,1261,16
1194,1279,2
1194,1287,20
1194,1309,3
1194,1429,2
1194,1449,3
1196,176,18
1196,197,2
1196,720,2
1197,270,3
1197,454,3
1197,693,3
1197,813,3
1197,1146,3
1197,1497,20
1197,1632,3
1197,1844,3
1198,281,14
1198,927,3
1198,1828,17
1198,1988,14
1199,21,3
1199,415,6
1199,583,3
1199,623,30
1199,672,26
1200,1046,25
1200,1143,10
1202,45,14
1202,282,14
1204,0,15
1204,64,28
1204,94,3
1204,104,19
1204,236,3
1204,506,19
1205,0,22
1206,270,20
1206,292,3
1206,479,3
1206,501,3
1206,1137,3
1208,25,24
1208,207,24
1208,1031,24
1210,154,20
1210,176,2
1210,415,2
1210,473,2
1210,659,2
1210,1350,2
1210,1496,2
1210,1669,2
1211,70,15
1213,331,2
1213,304,25
1213,1428,2
1213,1741,2
1214,14,17
1215,32,21
1215,150,13
1215,220,21
1215,244,3
1215,1032,8
1216,89,20
1217,160,13
1217,876,13
1219,0,45
1219,132,45
1219,179,4
1219,334,15
1219,462,4
1220,192,39
1220,637,17
1220,924,20
1220,1052,8
1220,1065,18
1220,1543,17
1221,783,21
1221,1689,21
1222,671,14
1224,91,22
1224,338,22
1224,362,3
1224,436,3
1224,567,3
1224,716,3
1226,94,8
1226,261,15
1227,0,30
1227,148,30
1227,180,3
1227,285,10
1227,564,22
1227,598,15
1227,640,12
1228,97,18
1228,263,21
1228,851,13
1229,24,3
1229,131,15
1229,148,3
1229,384,3
1229,421,3
1229,719,3
1229,797,3
1229,995,3
1229,1290,3
1230,37,6
1231,19,14
1231,55,14
1231,71,2
1232,460,13
1233,32,21
1233,115,21
1233,138,3
1233,258,3
1233,826,3
1233,941,3
1233,1037,3
1233,1397,3
1233,1630,41
1233,1898,3
1236,24,38
1236,67,18
1237,90,3
1237,308,3
1237,416,3
1237,276,30
1237,1231,3
1237,1268,14
1237,1324,14
1237,1558,3
1238,101,38
1238,170,27
1238,199,3
1240,527,4
1241,81,18
1242,60,21
1242,299,21
1242,1054,21
1242,1239,32
1243,44,18
1243,76,31
1243,329,10
1243,391,18
1243,490,16
1243,605,19
1243,1730,18
1246,31,18
1246,77,18
1246,97,2
1246,704,2
1247,62,22
1247,619,22
1247,643,2
1247,1548,2
1247,1644,2
1247,1723,2
1247,1775,9
1247,1930,2
1248,45,16
1248,67,22
1248,103,16
1248,121,2
1248,196,2
1248,204,22
1248,228,3
1248,608,2
1248,1831,31
1249,67,20
1249,455,20
1249,873,20
1249,1023,20
1250,85,17
1250,104,2
1250,203,2
1250,568,2
1250,1091,2
1250,1409,2
1251,358,20
1251,381,3
1251,422,3
1251,444,21
1251,475,11
1251,489,2
1251,514,3
1251,726,3
1251,861,4
1251,1025,3
1251,1088,4
1251,1460,3
1251,1492,3
1252,354,8
1253,59,22
1253,221,22
1253,245,2
1253,571,2
1253,654,2
1253,790,22
1254,495,2
1254,473,20
1254,1014,2
1256,206,18
1256,226,2
1256,667,2
1256,695,2
1256,751,25
1257,637,3
1258,57,18
1259,71,23
1259,100,23
1259,125,3
1259,157,24
1259,438,3
1260,283,4
1260,238,43
1261,35,18
1261,319,18
1264,66,15
1264,525,15
1264,1321,15
1265,25,18
1265,45,2
1265,145,18
1266,127,23
1266,250,13
1266,284,21
1266,852,23
1267,72,17
1268,29,17
1268,115,17
1268,475,30
1268,507,3
1268,705,17
1268,972,17
1269,17,21
1269,40,21
1269,63,2
1269,226,6
1269,274,2
1269,317,6
1270,0,21
1270,216,13
1270,311,21
1270,335,3
1271,128,26
1271,337,10
1271,1470,10
1271,1605,17
1273,106,10
1273,145,3
1273,872,3
1273,906,3
1273,1179,3
1273,1187,3
1274,112,2
1274,131,23
1274,92,18
1274,315,17
1274,422,17
1274,788,6
1274,1283,6
1274,1391,8
1274,1447,17
1274,1527,17
1274,1747,17
1276,0,22
1276,247,22
1276,271,2
1276,473,2
1276,624,2
1276,975,2
1276,1464,2
1276,1541,2
1276,1749,2
1277,190,30
1277,222,3
1277,235,8
1277,860,8
1278,172,35
1278,209,3
1280,323,2
1280,307,14
1280,857,2
1280,1120,2
1280,1194,8
1282,71,21
1282,102,21
1282,125,3
1282,452,3
1282,612,3
1282,767,3
1282,1149,3
1282,1471,3
1282,1688,3
1283,26,19
1283,342,30
1283,374,3
1283,452,18
1283,480,9
1283,819,8
1283,867,3
1284,225,23
1285,89,21
1285,235,13
1285,253,6
1285,357,21
1285,380,3
1285,637,30
1285,919,3
1285,1643,3
1287,96,29
1287,127,5
1287,253,5
1287,467,5
1287,1313,5
1288,81,13
1288,546,13
1288,848,13
1288,1030,13
1290,35,14
1290,145,14
1290,161,3
1291,589,30
1292,0,20
1292,414,20
1293,74,10
1293,774,20
1295,97,13
1295,214,13
1295,1634,13
1295,1856,13
1296,0,18
1296,42,17
1296,73,18
1296,246,17
1296,583,17
1296,1096,17
1297,473,4
1298,0,13
1298,95,13
1298,1148,13
1298,1412,13
1299,79,20
1299,229,20
1299,453,20
1299,994,20
1300,128,18
1300,148,3
1301,60,18
1301,148,18
1301,168,2
1301,565,2
1301,851,2
1302,135,27
1302,164,3
1302,492,3
1302,641,3
1302,1567,3
1304,4,39
1304,105,39
1304,146,4
1304,386,4
1304,995,4
1305,349,21
1305,372,2
1305,549,2
1305,838,2
1305,1341,13
1305,1537,2
1306,54,26
1306,124,26
1306,152,3
1307,63,18
1307,700,22
1307,822,18
1308,119,20
1308,141,25
1308,168,3
1308,221,13
1308,522,3
1308,565,3
1308,948,6
1308,1031,20
1308,1439,3
1308,1492,20
1311,163,20
1311,185,2
1312,135,3
1312,111,22
1312,248,3
1312,457,3
1312,643,3
1312,1181,3
1312,1233,3
1313,1206,4
1314,96,13
1315,61,16
1315,687,6
1315,1112,6
1315,1132,3
1316,361,32
1316,1093,3
1316,1072,19
1317,31,19
1319,797,2
1319,773,22
1319,851,3
1320,153,26
1321,0,18
1321,161,8
1321,565,8
1321,603,18
1321,749,18
1321,1274,8
1321,1463,20
1321,1517,18
1322,90,8
1322,544,8
1322,865,11
1322,1226,6
1322,1240,21
1322,1834,25
1322,1983,8
1323,112,14
1323,244,14
1323,668,3
1324,526,3
1324,502,22
1325,40,16
1325,58,16
1325,735,16
1326,33,14
1326,136,14
1327,137,25
1327,923,25
1328,0,23
1330,44,15
1331,70,18
1331,100,18
1331,696,27
1331,1030,18
1331,1565,18
1332,350,14
1332,367,2
1332,1169,2
1333,118,6
1335,0,18
1335,114,18
1335,135,2
1336,57,18
1336,144,18
1336,165,2
1336,311,2
1336,376,2
1336,931,2
1336,1274,2
1336,1281,18
1337,107,22
1338,239,28
1338,784,20
1338,946,32
1339,68,33
1339,173,33
1339,209,4
1339,1183,4
1339,1478,4
1339,1712,4
1340,117,21
1340,140,21
1340,163,3
1340,173,24
1340,236,20
1340,309,11
1340,431,3
1340,839,3
1340,1221,3
1340,1312,30
1340,1574,3
1340,1661,12
1340,1810,3
1341,223,20
1341,583,13
1341,645,13
1343,242,29
1343,273,4
1343,1446,29
1344,52,40
1344,94,40
1344,136,4
1344,406,3
1344,383,21
1344,919,11
1345,25,16
1345,392,16
1345,604,24
1345,855,13
1346,283,2
1346,252,29
1348,27,25
1348,173,25
1349,27,20
1349,99,3
1349,69,28
1349,282,20
1349,339,2
1349,328,9
1349,436,3
1349,1179,11
1351,102,28
1351,285,28
1351,316,3
1351,474,27
1351,504,3
1351,578,3
1351,706,18
1351,772,21
1352,148,26
1352,176,3
1352,434,19
1352,1052,18
1352,1185,18
1353,0,28
1353,105,28
1353,140,28
1353,237,9
1353,926,3
1356,439,2
1356,1215,24
1356,1273,14
1356,1636,2
1356,1660,2
1356,1687,16
1357,143,25
1357,608,25
1358,0,11
1358,144,3
1358,163,11
1358,176,2
1358,112,30
1358,181,30
1358,310,11
1358,499,13
1358,697,3
1359,64,27
1361,174,18
1361,195,2
1361,242,2
1361,325,2
1361,653,2
1361,954,2
1361,1179,2
1362,34,14
1362,341,14
1362,423,17
1362,642,28
1362,1010,14
1362,1169,13
1362,1320,15
1363,0,21
1363,153,3
1363,178,42
1363,249,3
1363,576,3
1363,1116,3
1364,261,3
1364,237,22
1364,383,20
1364,405,2
1364,1166,20
1365,61,21
1365,84,21
1365,107,3
1365,227,6
1365,255,12
1365,371,3
1365,514,3
1365,547,3
1365,1256,3
1366,73,14
1366,189,14
1366,430,14
1366,474,6
1367,71,13
1367,86,3
1367,1413,3
1368,0,27
1368,89,27
1368,306,27
1368,1122,27
1369,121,30
1369,153,3
1369,756,3
1369,1574,3
1370,346,3
1370,959,2
1371,91,18
1372,137,19
1372,158,3
1372,479,25
1373,190,8
1374,99,12
1374,709,5
1374,783,10
1374,1290,6
1374,1401,5
1375,0,26
1376,303,3
1376,279,22
1376,513,3
1376,681,3
1377,20,8
1377,177,8
1378,158,13
1378,278,13
1379,0,25
1379,73,25
1379,100,3
1379,167,28
1379,223,27
1380,75,14
1380,91,14
1380,107,3
1381,59,32
1381,268,3
1381,234,32
1382,594,3
1382,1433,3
1382,1983,6
1383,161,21
1383,184,3
1383,240,3
1383,213,25
1383,312,3
1383,777,3
1385,574,4
1385,1383,6
1386,69,22
1386,93,5
1386,638,21
1386,661,3
1386,702,21
1386,806,3
1386,1151,3
1387,87,18
1387,118,18
1388,107,30
1388,139,3
1388,437,3
1388,522,3
1388,697,22
1388,820,20
1388,1522,3
1389,86,26
1389,114,16
1389,137,28
1390,32,10
1390,374,3
1390,387,17
1390,844,10
1392,216,26
1392,244,4
1392,387,28
1392,417,3
1392,1005,3
1393,934,14
1393,1000,14
1394,74,26
1394,102,2
1394,282,9
1394,348,9
1394,380,2
1394,458,2
1394,715,2
1396,46,17
1396,691,19
1396,1956,19
1397,69,12
1397,1575,3
1397,1718,12
1398,171,26
1399,72,3
1399,77,28
1400,25,29
1400,136,2
1400,388,2
1401,89,29
1401,120,4
1401,659,20
1402,96,15
1402,644,15
1403,95,6
1404,59,40
1404,189,27
1404,218,3
1404,226,25
1404,253,3
1404,322,7
1404,662,3
1405,87,36
1405,125,2
1406,93,20
1407,68,18
1407,118,18
1407,138,2
1407,430,2
1407,1520,2
1407,1662,2
1409,56,22
1409,80,22
1409,104,3
1409,459,3
1409,632,3
1409,745,3
1409,961,3
1409,1080,3
1409,1318,3
1409,1426,3
1411,223,3
1411,197,24
1413,120,21
1415,237,15
1415,257,21
1415,1175,15
1416,0,20
1417,287,21
1417,311,3
1417,380,3
1417,555,3
1417,768,3
1419,0,10
1419,88,51
1419,727,15
1419,1011,5
1419,969,40
1419,1052,10
1419,1169,15
1420,54,15
1420,95,15
1422,95,3
1422,149,8
1422,211,3
1422,260,4
1422,179,30
1422,217,41
1422,543,3
1422,618,17
1422,653,2
1422,696,2
1422,793,3
1422,888,3
1422,1118,8
1422,1471,3
1423,53,19
1423,158,19
1423,182,8
1423,1027,19
1423,1051,8
1425,111,14
1425,284,14
1425,769,14
1427,174,3
1427,144,28
1428,173,4
1428,134,37
1428,378,4
1428,415,4
1428,683,4
1428,868,4
1428,1013,4
1428,1053,4
1428,1114,4
1428,1207,4
1430,97,28
1430,127,3
1430,252,3
1431,219,21
1431,655,21
1434,135,16
1434,783,25
1435,175,8
1435,297,8
1435,756,8
1435,991,8
1435,1230,8
1436,608,12
1436,645,3
1438,105,21
1438,214,21
1439,283,20
1440,28,21
1440,184,4
1440,1621,21
1441,149,10
1441,164,8
1441,498,16
1442,0,34
1442,96,34
1442,132,16
1442,161,28
1442,207,19
1442,150,3
1442,269,35
1442,820,6
1442,893,22
1443,103,31
1444,50,26
1444,78,2
1444,193,2
1444,579,2
1444,733,2
1444,780,2
1444,968,2
1445,190,19
1445,211,4
1445,1503,50
1445,2116,4
1449,61,15
1449,554,15
1449,982,15
1450,196,2
1450,179,15
1452,1346,15
1453,166,20
1453,188,2
1453,197,38
1453,559,2
1453,921,2
1454,540,12
1454,930,12
1454,947,15
1454,1061,12
1455,283,6
1456,245,25
1456,272,4
1456,877,18
1456,897,24
1456,923,3
1456,1739,3
1457,183,24
1457,209,3
1457,873,19
1458,62,17
1458,81,3
1458,91,48
1458,511,3
1458,1017,3
1459,98,17
1459,496,17
1459,797,17
1459,1072,20
1459,1421,17
1460,264,6
1460,466,6
1461,17,15
1461,53,24
1461,79,15
1461,199,19
1461,405,15
1462,25,24
1462,80,24
1462,106,3
1462,574,3
1463,102,14
1463,118,14
1463,134,2
1463,378,2
1463,567,2
1463,1116,2
1463,1259,2
1464,54,26
1464,109,26
1464,241,18
1464,137,4
1464,874,18
1467,278,3
1467,248,28
1467,742,3
1467,971,3
1467,1082,3
1467,1163,3
1468,0,12
1469,302,2
1469,281,19
1469,451,2
1469,1496,37
1470,392,3
1470,373,17
1471,493,18
1473,35,14
1473,949,13
1473,1053,22
1474,342,3
1474,310,30
1474,380,3
1474,856,8
1474,1038,8
1475,87,15
1475,385,12
1475,445,15
1475,492,13
1476,164,27
1476,193,3
1476,241,38
1476,281,4
1476,700,23
1476,837,3
1476,845,4
1476,904,3
1476,1160,3
1477,58,18
1477,185,22
1477,209,3
1477,383,18
1477,403,2
1477,767,3
1477,1387,2
1479,162,13
1479,184,21
1479,207,16
1481,0,12
1482,190,3
1482,166,22
1482,347,3
1482,406,3
1482,1216,3
1482,1720,3
1483,264,34
1484,116,22
1484,142,29
1484,173,8
1484,597,3
1484,671,3
1484,730,3
1484,851,3
1484,955,3
1486,0,11
1487,0,22
1490,78,14
1490,153,3
1490,595,36
1490,633,4
1490,726,14
1490,765,14
1491,71,13
1491,702,13
1491,919,13
1491,1089,13
1492,35,19
1492,80,19
1494,261,22
1494,285,3
1494,440,22
1494,463,3
1494,689,3
1494,990,3
1494,1043,3
1495,51,5
1495,850,39
1495,891,5
1497,73,18
1497,93,2
1497,259,18
1497,280,2
1497,1295,2
1497,1435,2
1497,1780,2
1497,1887,2
1498,17,14
1498,126,14
1498,461,14
1499,108,20
1499,443,24
1499,535,18
1500,739,12
1501,93,13
1501,108,13
1501,1670,13
1502,69,13
1502,196,13
1502,507,13
1502,714,13
1502,786,13
1502,916,25
1502,1024,13
1502,1056,14
1502,1089,25
1502,1330,14
1502,1475,14
1502,1534,13
1503,185,2
1503,292,3
1503,265,25
1503,167,16
1503,444,2
1503,523,2
1504,39,24
1504,126,24
1504,152,3
1504,420,3
1504,688,3
1505,649,3
1506,272,17
1506,452,24
1506,291,3
1507,103,22
1507,127,3
1507,138,44
1507,703,3
1507,823,3
1507,927,3
1507,1332,3
1507,1737,3
1508,386,22
1509,117,14
1512,438,3
1512,419,17
1512,1921,3
1513,128,33
1513,163,4
1516,91,10
1516,292,21
1517,143,19
1517,164,2
1518,25,23
1518,59,23
1518,84,3
1518,642,3
1522,128,3
1522,106,20
1522,399,5
1525,230,4
1525,198,30
1525,1318,4
1525,1488,4
1526,187,32
1527,77,15
1528,191,5
1528,160,29
1528,409,6
1528,1638,5
1529,372,4
1529,894,4
1530,19,13
1531,54,29
1531,85,5
1531,250,5
1531,799,5
1532,23,20
1532,163,20
1532,186,3
1532,722,18
1532,743,2
1532,1745,3
1534,87,17
1534,194,17
1534,213,2
1534,325,2
1534,455,6
1534,801,2
1534,873,2
1534,927,2
1535,498,8
1536,46,7
1536,694,7
1536,834,11
1538,64,4
1538,277,26
1538,316,14
1538,357,14
1538,621,13
1539,0,14
1539,16,14
1539,32,2
1541,734,13
1541,995,6
1542,113,18
1543,198,27
1544,489,25
1544,570,17
1544,888,17
1544,1345,17
1545,56,20
1545,222,20
1545,749,29
1547,61,18
1547,81,18
1547,102,2
1547,172,2
1547,195,2
1547,871,2
1549,110,29
1549,141,5
1549,515,5
1549,566,5
1549,1218,3
1549,1612,5
1549,1714,5
1551,56,17
1551,77,21
1551,175,17
1551,194,2
1551,201,21
1551,224,3
1551,321,3
1551,514,3
1551,627,3
1551,966,2
1551,1061,3
1552,121,24
1552,147,3
1552,254,3
1552,467,3
1552,573,30
1552,1008,3
1553,24,20
1553,66,17
1553,109,2
1553,452,10
1553,719,3
1554,126,2
1554,109,15
1554,591,15
1554,1292,6
1554,1646,12
1555,260,30
1555,293,3
1555,432,3
1555,1026,3
1555,1311,3
1556,0,26
1556,182,18
1556,354,12
1557,107,18
1559,670,18
1559,693,29
1559,724,3
1559,833,21
1560,418,6
1560,921,20
1560,1227,5
1562,100,27
1562,145,3
1563,163,33
1563,402,14
1563,592,13
1563,727,13
1563,756,16
1563,853,13
1565,77,14
1565,104,14
1569,267,8
1569,1735,8
1571,60,30
1571,164,30
1571,196,3
1571,251,3
1571,447,22
1571,659,3
1571,1064,3
1571,1551,3
1572,39,19
1572,77,19
1574,0,18
1574,103,2
1574,83,18
1574,377,30
1574,409,18
1574,548,17
1576,643,7
1576,1572,17
1576,1591,18
1576,1658,18
1578,0,39
1579,244,8
1579,256,6
1579,355,22
1579,485,3
1579,461,22
1579,533,3
1579,707,3
1579,1129,3
1579,1520,3
1581,1009,3
1582,0,24
1582,105,15
1582,125,38
1582,185,13
1582,200,14
1584,0,13
1584,51,13
1584,69,27
1584,98,4
1584,202,16
1584,256,22
1584,319,4
1584,852,14
1584,868,15
1584,885,16
1584,925,15
1586,51,12
1587,0,20
1587,53,3
1587,31,20
1587,692,21
1587,1382,3
1588,25,8
1588,35,23
1591,170,3
1591,140,28
1591,360,3
1591,677,3
1591,770,15
1591,836,3
1591,968,3
1591,1133,3
1591,1201,3
1591,1410,3
1592,0,20
1592,255,20
1592,277,3
1594,0,17
1594,68,17
1594,87,2
1594,221,2
1594,309,2
1594,745,22
1594,1026,22
1594,1627,2
1594,1715,2
1594,1754,22
1596,37,20
1597,28,27
1600,44,25
1600,158,14
1600,434,13
1600,772,25
1600,1290,24
1600,1418,13
1602,510,8
1602,638,17
1603,940,23
1604,0,20
1607,1023,30
1607,1055,3
1608,86,15
1608,103,15
1608,256,15
1608,590,15
1608,1281,15
1608,1841,15
1609,642,12
1609,770,12
1609,1027,12
1610,155,23
1612,28,14
1612,184,3
1612,295,18
1612,337,21
1612,405,22
1612,448,13
1612,525,13
1612,560,3
1612,684,3
1612,1300,3
1612,1371,12
1612,1407,20
1613,43,25
1613,103,25
1613,130,3
1613,558,3
1615,149,3
1615,221,10
1615,277,3
1615,747,3
1615,1334,3
1616,179,3
1616,299,3
1616,155,22
1616,276,21
1616,542,3
1616,649,3
1616,1577,3
1616,1743,3
1617,76,14
1617,92,14
1617,108,2
1617,446,2
1617,1643,2
1618,1521,18
1618,1544,18
1619,45,15
1619,108,15
1619,125,2
1619,223,2
1619,315,26
1619,455,2
1619,432,21
1619,1176,2
1619,1279,2
1621,10,8
1621,24,25
1621,51,8
1621,208,14
1621,312,8
1621,439,8
1621,452,14
1622,101,38
1622,141,3
1622,149,3
1622,332,9
1622,681,3
1622,1140,3
1622,1331,3
1622,1413,3
1622,1460,3
1623,11,20
1623,146,33
1623,181,3
1623,323,13
1623,560,3
1623,526,32
1623,752,3
1623,798,20
1623,931,20
1624,34,15
1624,105,26
1624,405,15
1624,480,26
1624,658,15
1624,1191,15
1624,1216,35
1627,45,47
1627,106,33
1627,141,4
1628,0,20
1628,26,22
1628,113,20
1628,152,9
1628,205,11
1628,376,18
1628,744,20
1629,1091,3
1629,1067,22
1630,220,20
1630,242,3
1631,96,12
1631,208,12
1631,297,12
1631,960,12
1631,1053,12
1632,982,3
1632,1322,3
1632,1600,3
1633,0,13
1633,600,18
1634,72,8
1634,204,8
1634,809,8
1634,1416,8
1635,153,4
1635,159,35
1635,1473,4
1636,0,27
1636,29,27
1636,58,3
1636,184,8
1636,241,3
1636,846,16
1636,975,16
1636,1161,3
1636,1166,24
1636,1283,8
1637,260,18
1638,292,15
1638,645,15
1639,125,16
1640,88,26
1640,823,6
1641,230,19
1642,281,25
1642,1471,26
1645,152,35
1645,189,3
1647,35,15
1647,52,15
1647,69,2
1647,305,13
1647,479,15
1647,918,15
1647,1415,15
1649,44,6
1649,504,26
1649,1036,17
1650,251,3
1650,503,3
1650,1649,20
1650,1753,3
1653,164,18
1653,484,18
1653,1033,18
1653,1114,18
1656,93,26
1657,139,2
1657,126,11
1658,0,43
1658,49,13
1658,802,22
1658,947,13
1658,969,20
1660,18,18
1660,158,18
1660,198,18
1660,392,18
1660,581,18
1660,1008,18
1660,1202,18
1662,21,22
1662,80,22
1662,219,22
1663,741,23
1663,855,30
1664,448,3
1664,611,3
1665,1109,21
1665,1524,11
1665,1564,17
1665,1919,15
1666,8,18
1668,241,25
1668,420,20
1668,631,20
1669,379,8
1670,110,14
1670,210,2
1670,192,16
1670,1278,2
1670,1449,2
1670,1566,2
1672,66,27
1672,95,3
1672,237,3
1672,578,3
1672,667,3
1672,805,3
1673,112,29
1673,144,3
1673,233,21
1673,333,3
1673,480,3
1673,554,21
1673,578,3
1673,839,3
1673,1423,21
1673,1540,3
1674,43,20
1674,455,20
1674,1803,20
1675,337,3
1675,379,12
1675,412,6
1675,503,3
1675,513,12
1675,583,3
1675,1351,32
1675,1656,23
1675,2246,24
1678,230,23
1678,352,15
1678,821,14
1678,983,13
1678,1494,23
1679,103,15
1679,398,14
1680,75,24
1680,605,23
1680,856,6
1680,965,24
1680,991,3
1681,41,19
1681,560,19
1681,830,12
1681,1161,12
1683,111,17
1683,130,3
1684,83,13
1685,244,18
1685,1346,3
1686,166,41
1686,256,10
1686,782,21
1686,910,24
1687,101,14
1687,117,14
1687,133,2
1687,236,2
1687,1878,2
1689,245,14
1689,262,6
1690,288,3
1692,170,30
1692,239,11
1693,0,26
1693,189,13
1693,843,13
1694,205,13
1694,246,20
1694,291,34
1694,491,13
1694,1004,51
1695,83,3
1695,57,24
1695,388,34
1696,2411,10
1698,461,14
1698,1700,14
1699,405,14
1699,817,16
1699,1162,14
1699,1264,14
1701,40,21
1701,87,21
1701,110,3
1701,135,13
1701,170,21
1701,197,11
1701,258,3
1701,363,2
1701,380,3
1701,347,14
1701,573,3
1701,612,3
1701,1732,3
1702,127,3
1703,112,13
1705,217,26
1706,89,35
1707,41,33
1707,88,33
1707,123,3
1707,272,10
1707,369,3
1707,1235,14
1707,1254,25
1707,1343,28
1708,44,13
1708,118,13
1709,748,3
1709,768,3
1710,14,15
1710,218,24
1710,324,4
1710,291,31
1710,652,26
1710,680,3
1710,1478,3
1710,1688,3
1714,275,23
1714,986,20
1715,17,16
1715,933,17
1715,1347,16
1715,1624,16
1715,1765,16
1716,10,25
1716,855,9
1717,27,24
1717,53,24
1718,51,21
1718,133,21
1718,156,3
1718,335,3
1718,433,3
1718,514,3
1718,872,3
1719,53,28
1719,145,28
1719,176,3
1719,232,3
1719,327,3
1719,768,3
1720,269,21
1720,293,3
1720,565,3
1721,0,23
1722,130,4
1722,270,14
1722,97,31
1722,1784,4
1723,84,29
1723,115,5
1723,183,21
1723,206,3
1723,238,5
1723,214,22
1723,246,5
1723,536,5
1723,840,5
1723,945,3
1723,1248,5
1723,1457,5
1724,208,39
1724,249,4
1725,0,15
1725,70,15
1725,396,15
1725,953,15
1728,94,18
1728,115,2
1728,301,2
1728,482,2
1728,882,2
1729,162,3
1729,389,3
1730,260,29
1732,822,4
1732,772,48
1733,66,18
1733,359,18
1733,853,4
1735,164,21
1735,188,3
1736,134,3
1736,326,16
1736,381,20
1736,456,23
1736,1419,3
1737,230,18
1737,250,2
1738,324,2
1738,297,25
1738,839,3
1738,1480,3
1739,1151,10
1740,31,16
1740,145,16
1740,163,3
1740,433,3
1740,609,30
1741,226,25
1741,253,3
1741,527,3
1741,532,26
1741,564,18
1742,94,19
1742,115,3
1742,430,13
1742,1265,11
1744,180,3
1744,152,26
1744,428,3
1744,502,28
1744,773,3
1744,890,3
1744,1149,6
1744,1277,3
1745,60,21
1745,179,21
1745,202,3
1746,203,22
1746,227,3
1746,293,3
1746,406,3
1746,1342,3
1747,472,12
1747,541,15
1747,1145,12
1747,1312,3
1747,1343,12
1748,432,8
1748,443,14
1748,460,28
1748,495,25
1748,603,8
1748,770,8
1748,1543,8
1749,117,30
1749,149,3
1750,77,18
1750,127,18
1750,148,2
1750,1063,18
1751,65,18
1751,330,18
1751,351,2
1751,898,2
1751,1187,2
1752,171,35
1753,61,25
1753,120,25
1753,147,4
1754,83,33
1754,269,33
1754,304,4
1755,132,25
1756,0,28
1756,138,28
1756,168,3
1756,303,3
1756,944,3
1758,29,21
1759,86,18
1759,107,2
1759,632,27
1759,793,8
1759,804,8
1760,418,9
1760,429,18
1760,453,10
1760,781,3
1760,994,35
1760,1171,3
1761,25,15
1761,54,15
1761,71,2
1761,80,41
1761,191,2
1761,308,2
1761,705,2
1762,0,18
1764,465,16
1764,894,8
1764,939,8
1764,1019,10
1764,1044,8
1764,1409,6
1767,0,27
1767,72,27
1767,101,3
1767,518,14
1767,638,32
1767,672,4
1768,97,14
1768,113,2
1769,0,24
1769,70,24
1769,96,3
1769,166,8
1769,225,16
1769,468,21
1769,589,3
1769,629,22
1770,236,3
1771,57,7
1771,664,7
1771,768,18
1771,1195,18
1773,311,17
1773,1091,28
1774,135,23
1774,366,24
1774,745,23
1774,798,24
1774,827,29
1774,1737,24
1775,70,3
1775,225,20
1775,757,30
1775,889,10
1775,1439,31
1776,83,33
1776,162,12
1776,204,12
1776,218,17
1776,261,18
1776,331,12
1778,210,19
1778,512,18
1778,985,6
1780,38,17
1780,157,17
1780,835,17
1781,85,19
1781,281,15
1781,423,15
1781,1129,15
1781,1621,19
1782,115,40
1782,753,5
1782,722,29
1784,0,31
1784,87,31
1784,120,4
1784,1340,6
1786,491,17
1786,608,17
1787,0,24
1787,29,30
1787,117,24
1787,143,4
1787,349,30
1787,381,3
1788,143,12
1788,365,12
1788,547,12
1788,1057,11
1788,1070,8
1788,1080,27
1788,1141,20
1788,1396,27
1788,1425,3
1788,1457,3
1788,1580,12
1789,88,25
1789,245,25
1789,272,3
1789,723,13
1790,80,13
1790,461,20
1790,530,25
1790,638,16
1790,656,15
1791,338,31
1791,371,4
1792,248,3
1792,219,27
1792,1375,36
1793,196,13
1793,584,6
1793,935,13
1793,1873,25
1794,204,20
1794,231,28
1794,261,3
1794,226,2
1794,746,2
1794,905,10
1795,38,22
1796,351,6
1797,12,17
1797,118,17
1797,493,17
1797,596,17
1797,759,17
1797,886,30
1797,1018,17
1800,1073,15
1800,1216,15
1800,1361,20
1800,1548,7
1800,1847,7
1802,0,28
1802,425,28
1802,602,28
1803,19,28
1803,133,28
1804,102,15
1804,131,32
1805,0,16
1805,52,28
1805,167,25
1806,79,20
1806,101,4
1807,0,24
1807,117,24
1807,143,3
1807,248,3
1807,355,3
1807,981,3
1807,1356,3
1807,1398,3
1809,36,15
1809,133,15
1809,373,15
1809,574,15
1809,676,15
1809,828,15
1809,973,15
1809,1580,15
1809,1674,15
1810,122,18
1810,142,18
1810,162,3
1810,205,23
1810,452,3
1813,159,27
1813,188,3
1813,277,14
1813,502,3
1813,1195,3
1814,1514,11
1815,17,14
1815,102,14
1815,233,30
1815,265,3
1815,118,2
1815,722,3
1815,1224,3
1815,1291,3
1815,1429,3
1816,0,17
1816,136,17
1816,204,18
1816,248,18
1816,746,22
1816,1107,17
1816,1246,17
1816,1384,17
1816,1458,21
1816,1485,17
1817,76,14
1817,264,2
1817,248,14
1817,1854,18
1818,47,13
1818,311,10
1818,406,13
1818,888,13
1818,1644,13
1819,62,17
1819,318,14
1819,373,14
1819,605,15
1819,793,17
1819,913,17
1820,314,4
1820,1401,13
1821,211,14
1821,264,14
1821,366,14
1821,937,14
1821,1570,14
1822,28,21
1822,112,21
1822,365,21
1823,968,17
1823,1588,17
1824,292,16
1824,343,12
1824,415,14
1824,434,6
1825,21,24
1825,77,24
1825,103,3
1825,463,3
1825,625,18
1825,910,24
1825,1134,3
1825,1374,24
1825,1662,3
1825,1667,13
1826,100,24
1826,273,24
1826,299,3
1826,433,11
1826,458,19
1826,483,17
1826,599,3
1826,634,18
1826,1229,3
1826,1624,12
1826,1641,20
1826,1666,11
1826,1682,18
1827,69,8
1827,120,14
1827,142,20
1827,299,8
1828,139,3
1828,111,26
1828,348,8
1828,455,8
1829,0,16
1830,25,24
1830,109,24
1830,135,2
1831,84,17
1831,209,15
1831,552,15
1831,953,15
1831,1313,15
1831,1364,20
1831,1386,3
1831,1891,15
1832,60,21
1832,193,21
1832,216,3
1832,1179,26
1832,1228,13
1832,1498,3
1832,1689,3
1832,1757,3
1832,1939,3
1833,150,33
1833,187,15
1834,129,17
1834,148,3
1834,455,3
1834,418,35
1835,63,6
1835,71,6
1835,412,6
1835,882,18
1835,1398,6
1836,788,6
1838,55,20
1839,91,8
1839,215,8
1839,569,8
1840,363,3
1840,336,25
1840,623,3
1841,46,13
1841,73,13
1841,271,20
1841,293,23
1841,419,13
1841,1025,13
1843,482,13
1843,497,9
1844,718,20
1845,49,17
1845,68,17
1845,87,2
1845,264,2
1847,760,14
1848,811,24
1848,837,3
1848,1019,21
1848,1078,3
1849,40,21
1849,160,20
1849,182,3
1849,948,3
1850,175,20
1850,197,3
1853,0,35
1853,108,26
1853,136,3
1853,746,3
1854,38,20
1854,556,20
1855,16,20
1855,68,17
1856,20,15
1856,119,14
1856,741,8
1856,1769,14
1856,1859,15
1856,2001,14
1857,236,24
1858,56,28
1858,158,28
1861,83,28
1861,293,28
1861,323,3
1861,658,3
1861,792,3
1862,223,16
1862,337,15
1862,467,15
1862,741,15
1862,1204,15
1863,148,30
1863,181,3
1863,221,17
1863,444,3
1863,559,37
1863,599,4
1863,1241,4
1864,214,4
1864,193,19
1865,87,26
1865,115,2
1865,304,2
1865,653,2
1866,721,26
1866,927,15
1869,0,20
1869,84,20
1869,106,3
1869,301,14
1869,658,3
1870,24,10
1872,0,24
1872,95,24
1872,121,3
1874,558,19
1874,819,19
1875,316,24
1876,675,15
1876,719,15
1878,68,14
1878,142,14
1878,643,14
1878,1740,14
1881,10,35
1881,144,35
1881,181,3
1881,564,4
1882,31,15
1882,76,15
1882,380,15
1882,520,15
1882,619,15
1882,972,15
1882,1143,15
1882,1184,15
1884,16,13
1884,823,13
1884,1415,13
1885,274,6
1886,37,24
1886,417,24
1886,812,8
1887,103,16
1887,291,16
1887,309,3
1888,485,3
1888,1279,3
1891,26,42
1893,801,3
1894,0,29
1894,33,14
1894,538,18
1895,265,3
1895,235,28
1895,1513,3
1895,1641,3
1896,118,3
1896,99,17
1896,745,3
1896,962,3
1898,179,15
1898,196,2
1898,456,2
1900,36,17
1900,149,17
1900,168,4
1900,439,4
1900,558,4
1900,705,4
1900,859,4
1900,1513,4
1900,1650,4
1901,0,17
1901,88,17
1901,107,4
1901,192,4
1901,522,4
1901,1444,4
1902,692,4
1902,661,29
1903,58,23
1903,83,26
1903,255,9
1903,448,22
1903,531,30
1903,567,26
1905,95,10
1905,266,20
1905,288,3
1905,557,30
1905,1545,17
1905,2199,17
1905,2218,23
1906,205,16
1906,226,21
1906,553,16
1906,621,18
1909,36,13
1909,66,21
1910,935,4
1910,941,38
1911,66,25
1911,1661,13
1913,147,3
1913,118,27
1913,530,3
1913,752,3
1915,66,31
1915,213,31
1915,1054,3
1917,298,25
1918,115,14
1918,135,13
1918,459,2
1918,434,23
1919,0,15
1920,235,28
1920,266,3
1920,508,3
1920,1286,3
1922,42,15
1922,1593,3
1922,1852,3
1923,95,35
1923,474,4
1923,549,3
1923,1125,4
1925,18,22
1925,199,22
1925,224,2
1925,251,2
1925,819,2
1925,1542,2
1926,150,16
1926,195,3
1926,168,25
1926,1510,16
1928,111,21
1928,134,21
1928,157,3
1928,327,13
1928,364,12
1928,378,11
1928,529,3
1928,690,3
1928,970,3
1928,1181,3
1929,478,11
1929,491,23
1930,42,14
1931,486,6
1931,580,25
1932,30,25
1932,57,3
1932,116,25
1932,143,3
1932,928,4
1933,0,15
1933,29,24
1934,73,24
1934,324,13
1934,511,24
1934,707,13
1936,69,21
1936,331,21
1936,355,3
1936,397,3
1936,684,3
1936,754,3
1937,17,37
1937,84,37
1938,914,3
1938,1136,3
1939,184,16
1939,563,3
1940,56,11
1940,70,11
1940,433,11
1940,833,11
1940,1176,11
1941,62,14
1941,704,6
1941,1061,6
1941,1717,14
1942,111,24
1942,141,24
1942,168,3
1942,450,3
1942,617,3
1942,1809,4
1943,52,18
1943,147,18
1943,167,2
1945,92,3
1945,191,8
1945,202,13
1945,263,3
1945,823,8
1945,1266,16
1946,140,3
1946,165,21
1946,118,20
1946,644,3
1947,555,13
1947,1252,3
1948,46,18
1948,66,18
1948,86,2
1948,204,2
1948,565,2
1948,870,2
1948,1196,2
1949,70,25
1949,97,3
1949,178,40
1949,583,25
1950,24,17
1950,141,2
1950,241,21
1950,120,19
1950,400,17
1951,158,53
1951,849,41
1952,104,3
1952,76,26
1952,334,27
1952,363,3
1952,1437,26
1955,112,13
1955,353,13
1955,368,2
1955,569,2
1955,776,2
1956,62,3
1956,989,16
1957,244,31
1958,62,17
1958,93,17
1958,112,4
1958,278,4
1958,834,4
1958,1157,40
1958,1534,4
1958,1599,4
1959,80,35
1959,117,35
1959,154,3
1959,625,3
1960,22,44
1960,278,19
1960,662,15
1961,0,40
1961,115,25
1961,142,4
1961,340,4
1961,1373,4
1961,1526,4
1962,27,14
1962,62,30
1962,121,30
1962,471,16
1962,633,30
1962,751,14
1962,1015,14
1962,1339,14
1962,1524,14
1963,79,21
1963,102,3
1964,32,21
1964,354,21
1965,393,3
1965,365,26
1965,479,3
1967,50,37
1967,139,31
1967,172,4
1967,612,2
1967,596,14
1969,74,23
1970,45,17
1970,557,17
1970,1035,29
1970,1106,26
1971,77,36
1971,115,3
1971,602,36
1971,640,3
1971,984,3
1971,1148,7
1971,1215,3
1973,37,15
1973,175,51
1973,615,15
1973,694,15
1974,20,16
1977,0,22
1977,162,22
1977,186,3
1977,617,3
1977,1230,3
1977,1515,3
1978,74,24
1978,100,3
1978,191,22
1978,215,22
1978,275,36
1978,313,4
1978,532,3
1979,166,14
1980,567,29
1980,809,18
1981,0,11
1981,225,24
1981,1016,10
1983,517,6
1983,745,13
1984,277,22
1984,302,3
1984,1041,3
1984,1481,3
1985,102,22
1985,332,13
1986,98,12
1986,263,12
1986,341,12
1986,1653,12
1987,247,15
1987,2266,15
1988,0,11
1988,24,11
1988,37,2
1988,1258,27
1989,186,44
1989,233,4
1989,1197,4
1991,953,22
1992,136,13
1992,515,12
1992,569,12
1993,75,14
1993,326,14
1993,346,29
1994,651,4
1995,82,35
1995,119,3
1995,398,3
1996,111,2
1996,732,16
1996,1274,16
1997,55,17
1997,155,3
1997,362,3
1997,942,17
1997,981,8
1997,1707,17
1999,36,21
1999,124,21
1999,336,18
1999,356,29
1999,387,24
1999,542,23
1999,800,13
1999,964,13
1999,1050,21
2001,225,3
2001,200,23
2001,539,3
2003,0,16
2004,54,21
2004,184,21
2004,207,3
2008,51,26
2008,79,4
2009,106,18
2009,139,18
2009,159,2
2009,1156,2
2010,0,14
2010,167,14
2010,483,14
2010,1054,14
2011,110,21
2011,656,21
2011,679,3
2011,855,3
2011,1008,3
2011,1350,3
2011,1685,3
2015,39,26
2015,139,26
2015,167,3
2015,665,8
2016,48,17
2017,160,35
2017,451,35
2020,78,6
2020,581,14
2020,668,6
2023,289,17
2023,309,3
2024,40,27
2024,69,3
2025,304,26
2026,0,23
2026,25,33
2026,805,23
2027,40,21
2027,63,3
2027,343,3
2028,0,20
2028,822,20
2031,102,17
2031,159,18
2031,179,17
2031,216,8
2031,260,17
2032,13,14
2033,0,25
2033,177,18
2034,173,14
2034,191,12
2035,58,22
2036,458,5
2037,214,3
2037,184,28
2037,382,18
2039,23,25
2039,50,3
2039,107,25
2039,134,3
2039,174,24
2040,39,27
2042,0,22
2042,168,22
2042,192,2
2042,655,20
2042,967,6
2042,978,22
2044,11,29
2044,193,18
2044,394,17
2044,893,18
2044,1033,20
2044,1092,3
2045,80,30
2045,276,17
2048,138,14
2048,224,6
2048,447,6
2049,60,8
2049,112,8
2049,689,8
2049,699,12
2049,717,12
2049,819,8
2049,969,8
2050,289,3
2050,270,17
2052,71,19
2055,803,3
2055,811,3
2055,1082,3
2056,727,27
2056,756,3
2056,847,33
2057,196,29
2063,15,27
2063,44,27
2063,73,3
2063,411,3
2063,752,3
2064,107,20
2064,129,3
2065,150,20
2065,172,2
2065,920,2
2065,1112,2
2067,354,14
2069,38,34
2069,234,20
2069,256,3
2071,35,15
2071,190,29
2075,19,18
2075,73,18
2075,93,2
2075,310,2
2075,385,2
2075,549,2
2075,591,2
2076,81,17
2077,99,20
2077,121,2
2077,463,2
2077,973,2
2078,543,2
2078,801,2
2078,984,2
2078,1432,2
2087,32,17
2087,159,21
2087,389,26
2088,770,18
2090,125,2
2090,108,15
2093,0,17
2094,0,35
2095,1,22
2095,72,24
2095,556,12
2097,753,13
2098,318,14
2098,334,18
2098,358,14
2100,0,23
2102,282,30
2102,314,3
2102,620,3
2102,661,5
2103,0,29
2103,370,8
2104,59,17
2105,63,26
2105,91,26
2105,202,16
2106,5,15
2106,22,13
2106,53,8
2106,361,14
2106,377,25
2106,787,13
2106,817,8
2106,837,15
2108,703,2
2109,22,15
2109,142,15
2109,544,15
2112,88,14
2112,125,14
2117,1,30
2118,41,20
2118,63,3
2118,69,30
2118,101,3
2121,30,21
2122,0,20
2122,32,20
2122,281,20
2123,48,12
2124,0,21
2124,201,21
2124,224,3
2124,460,3
2125,14,27
2127,609,12
2128,0,33
2128,76,24
2128,102,3
2128,332,3
2128,426,21
2128,684,29
2128,715,4
2129,0,13
2130,104,29
2130,823,38
2130,868,27
2131,0,25
2131,73,15
2131,817,15
2131,1010,15
2136,485,14
2137,110,18
2137,130,2
2137,531,2
2138,32,15
2138,1114,17
2138,1373,15
2141,587,18
2144,43,27
2144,72,27
2144,103,30
2144,174,21
2144,197,16
2144,667,27
2144,984,16
2146,53,21
2146,197,13
2146,337,13
2149,262,26
2149,680,24
2149,775,15
2149,796,24
2149,991,15
2151,0,22
2152,320,16
2152,368,51
2153,20,13
2154,15,24
2154,104,24
2154,130,3
2154,416,3
2154,796,3
2154,912,3
2154,961,3
2155,350,28
2155,408,21
2157,23,12
2158,148,22
2158,172,2
2158,557,2
2158,624,2
2159,892,7
2160,12,22
2160,36,19
2160,60,17
2161,796,33
2165,31,19
2167,221,14
2168,56,10
2168,183,10
2168,332,16
2168,708,10
2170,16,44
2170,147,44
2170,364,44
2173,0,20
2173,60,11
2173,73,3
2173,337,12
2173,372,12
2173,495,12
2174,238,15
2175,858,3
2175,1122,14
2177,24,18
2177,63,18
2177,83,2
2177,393,2
2177,557,2
2177,642,2
2179,41,33
2179,77,33
2179,1369,16
2179,1423,33
2180,80,23
2180,791,23
2180,1099,18
2181,0,44
2182,68,14
2182,169,14
2182,369,14
2182,564,14
2185,179,27
2186,16,20
2186,96,20
2187,0,20
2188,44,33
2189,0,22
2189,54,22
2189,78,3
2189,917,3
2190,675,24
2190,1070,27
2191,278,14
2192,282,2
2192,265,15
2192,987,2
2194,254,29
2194,310,21
2194,333,29
2195,245,24
2195,597,8
2196,145,23
2196,708,19
2197,236,14
2198,0,21
2199,183,42
2200,0,26
2201,14,12
2201,129,12
2201,552,12
2204,143,21
2208,63,22
2208,435,22
2208,459,2
2208,1836,13
2208,2029,2
2208,2102,2
2209,64,3
2209,40,22
2209,222,3
2209,322,3
2209,340,22
2210,0,16
2210,20,18
2210,188,17
2210,339,18
2210,546,18
2210,592,18
2210,1022,18
2213,27,21
2213,118,21
2214,42,22
2214,231,22
2214,255,3
2214,320,3
2214,300,18
2214,575,3
2214,1185,3
2214,1220,3
2215,40,25
2217,122,35
2217,159,3
2218,51,22
2218,332,22
2218,356,2
2218,458,9
2218,496,2
2218,542,2
2218,1570,2
2218,1836,13
2218,1904,13
2218,1965,2
2220,239,3
2220,209,28
2221,27,14
2221,117,14
2222,113,21
2222,136,3
2222,234,31
2222,416,3
2223,35,26
2224,25,20
2225,59,45
2225,188,45
2225,932,45
2226,0,13
2226,364,11
2232,0,35
2232,388,26
2232,1129,26
2236,51,18
2237,32,21
2240,19,26
2243,45,57
2253,31,24
2253,133,24
2253,974,24
2255,140,17
2255,611,17
2257,15,14
2257,75,14
2258,107,20
2259,1,14
2270,40,38
2274,0,44
2274,768,14
2274,1242,15
2275,12,18
2276,26,44
2278,17,22
2278,152,22
2278,350,22
2279,13,6
2279,42,14
2279,97,14
2279,168,14
2279,188,6
2279,466,15
2279,679,17
2279,720,16
2281,0,22
2286,93,43
2289,28,44
2293,93,10
2293,129,19
2293,212,14
2293,228,14
2293,266,25
2293,293,16
2296,47,26
2299,79,22
2299,128,22
2299,152,2
2299,510,2
2299,616,2
2299,857,2
2299,965,2
