0,159,18
3,91,3
3,68,21
3,392,13
3,488,31
3,521,5
6,522,15
6,539,27
6,568,15
6,585,25
6,612,23
8,270,1
9,67,13
9,1614,13
10,278,17
12,48,17
12,87,21
13,39,21
13,62,3
13,68,21
13,91,3
13,102,17
13,348,3
17,33,19
18,47,8
18,345,27
18,374,3
18,844,8
19,1293,15
19,1547,14
21,380,33
21,418,37
23,0,27
23,134,22
23,197,30
23,229,3
23,244,16
23,331,18
23,414,3
23,444,3
23,547,19
25,0,28
25,41,26
25,119,28
25,149,3
25,250,19
25,358,26
25,432,3
25,580,3
25,1155,26
25,1222,3
25,1708,3
25,1819,3
26,412,23
26,2033,3
28,290,32
28,491,15
28,759,15
28,981,2
31,74,27
31,155,27
31,184,3
31,190,3
31,963,3
31,1088,3
32,20,21
32,137,27
32,167,3
32,240,21
32,264,3
32,326,3
32,553,3
32,893,3
32,990,3
32,1769,3
34,268,20
38,0,3
38,189,3
38,158,29
38,499,21
40,78,21
41,28,18
41,48,18
41,68,3
41,126,26
41,1289,4
41,1315,33
41,1350,17
41,1369,14
41,1247,40
42,190,23
42,1221,20
43,61,29
43,215,29
43,361,9
43,625,18
44,569,25
47,54,13
47,157,14
47,197,13
47,329,13
47,992,18
50,518,3
50,638,32
51,66,30
51,211,30
51,243,3
52,150,14
52,257,22
52,297,20
52,378,14
52,413,22
52,825,14
52,935,14
52,1914,14
53,521,11
53,979,3
54,105,21
54,128,2
55,12,17
56,75,27
56,127,27
56,536,27
58,18,20
58,245,20
58,634,20
58,851,20
58,940,20
58,1154,20
58,1313,20
60,104,35
60,141,3
62,0,27
62,31,43
62,131,18
62,645,18
62,743,17
62,835,18
62,1463,18
62,2134,18
62,2208,18
62,2758,27
62,2930,18
63,181,15
63,217,28
63,275,40
63,320,22
64,0,15
64,126,15
64,1193,3
65,110,28
65,140,28
65,170,3
65,519,3
65,849,3
66,162,3
66,172,28
66,274,3
67,443,16
68,148,40
68,230,4
69,124,44
69,730,26
71,0,24
71,347,3
71,528,3
71,755,3
71,829,3
71,1117,3
71,1567,3
71,1623,13
72,53,10
73,55,13
73,103,37
73,374,3
73,1193,3
73,1644,3
75,493,21
77,52,27
77,171,20
77,193,2
77,239,36
77,277,5
77,303,2
77,559,2
77,1037,2
78,232,20
78,254,2
78,1607,2
80,45,18
80,86,18
80,106,2
80,1149,2
80,1258,2
80,1459,2
80,1582,2
80,1624,2
80,1792,2
80,1901,2
81,0,23
81,408,14
81,633,14
81,749,14
81,1052,14
81,1155,24
83,15,16
83,33,22
83,90,16
83,414,16
83,876,16
83,894,22
84,45,27
84,369,27
87,500,9
87,1077,16
88,65,17
88,348,17
88,491,17
88,690,17
88,803,17
88,926,17
88,983,20
88,1465,13
89,284,3
89,261,21
90,83,14
90,504,18
91,100,24
91,180,24
91,206,3
91,248,16
91,266,28
91,310,3
91,745,3
91,781,24
91,1090,3
91,1622,3
92,0,18
92,133,18
92,153,2
92,249,22
92,320,2
92,386,2
92,437,4
92,641,2
92,1155,3
92,1515,2
94,14,14
94,30,19
94,66,13
94,81,9
94,281,9
94,292,16
94,324,14
94,340,19
94,376,22
94,400,13
96,0,16
96,68,16
96,673,16
98,159,13
98,208,33
98,1236,49
99,250,28
99,280,3
99,510,3
100,245,18
100,414,17
100,467,27
100,496,3
100,683,18
100,1677,18
100,1884,17
101,119,5
101,88,29
101,394,5
101,587,5
101,788,5
101,847,5
101,1301,5
101,1853,5
105,143,10
105,422,10
105,850,10
106,1084,21
106,1107,22
106,1180,16
106,1198,14
107,2040,22
109,0,24
109,36,24
109,181,24
109,208,3
109,217,8
109,230,18
109,341,24
109,368,3
109,417,18
109,679,3
109,921,12
109,1297,3
109,1392,3
110,14,26
110,98,26
110,126,2
112,38,24
112,288,17
112,337,10
112,392,3
112,402,12
112,364,26
113,86,17
113,795,17
120,146,21
122,524,27
122,553,3
123,772,18
124,1133,3
124,1151,18
124,1204,3
124,1214,16
124,1104,27
124,1179,23
124,1511,3
126,142,27
126,171,3
126,329,3
128,231,31
128,276,3
129,107,50
129,168,51
129,249,18
129,424,17
129,632,15
129,760,21
129,783,3
129,1032,14
129,1287,14
130,121,26
130,149,2
130,231,2
130,1262,2
132,1007,8
134,57,19
134,78,16
134,96,26
134,229,14
134,335,14
135,68,28
135,98,3
135,344,3
137,0,24
138,56,21
138,167,3
138,175,3
138,229,3
138,597,3
139,82,36
139,811,36
140,158,33
141,1657,33
142,1677,21
144,100,35
146,702,23
147,101,34
147,202,24
149,206,20
150,72,15
151,85,18
151,105,18
155,436,16
155,454,27
156,35,20
156,67,14
157,23,23
157,50,30
157,278,3
157,1672,21
159,109,15
159,211,28
159,397,3
159,508,3
159,749,3
160,73,24
160,141,24
160,171,24
160,197,3
160,368,3
160,527,17
160,1078,24
161,430,14
163,420,15
164,120,3
168,238,25
168,380,26
168,1659,17
168,1861,17
172,775,3
172,734,39
174,145,26
174,2045,26
176,1258,34
177,254,13
177,453,13
177,468,2
177,993,2
178,36,21
178,151,50
178,204,3
179,261,23
184,158,17
185,440,25
186,159,18
186,384,30
186,416,3
186,505,10
186,996,18
186,1320,3
186,1446,14
187,93,28
187,123,3
187,134,27
187,372,3
187,473,3
187,786,3
188,0,18
188,126,18
188,146,2
188,787,2
188,930,2
190,111,14
190,127,40
190,196,14
190,212,2
190,422,21
190,478,21
190,1678,2
192,370,39
192,1356,2
193,126,26
193,154,3
193,348,20
193,1334,20
194,78,13
194,300,13
194,703,21
194,1664,13
194,1938,13
195,137,13
195,1194,25
198,288,33
198,1703,4
201,21,3
201,124,21
202,92,13
203,171,12
203,319,10
203,485,12
203,1145,3
204,42,24
204,95,24
204,146,20
204,302,20
204,388,24
204,437,17
204,654,20
205,693,33
205,729,4
205,879,4
206,80,18
206,100,3
206,932,23
206,957,3
207,1067,18
209,102,15
209,1374,15
209,1503,15
210,379,21
210,402,2
211,44,28
211,295,28
211,325,3
211,893,3
211,1062,3
211,1481,10
212,0,14
213,239,12
214,171,12
215,33,28
215,184,13
215,394,13
215,1429,13
215,1556,13
216,422,2
216,398,22
216,1043,2
217,1442,23
217,1698,15
218,86,28
218,116,28
218,146,3
218,244,3
218,803,3
219,0,27
219,29,3
219,698,27
219,727,3
220,31,14
220,91,14
220,107,3
221,90,27
222,0,20
222,203,20
222,225,2
224,236,12
224,357,3
224,212,16
224,489,6
226,72,25
226,99,26
226,620,24
226,1537,25
226,1687,24
228,0,20
230,142,17
230,161,3
230,357,3
231,16,18
231,97,18
231,1196,18
233,169,18
233,1315,18
235,541,23
236,286,18
236,306,2
236,311,2
236,1611,2
236,1681,2
237,96,3
237,155,17
237,227,17
237,300,30
237,333,3
237,1085,17
237,1237,3
238,59,27
239,32,14
239,175,14
239,191,3
239,1582,3
239,1840,3
240,0,21
240,189,3
240,142,45
240,1461,3
241,212,13
241,446,13
241,561,3
241,689,3
242,112,51
243,67,21
243,154,21
243,177,3
243,186,17
243,205,2
243,280,3
243,441,20
245,616,8
246,90,3
248,43,21
248,170,3
248,147,21
248,297,3
248,851,3
252,78,18
252,123,39
253,0,14
253,202,13
253,742,13
255,81,18
255,128,18
255,149,2
255,270,2
255,447,2
255,764,2
255,1261,18
258,114,19
258,135,2
258,738,2
258,793,2
259,331,28
259,361,4
260,260,39
262,947,20
264,92,28
264,271,3
264,387,2
264,591,3
264,1324,3
264,1478,3
265,354,3
265,523,3
265,490,31
267,0,30
267,222,3
267,185,35
267,1226,3
268,0,24
268,269,21
268,340,3
268,314,24
268,292,3
268,903,3
269,108,35
269,145,3
270,113,25
270,141,2
270,1938,2
271,0,12
271,67,19
271,168,13
271,264,20
271,606,13
271,641,19
272,206,3
272,182,22
272,663,3
272,1373,3
272,1621,3
273,31,16
273,219,27
273,248,2
273,375,24
273,401,3
273,470,2
273,577,28
273,607,4
273,824,4
273,957,2
273,1110,3
274,116,32
274,150,3
275,94,18
275,845,2
275,1240,15
275,1296,2
276,94,20
276,198,20
276,729,10
276,1497,21
278,199,21
280,247,3
280,381,14
281,1077,3
282,726,15
283,343,22
284,611,4
284,812,4
284,2412,4
286,134,20
286,156,2
286,413,20
286,915,4
286,896,17
287,1392,15
289,516,32
289,566,26
289,1324,20
290,67,21
290,218,21
290,1064,13
290,1458,13
290,1599,13
290,1748,13
291,116,25
291,351,31
292,91,15
292,108,3
292,117,28
292,507,15
294,107,4
294,119,46
294,86,19
295,162,3
295,123,37
295,504,3
295,876,3
295,2185,3
297,39,38
297,749,16
299,62,3
299,299,3
301,726,13
302,266,25
302,527,16
305,67,25
307,178,22
307,1054,20
308,0,28
308,30,28
308,60,3
308,318,3
308,612,3
310,40,27
310,154,27
310,277,23
310,302,3
310,780,30
310,812,3
310,818,3
310,984,3
310,1394,27
310,1423,2
311,125,19
311,146,3
311,880,3
311,862,16
311,1095,3
311,1210,3
311,1348,3
312,562,23
313,73,25
314,23,34
314,257,25
315,1168,2
315,1154,12
317,91,23
317,207,23
317,657,23
317,685,30
317,955,18
318,165,6
318,111,52
318,793,7
318,739,52
319,716,21
319,739,2
320,24,20
320,136,24
320,189,16
321,158,26
321,191,46
321,1057,12
321,1121,16
323,98,33
324,153,13
324,401,22
324,656,18
324,1527,13
326,398,24
327,90,18
327,111,2
327,748,2
329,91,17
330,72,24
330,98,23
330,530,22
330,555,18
330,665,35
330,703,2
330,825,2
330,847,3
330,955,2
330,1625,3
330,1854,2
330,1956,3
330,2024,2
330,2168,2
330,2185,14
330,2902,2
332,162,4
332,126,34
334,33,18
334,126,18
334,146,18
334,545,18
334,905,18
334,971,18
334,1134,18
335,232,18
335,396,21
335,419,3
335,1587,3
338,1336,15
338,1939,15
339,1108,16
341,84,24
341,135,24
341,308,24
341,384,24
341,560,24
341,1302,24
342,1,39
342,41,4
344,43,18
347,61,24
347,91,24
347,117,3
347,128,25
347,342,3
347,1105,4
348,72,13
348,507,26
348,544,13
348,852,13
348,891,14
348,1500,25
348,1632,13
349,27,18
349,109,18
349,129,2
349,857,37
349,1084,2
350,105,26
350,159,26
350,269,9
350,415,4
350,553,4
350,661,4
350,1520,4
351,161,3
351,137,22
352,77,26
352,202,15
352,647,27
353,89,6
353,100,15
353,426,15
353,457,27
354,1774,18
355,51,18
355,86,42
355,204,49
355,256,6
355,420,15
355,584,15
355,784,2
356,268,15
356,285,2
356,1681,2
357,0,19
357,549,39
359,334,29
359,365,2
359,1012,2
360,26,16
360,44,16
360,62,3
360,205,3
360,911,18
362,11,25
363,310,17
363,954,17
365,184,35
365,221,3
365,1165,3
365,1885,3
365,1996,27
366,26,18
366,46,18
366,67,2
366,219,29
366,251,3
366,283,2
366,414,2
366,486,2
366,524,2
366,939,2
366,1004,2
366,1094,2
368,117,26
368,228,26
368,433,26
368,724,17
368,1041,26
368,1132,26
368,1208,26
368,1236,2
368,1491,26
368,1834,26
371,55,68
371,207,27
371,489,18
372,136,41
372,179,3
372,227,2
372,207,18
372,1837,32
373,849,13
373,999,25
373,1080,26
373,1947,11
374,65,19
374,86,4
374,179,46
376,44,15
376,81,15
376,98,3
376,176,3
376,492,18
376,532,3
376,621,3
378,92,22
379,52,29
379,287,9
379,298,15
379,457,29
379,526,9
379,537,23
379,562,15
380,0,21
380,40,9
380,64,21
380,87,2
380,114,28
380,160,21
380,257,29
380,319,21
380,476,9
380,1014,3
380,1349,13
380,1435,2
380,1594,2
380,2424,3
381,1582,16
382,707,19
382,1934,12
383,88,15
383,731,15
383,748,13
383,1394,15
385,136,22
385,160,3
385,955,3
385,1696,3
387,137,12
387,152,5
387,1792,12
390,0,34
390,39,21
390,552,34
391,1939,20
393,40,18
393,208,21
393,231,3
393,247,17
393,266,2
393,488,3
393,966,6
393,1084,3
394,293,15
394,599,15
395,145,15
395,162,2
397,730,14
398,212,3
398,181,29
398,1288,3
399,1507,14
400,494,50
400,546,2
401,310,7
402,94,8
402,133,8
403,0,28
403,72,3
403,312,3
403,1522,3
404,738,3
405,112,15
405,129,2
405,366,2
405,1011,2
406,78,21
408,0,19
408,147,17
408,275,17
408,1010,19
409,1308,3
410,121,21
410,144,27
410,173,2
410,295,22
410,478,2
410,726,21
410,784,17
410,803,2
410,914,2
412,66,3
412,43,21
412,303,22
412,1808,3
414,591,14
414,1021,15
416,50,15
416,124,15
416,141,3
416,442,3
418,62,22
418,442,22
418,466,3
418,774,3
419,0,29
419,121,29
419,737,18
419,841,18
420,512,1
420,744,1
420,1250,1
421,49,22
421,73,3
421,206,3
421,515,3
424,224,30
426,1,20
428,274,22
431,447,13
432,22,21
432,102,16
432,733,18
433,46,16
433,106,16
433,610,16
433,1937,17
434,86,27
434,115,3
434,269,3
435,1292,17
436,127,13
436,170,12
436,184,2
438,26,20
438,51,28
438,124,38
438,164,4
439,70,27
440,0,44
440,262,2
440,661,14
440,862,6
440,1036,15
440,1191,2
441,371,17
441,766,3
441,736,28
441,1118,21
441,1326,3
441,1810,18
441,1830,2
441,1960,2
441,2033,2
441,2480,25
441,2516,14
442,0,28
442,30,3
442,122,28
442,152,3
442,254,17
442,382,3
442,400,11
442,559,3
442,675,11
442,990,18
442,1570,3
442,1627,13
442,1676,11
442,1702,18
442,1778,18
442,2008,3
443,28,13
443,45,17
443,248,22
443,272,2
443,277,17
443,296,26
443,324,3
443,703,2
443,744,2
443,886,2
443,988,2
443,1082,6
443,1517,11
443,1533,2
443,1578,2
443,1616,9
443,1669,3
443,1737,2
443,2203,29
443,2507,3
443,2575,2
444,164,21
445,258,14
447,71,34
447,107,4
448,274,24
450,30,3
450,64,24
450,90,24
450,116,3
450,210,21
450,233,3
450,313,3
450,367,3
450,561,3
451,476,28
451,1340,13
451,1486,13
453,477,3
453,748,3
453,1186,3
454,86,24
454,222,8
454,308,15
454,388,24
454,476,24
454,890,15
454,937,24
454,1129,24
454,1339,24
454,1444,24
455,129,24
455,155,3
455,164,27
455,319,16
455,1462,3
455,1732,3
457,20,14
457,36,2
457,159,14
457,176,2
457,995,2
458,40,21
458,99,21
458,123,3
458,312,3
459,0,37
459,218,16
459,343,27
459,810,36
459,976,16
460,374,2
460,326,9
460,678,2
461,137,17
461,298,17
461,876,3
462,156,18
462,1221,18
463,244,26
463,338,17
463,451,17
464,165,21
464,211,21
464,234,3
464,519,3
464,785,3
464,884,3
464,1586,3
464,1643,3
464,1759,3
464,1836,3
464,1845,26
465,123,25
466,308,21
466,1128,3
467,23,15
467,66,15
467,320,15
467,834,15
467,965,15
468,82,26
469,0,29
469,48,21
469,108,21
469,131,3
469,687,21
469,733,3
469,795,3
470,0,44
470,90,51
470,491,24
470,517,3
470,540,15
470,949,15
470,1122,15
471,176,21
471,199,3
471,266,19
471,1322,14
474,330,17
476,53,13
476,145,21
476,168,3
476,199,13
476,324,13
476,584,13
476,1039,13
476,1567,13
476,1670,13
478,105,16
478,124,16
478,143,3
478,169,46
479,95,26
479,124,2
479,974,2
481,138,8
481,191,15
481,480,8
483,188,35
483,225,4
483,359,4
483,924,4
483,1056,4
483,1452,27
483,1988,4
483,2278,4
483,2334,4
483,2375,4
483,2440,4
484,75,35
484,386,2
485,62,18
485,207,11
485,255,18
485,333,18
485,601,18
485,815,23
485,1670,18
486,71,20
486,534,7
487,0,22
487,24,22
487,48,3
487,252,3
488,0,16
488,21,22
488,64,14
488,80,14
488,471,16
489,56,28
489,86,28
489,116,3
489,463,3
489,485,3
489,1348,3
490,398,14
490,414,2
492,350,17
493,0,39
493,163,39
493,204,4
493,1125,4
493,1324,4
495,65,24
495,95,32
495,318,26
495,626,24
495,1092,19
495,1366,16
496,372,2
496,348,22
497,17,15
497,62,3
497,74,28
497,222,3
497,1035,3
499,69,24
499,125,3
499,136,35
499,99,24
499,272,16
499,520,3
500,189,21
500,573,21
501,127,11
501,786,16
503,314,30
503,720,13
503,819,14
503,945,23
505,41,24
505,67,3
505,199,24
505,225,3
505,431,3
505,544,3
505,969,3
505,1569,3
505,1677,3
506,0,8
506,22,13
506,83,8
506,132,12
506,146,8
506,156,23
506,654,12
506,716,13
506,995,8
507,1270,25
507,1445,17
510,70,15
510,206,15
510,251,15
511,365,12
511,1064,3
512,26,16
512,385,4
513,299,2
513,282,15
513,1274,15
514,48,17
515,19,17
515,80,17
515,382,17
515,498,26
515,647,13
516,148,11
516,581,20
517,0,19
517,56,19
517,1389,19
518,14,3
518,104,21
518,128,2
518,350,2
520,495,13
520,630,13
520,894,13
520,1164,13
520,1522,14
521,40,28
521,200,28
521,230,3
521,703,3
523,178,5
523,147,29
523,218,11
523,380,3
523,357,21
523,443,26
523,471,4
523,691,3
523,662,27
523,926,5
523,1214,5
523,1380,5
524,461,22
524,485,3
524,688,28
524,718,3
524,1027,3
524,1128,3
524,1184,3
529,774,11
530,81,30
533,1344,26
533,1453,33
534,54,26
534,82,14
534,216,36
534,336,14
534,491,14
534,620,13
534,1253,14
535,75,18
536,106,21
536,129,3
536,141,27
537,59,19
537,339,10
537,816,10
537,1353,2
538,0,44
538,505,23
538,530,12
538,544,12
538,1288,20
538,1533,6
538,1541,21
538,1571,12
539,147,31
539,189,12
540,211,28
540,458,13
540,651,21
540,1576,24
540,1691,13
542,104,21
542,127,21
542,150,3
543,153,23
543,178,3
543,227,3
543,306,3
543,681,27
543,710,32
543,744,3
543,3441,20
545,22,28
546,263,3
546,228,33
546,417,3
546,422,33
546,457,3
547,211,22
547,235,3
547,556,22
547,593,35
547,630,4
547,872,3
548,78,28
548,109,28
548,139,3
548,345,3
548,1025,3
551,36,13
551,175,13
551,275,13
551,589,13
551,718,14
551,1066,13
551,1226,13
551,1440,13
551,1612,13
551,2054,13
552,108,12
554,65,15
554,544,15
554,1031,15
555,100,25
555,216,25
555,243,4
555,1732,15
556,0,26
556,411,3
556,482,26
557,0,26
557,219,13
557,388,24
557,535,20
557,1078,15
559,0,20
559,636,27
559,717,23
559,1259,27
559,1304,31
559,1353,23
561,48,21
561,107,21
561,131,3
561,266,3
561,1019,3
562,7,18
562,1241,18
562,1403,12
563,19,7
563,60,7
563,421,16
563,959,17
566,46,22
566,111,22
566,135,3
566,340,3
566,601,3
566,2020,3
568,214,20
568,385,9
569,781,27
569,1686,2
569,1802,3
572,120,14
572,277,14
572,293,2
572,698,2
573,155,34
573,342,19
574,701,17
574,946,18
576,93,17
576,266,25
576,524,4
576,601,3
576,651,4
576,572,27
576,609,40
576,499,23
576,719,13
576,745,13
576,830,13
576,970,16
576,1430,3
576,1578,13
578,55,3
578,24,29
578,101,29
578,132,3
578,254,3
578,358,3
579,11,18
579,69,18
579,89,2
579,339,2
579,531,2
579,880,4
579,1277,4
579,1373,2
580,46,29
580,77,29
580,233,21
580,260,15
580,804,29
580,1328,29
583,956,16
584,316,40
584,359,20
584,384,17
584,504,17
584,1431,3
585,401,21
585,1691,3
585,1808,3
586,110,15
586,127,15
586,601,15
587,0,32
587,90,32
587,124,4
588,24,17
588,124,17
589,1508,15
589,1822,15
590,0,33
590,72,33
590,107,4
590,830,4
591,42,3
591,10,30
591,287,3
591,255,30
591,508,3
591,615,3
591,1074,15
591,1275,4
591,1238,35
592,44,46
593,0,15
593,245,3
594,124,31
594,157,2
594,1040,2
594,2181,12
596,879,23
597,261,25
598,45,20
598,128,20
598,150,2
598,433,2
599,209,8
599,1387,15
600,38,18
600,92,18
600,113,23
600,139,2
600,359,2
600,1019,2
600,1486,2
601,669,14
602,12,15
605,53,17
605,72,3
605,83,46
605,131,3
606,0,59
608,13,43
608,1167,15
609,57,25
609,181,61
609,244,3
609,483,3
609,839,3
609,894,3
609,1448,11
609,1512,18
609,2195,3
610,624,19
611,655,2
611,631,22
612,86,25
612,113,13
612,373,13
612,1114,25
613,52,22
613,201,22
613,225,3
613,971,6
613,1047,9
613,1691,3
613,1793,12
614,22,20
614,97,20
614,119,3
614,1698,3
615,240,20
615,751,14
617,266,14
621,34,21
621,133,21
622,0,15
622,663,15
624,0,24
624,162,3
624,145,15
624,1740,3
624,1967,3
625,77,28
625,107,3
625,116,33
625,151,4
625,248,3
625,258,17
625,305,4
625,645,8
626,69,22
626,264,22
626,288,2
626,654,2
626,847,22
626,910,22
626,1032,2
626,1182,2
626,1899,2
626,2199,2
628,153,17
628,172,4
628,378,12
628,693,4
629,361,39
629,402,4
631,42,21
631,65,3
631,152,21
631,176,3
631,241,28
631,832,3
632,283,28
632,313,3
632,657,3
632,1693,3
633,394,27
633,423,3
633,429,25
633,456,3
633,466,29
633,497,3
633,937,6
633,1306,3
633,1560,3
633,1568,3
635,29,22
635,104,22
635,128,3
635,346,3
635,857,3
636,634,13
636,958,2
637,40,16
637,58,50
637,597,16
637,699,17
637,747,16
637,1240,16
638,0,21
638,564,18
638,864,2
638,903,14
638,1020,17
638,1413,9
638,1876,13
638,2034,20
639,0,17
639,948,18
639,1517,21
640,108,4
640,72,34
640,293,9
640,427,9
640,808,4
640,891,24
640,931,20
640,772,34
640,1138,35
640,1404,9
640,1415,22
640,1732,9
640,1743,24
640,2223,4
644,0,24
645,40,20
646,148,12
646,387,20
646,410,17
647,87,48
647,137,7
647,266,14
647,706,17
647,1216,17
648,123,18
649,31,25
649,150,30
649,204,17
649,697,13
650,161,30
650,193,3
651,1,30
652,171,12
652,278,27
652,185,2
653,491,17
653,864,17
654,498,25
655,576,14
655,672,13
655,761,12
655,775,17
655,1218,13
656,164,27
656,193,7
656,573,3
657,33,28
662,53,27
662,103,27
662,132,3
663,0,38
663,86,27
663,115,3
663,124,25
663,151,3
663,586,3
663,611,3
663,699,3
663,1003,43
663,1198,7
665,57,27
665,110,27
665,139,3
665,459,3
665,690,3
665,741,3
666,12,27
668,0,13
668,399,3
672,24,3
672,111,34
673,34,18
673,233,18
673,913,18
674,0,18
674,432,18
674,703,18
676,0,20
676,118,33
676,153,4
676,250,27
676,279,3
677,149,14
678,16,44
680,577,8
680,752,8
681,74,15
681,188,15
681,676,15
681,917,15
682,31,25
682,118,25
682,145,4
683,417,21
683,440,25
685,22,27
685,74,18
685,119,27
685,148,3
685,235,3
686,0,39
688,0,45
688,64,15
691,102,15
691,142,15
691,159,3
691,242,3
691,470,20
691,492,18
691,847,3
691,1386,3
693,192,12
695,156,17
695,808,13
696,231,25
696,258,4
696,1294,4
697,25,24
697,131,24
697,571,24
697,860,18
698,143,33
698,347,14
698,379,18
698,555,14
702,134,18
702,155,2
703,82,26
703,110,3
703,616,17
704,1110,13
708,0,28
708,142,3
708,112,28
708,1666,3
709,155,25
709,187,28
710,683,17
710,1051,3
711,147,6
712,57,26
712,85,3
713,89,24
713,115,3
713,124,25
713,151,3
713,1370,7
713,1684,34
713,1720,17
714,452,25
715,182,14
717,350,15
717,367,3
717,574,3
717,1970,3
718,193,82
719,291,22
720,124,15
720,1042,24
721,118,28
722,48,16
722,218,16
722,239,27
722,293,16
722,315,2
724,59,16
724,135,20
724,157,3
724,1391,27
725,66,38
725,115,38
725,155,3
725,163,3
725,282,3
725,1212,3
725,1316,7
725,1347,3
725,1426,3
725,1466,3
725,1653,3
726,45,20
726,169,20
726,401,20
726,599,15
726,1220,20
727,41,21
727,108,21
727,131,3
727,401,3
727,578,24
727,878,3
727,987,19
727,1035,3
727,1178,3
727,1269,3
728,160,19
729,131,28
729,161,28
729,731,28
729,1745,28
730,62,5
731,174,2
731,154,18
731,314,2
731,857,2
733,129,18
734,98,17
734,141,16
734,187,17
736,132,38
736,172,5
736,396,20
736,847,42
736,891,37
736,930,29
738,53,20
738,537,3
739,1,21
739,59,21
739,82,3
739,364,3
739,457,3
739,601,3
739,701,3
739,831,3
739,1455,3
739,1601,3
739,1825,3
739,1881,3
739,1969,3
740,212,29
740,243,3
740,330,3
740,496,3
740,1347,3
740,1578,3
741,0,43
741,138,43
742,1655,16
742,1688,19
743,153,18
743,449,18
743,770,18
743,928,17
744,234,13
744,988,13
745,124,15
745,232,15
745,1251,12
745,1676,11
746,253,20
748,1378,27
749,91,17
749,110,17
749,129,4
749,672,4
749,1094,4
749,1387,4
751,27,14
751,288,14
754,22,12
755,55,25
755,213,26
755,291,22
755,744,3
757,1600,12
758,75,8
758,549,8
759,4,18
760,70,51
761,108,30
761,332,30
762,15,28
762,138,28
762,168,3
762,568,3
762,887,3
762,924,3
762,1283,3
763,40,22
763,64,22
763,88,3
763,273,3
763,380,3
763,483,3
763,509,3
763,654,3
763,729,3
763,878,3
763,987,3
763,1191,28
763,1270,3
764,101,38
764,141,3
764,149,26
765,0,26
765,135,12
765,1387,13
765,1402,3
765,1474,12
765,1651,3
766,0,24
766,189,3
766,255,11
766,170,17
766,1024,11
766,1102,3
766,1353,3
766,1517,3
766,2004,11
766,2048,3
766,2201,11
766,2276,11
766,2359,11
766,2521,10
770,87,12
770,381,22
771,311,3
771,497,3
772,92,18
772,140,18
773,171,3
773,143,26
773,558,3
773,544,12
773,978,10
774,48,13
775,293,20
775,1218,42
775,2080,18
775,2208,25
775,2292,18
775,2657,18
775,5639,20
775,5661,18
775,5704,23
776,137,17
776,224,3
776,192,30
776,156,3
776,1447,17
777,30,22
777,429,3
777,100,22
777,837,3
777,919,3
778,29,18
778,104,18
778,124,2
778,500,2
779,92,13
779,609,13
779,738,17
779,1627,13
780,48,39
780,452,39
780,494,4
780,598,4
781,242,3
781,215,25
781,667,3
782,59,15
782,134,15
782,428,15
784,708,17
785,50,18
785,169,18
785,281,18
785,312,4
785,441,18
785,1063,4
786,17,20
786,55,20
786,77,3
786,506,18
786,585,3
786,735,3
788,56,15
788,198,15
788,215,14
788,468,14
788,745,15
788,1006,14
788,1281,14
788,1453,15
788,1637,15
788,1863,14
788,2136,14
788,2300,14
789,73,31
790,349,17
790,369,3
790,1136,3
791,85,36
791,123,30
791,155,2
791,202,15
791,230,14
791,246,36
791,284,4
791,427,4
791,402,23
791,598,12
791,869,36
791,907,4
792,50,14
792,647,14
792,750,14
792,890,14
792,990,14
793,0,22
793,48,22
793,73,3
793,208,3
793,360,3
793,568,3
794,985,3
794,953,30
794,1240,3
795,75,15
796,79,15
796,814,15
797,53,25
797,288,36
797,327,3
797,906,19
797,976,3
799,57,24
799,172,15
799,2355,15
800,0,25
800,103,25
800,664,21
800,973,25
801,0,26
801,163,3
801,135,26
801,1255,3
801,1480,13
803,1424,19
805,15,21
807,66,30
807,388,3
807,1649,3
809,29,17
809,61,17
809,616,17
809,907,17
810,124,9
811,107,13
813,219,26
813,654,21
813,677,3
814,31,22
818,151,19
818,841,26
818,1443,28
818,1793,28
821,57,23
821,121,9
821,184,20
821,391,2
821,399,23
821,424,3
821,369,20
821,1403,22
821,2625,14
823,40,13
823,182,13
823,746,33
823,992,13
823,1066,24
823,1636,13
824,0,26
825,0,24
825,45,24
825,100,24
825,284,24
825,569,24
825,674,24
825,855,24
825,1079,24
825,1108,25
825,1169,11
825,1182,24
825,1518,24
825,1617,24
827,142,27
827,171,2
827,2001,8
827,2130,20
828,173,17
829,160,20
829,182,3
829,1318,3
831,103,20
831,125,13
831,509,20
831,717,3
832,256,2
832,239,15
833,336,2
833,305,29
833,1305,2
833,1454,2
834,66,16
834,131,16
834,149,2
835,275,22
835,413,21
837,874,21
837,906,21
840,128,26
840,676,15
840,717,23
840,742,17
840,820,28
840,880,15
841,948,14
842,0,42
842,140,16
843,161,3
843,138,21
843,430,7
843,1125,17
844,87,16
844,118,16
844,141,27
844,206,26
844,300,16
846,177,15
846,195,3
846,210,21
846,234,3
846,450,3
846,1667,21
847,2180,20
849,30,18
849,162,20
849,184,2
849,901,2
849,1366,2
850,114,15
850,279,8
851,0,16
851,60,44
851,144,51
851,379,16
851,403,15
851,703,15
851,1098,2
851,1128,15
852,349,10
852,1051,10
852,1394,22
852,1418,3
853,36,16
853,801,13
853,986,13
853,1379,16
854,51,18
854,176,18
854,363,18
854,701,18
854,969,18
854,1129,18
855,100,24
855,271,24
855,503,24
855,1463,3
855,1538,14
855,1740,3
856,81,25
856,246,25
856,727,25
856,2388,25
856,2697,17
857,61,17
857,80,17
857,616,17
858,74,27
858,103,27
858,132,3
858,484,3
859,4,16
859,112,16
859,235,13
859,719,16
860,0,28
861,0,28
861,114,28
861,144,3
861,155,27
861,612,3
861,1673,3
862,114,34
862,254,20
862,276,3
862,539,3
862,2084,3
863,0,29
863,152,29
863,615,2
864,114,18
864,230,18
864,634,8
865,41,18
865,94,18
865,115,2
865,234,2
866,112,18
867,84,17
867,462,17
867,1114,19
868,96,15
868,477,24
869,32,20
869,264,19
869,294,30
869,326,3
869,332,21
869,355,3
871,248,51
871,458,15
872,317,13
874,13,40
874,192,40
874,234,7
874,879,7
874,1822,7
874,2032,7
875,121,28
875,151,3
875,492,3
875,1087,3
875,1232,3
876,0,43
876,49,17
876,92,17
876,114,57
876,261,17
876,697,17
876,1325,17
876,1997,17
877,158,5
877,127,29
877,415,5
877,545,5
877,886,5
877,1318,5
877,1568,5
878,23,18
878,44,18
878,63,2
878,625,2
878,740,2
879,94,17
879,113,3
879,253,3
879,1286,3
879,1375,3
879,1393,3
880,104,28
880,663,12
882,42,28
882,329,33
882,376,30
882,408,28
882,438,3
882,620,3
882,656,3
882,747,33
882,782,4
882,1376,3
882,1345,29
883,521,25
883,558,27
883,998,27
884,96,27
884,255,16
890,27,13
890,782,13
891,42,10
892,0,22
892,168,22
893,0,35
893,40,18
893,76,33
893,114,30
893,154,33
893,189,4
893,268,20
893,475,4
893,562,4
893,1124,35
893,1280,20
893,1304,4
893,1338,11
893,1351,18
894,0,20
894,89,20
894,111,2
894,256,21
894,481,2
894,627,2
894,783,2
894,857,2
894,1071,2
894,1177,2
895,30,17
895,58,17
895,78,2
897,342,28
897,701,15
898,49,24
899,513,8
899,523,25
900,117,21
900,152,21
900,188,3
900,599,3
900,656,3
900,719,3
900,1113,20
900,1365,3
901,57,22
902,1761,13
903,115,18
903,135,25
903,654,21
903,677,3
905,0,32
905,101,32
905,148,29
905,135,3
905,430,29
905,531,3
905,806,21
906,301,28
906,331,3
906,369,18
906,408,16
906,426,3
907,30,22
907,265,22
907,289,2
907,525,2
907,663,2
907,984,2
907,1153,2
907,1296,2
907,1437,2
907,1538,2
907,1761,2
908,49,29
908,123,5
908,244,28
908,92,29
908,418,5
908,934,5
908,1004,3
908,1159,3
908,2228,5
908,2337,5
909,1284,2
910,0,23
910,124,12
910,494,28
910,945,28
910,1519,12
912,80,27
912,205,27
912,235,3
912,328,3
912,484,3
912,1180,3
912,1275,3
915,85,14
916,212,21
916,235,3
916,1636,3
917,0,24
920,57,13
920,223,13
920,238,3
920,651,3
921,62,18
921,990,20
921,1238,18
921,1476,18
921,1613,14
921,1958,18
922,214,26
923,27,24
923,58,24
923,84,3
923,391,4
923,577,3
923,794,3
923,993,3
924,0,22
924,108,31
924,2150,20
925,0,18
925,202,17
926,182,18
926,519,12
926,1343,12
927,130,18
927,184,18
927,812,9
928,231,9
928,1055,14
929,237,20
930,87,21
930,110,3
930,121,27
930,252,3
931,65,18
932,233,19
932,254,2
932,822,2
932,1097,2
933,31,3
933,78,30
933,110,3
933,308,5
933,429,3
933,270,36
933,705,20
933,871,9
934,223,2
934,213,8
935,315,3
935,169,29
935,784,17
935,1077,13
935,1258,3
935,1374,3
935,1391,17
935,1735,13
936,33,17
936,1060,19
936,1410,3
938,95,51
938,782,14
939,21,26
939,70,35
939,107,3
939,440,18
939,750,15
939,912,15
940,47,25
941,202,30
941,235,3
941,1396,17
941,1667,3
942,137,3
942,107,28
942,581,3
942,1087,3
943,14,26
944,188,2
944,162,24
945,0,22
945,388,21
946,132,30
946,165,3
946,321,17
947,105,16
947,245,16
947,263,2
947,315,2
947,1371,2
947,1589,2
948,108,21
948,131,3
948,276,11
948,301,38
948,371,3
948,1668,3
948,1843,3
949,71,28
949,101,3
949,323,28
950,131,13
952,297,14
953,324,32
954,128,2
954,110,16
954,462,2
955,0,38
955,80,30
955,112,3
955,123,41
956,115,26
956,185,26
956,213,3
956,219,15
956,236,2
956,244,18
956,264,2
956,1060,2
956,1283,2
956,1496,2
957,344,25
957,371,3
957,1475,3
957,1742,2
958,18,22
958,339,22
958,363,3
958,444,3
958,482,3
958,734,3
958,847,3
960,693,21
961,157,24
961,299,24
961,325,3
961,758,5
961,840,24
961,1746,4
961,1964,3
962,53,32
962,87,3
962,276,3
962,585,3
962,884,3
963,181,25
963,873,3
963,1013,3
964,271,30
964,304,3
966,0,27
967,205,17
967,572,17
969,0,29
969,97,30
969,155,18
969,129,7
969,1626,3
971,23,18
971,93,2
971,387,2
974,399,3
974,369,28
975,108,26
975,828,15
975,1126,15
976,169,3
976,146,21
976,452,3
976,788,3
977,357,29
978,28,13
978,293,13
978,453,25
978,576,13
978,1694,28
978,1851,13
978,2048,13
979,147,25
979,195,28
979,174,4
980,67,14
980,103,14
980,277,14
980,464,14
981,61,7
981,626,7
981,1276,3
982,37,30
982,69,30
982,101,3
982,472,3
983,755,10
983,1258,27
984,56,15
984,326,15
986,85,18
986,874,22
987,24,14
987,61,28
987,143,30
987,175,3
987,286,18
987,657,14
987,676,28
987,708,3
987,917,3
987,1014,14
987,1032,3
987,1101,3
987,1167,14
987,1268,17
987,1407,3
987,1586,3
988,503,26
988,531,3
991,43,13
991,1053,2
992,104,23
992,129,3
993,387,22
993,412,3
993,502,11
994,1232,13
994,1335,12
995,22,38
995,137,40
995,189,39
995,230,4
995,240,47
995,289,4
995,641,44
995,901,38
995,944,4
996,246,28
996,1566,13
996,1635,14
996,1705,13
998,153,5
998,122,29
998,371,5
998,416,5
998,1598,5
1001,70,27
1001,131,3
1001,269,26
1001,107,22
1001,343,21
1001,620,16
1001,1110,11
1001,1764,20
1005,964,1
1006,396,14
1007,125,12
1007,497,35
1007,534,27
1007,624,18
1007,1579,18
1007,1702,20
1009,62,13
1009,107,27
1009,254,13
1009,269,2
1009,313,27
1009,342,3
1009,707,2
1009,1223,2
1011,169,28
1011,211,28
1014,389,13
1015,696,31
1015,797,22
1015,1905,16
1016,232,3
1016,241,18
1016,261,2
1016,207,23
1016,645,20
1016,752,17
1017,91,29
1017,122,3
1017,456,3
1018,937,15
1020,72,28
1020,102,3
1020,108,28
1020,138,3
1020,320,3
1020,581,3
1021,1180,18
1022,201,27
1022,709,18
1024,19,28
1026,153,3
1026,124,27
1026,1109,3
1028,21,44
1028,110,15
1030,180,18
1032,96,30
1032,128,30
1032,160,3
1032,680,3
1034,0,19
1034,133,19
1034,154,3
1034,366,9
1034,402,14
1034,808,3
1035,59,51
1035,507,37
1037,149,29
1039,82,24
1039,120,24
1039,146,3
1039,1657,3
1039,1710,24
1040,35,16
1040,53,16
1040,76,28
1040,1209,16
1043,47,21
1043,99,3
1043,108,18
1043,128,2
1043,264,3
1043,431,2
1043,696,2
1043,851,3
1043,866,2
1043,1062,2
1043,1095,3
1043,1226,2
1043,1358,3
1043,1518,2
1043,1581,2
1044,195,5
1044,149,44
1044,252,5
1045,95,28
1045,1004,28
1047,415,8
1047,425,2
1048,458,29
1050,1194,26
1050,1532,35
1051,463,3
1052,63,30
1052,254,31
1052,491,27
1052,520,3
1052,566,3
1052,720,25
1052,747,3
1052,829,3
1052,1327,3
1052,1355,3
1052,1391,3
1053,304,21
1054,81,16
1054,814,16
1054,982,16
1055,0,25
1055,166,13
1055,181,25
1055,1945,14
1055,2255,14
1056,58,15
1056,100,15
1056,117,3
1056,194,3
1056,431,3
1056,1055,3
1056,1224,3
1057,214,21
1058,178,16
1058,196,2
1058,689,3
1058,675,12
1059,120,22
1059,233,22
1059,257,2
1059,532,2
1059,635,2
1059,879,2
1059,1064,2
1059,1138,2
1059,1185,2
1060,288,18
1060,308,16
1060,326,11
1060,457,21
1060,480,3
1060,1111,3
1060,1452,18
1060,1472,11
1060,1554,3
1061,1607,2
1062,14,24
1062,40,4
1062,70,24
1063,298,17
1063,671,17
1063,785,20
1063,978,20
1063,1178,28
1064,142,2
1064,122,18
1064,300,2
1064,613,2
1064,859,2
1064,2952,2
1064,3140,2
1065,33,34
1065,214,17
1065,233,3
1065,242,25
1065,269,4
1065,538,20
1065,1138,18
1066,0,8
1066,72,21
1066,536,21
1066,559,2
1066,768,2
1066,1457,2
1067,108,15
1067,125,15
1067,142,3
1067,328,3
1067,589,3
1067,673,3
1067,905,3
1067,1576,3
1067,1652,3
1068,31,27
1068,83,27
1068,112,3
1068,669,3
1069,78,41
1069,960,17
1070,454,22
1070,1077,22
1071,32,16
1071,77,17
1071,160,16
1071,243,17
1071,563,17
1071,715,17
1071,891,26
1073,1742,14
1073,2165,12
1074,0,24
1075,171,3
1075,138,31
1075,1094,14
1075,1215,10
1075,1485,14
1075,1501,14
1075,1558,9
1076,201,17
1076,734,24
1076,1241,24
1076,2170,11
1077,193,22
1077,217,3
1077,241,30
1078,61,18
1078,81,18
1078,101,2
1079,233,19
1079,254,2
1079,360,28
1079,426,2
1079,686,2
1079,1004,2
1079,1275,2
1080,68,20
1080,192,29
1080,1903,6
1081,154,28
1081,184,3
1081,508,3
1081,578,3
1081,829,23
1081,1206,21
1083,91,28
1083,250,28
1083,280,3
1083,365,3
1083,730,18
1084,620,28
1084,801,15
1084,865,21
1085,66,31
1085,99,5
1086,280,23
1087,23,29
1087,121,29
1087,160,23
1087,152,6
1089,66,13
1089,81,22
1089,780,4
1090,57,3
1090,110,31
1090,144,5
1090,349,27
1090,384,3
1090,428,5
1090,502,3
1090,654,3
1090,1091,3
1091,276,3
1091,249,25
1091,299,18
1091,418,3
1091,469,3
1091,609,3
1091,985,17
1091,1183,3
1091,1333,3
1091,1523,3
1091,1621,3
1091,1737,3
1092,88,28
1092,153,3
1092,363,3
1092,525,3
1092,572,3
1092,719,3
1092,817,3
1092,1003,3
1092,1025,11
1093,28,31
1093,61,5
1093,1454,22
1096,0,26
1096,53,26
1096,81,3
1096,489,3
1096,1136,3
1098,0,21
1099,0,24
1099,282,24
1099,309,3
1099,951,3
1100,183,30
1101,213,2
1101,198,13
1101,423,23
1101,1386,15
1103,0,57
1103,670,19
1103,796,36
1103,977,14
1103,1341,36
1103,1571,22
1103,1876,26
1103,1975,35
1103,2082,24
1104,78,19
1104,1839,8
1104,1983,15
1104,2405,20
1104,2431,14
1105,107,22
1105,208,22
1105,232,3
1105,633,3
1105,924,3
1105,1032,3
1105,1526,3
1105,1614,3
1105,1724,3
1107,0,22
1109,162,10
1109,489,10
1109,1231,12
1110,94,28
1110,124,3
1110,281,3
1110,380,3
1110,514,3
1110,1581,3
1110,1605,18
1111,497,27
1111,526,3
1111,534,25
1111,561,3
1111,699,3
1111,714,3
1111,1384,7
1112,189,13
1112,248,13
1112,330,13
1112,1246,13
1112,1349,14
1112,1464,14
1113,508,15
1116,200,3
1116,177,21
1117,349,2
1117,334,13
1117,585,21
1117,1659,17
1119,0,28
1119,94,28
1119,124,3
1119,166,27
1119,458,3
1119,1260,3
1119,1355,7
1119,1634,3
1119,1945,3
1120,55,17
1120,101,17
1121,48,27
1121,207,27
1121,236,2
1121,716,2
1124,142,27
1124,171,3
1124,191,14
1124,225,34
1124,586,3
1125,249,12
1125,313,21
1125,336,20
1125,360,20
1126,375,17
1126,487,17
1126,522,27
1126,1000,19
1126,1149,27
1126,1178,3
1127,908,35
1127,1100,12
1130,136,19
1131,0,18
1131,708,18
1132,51,22
1132,75,3
1132,195,22
1132,219,3
1132,280,17
1132,358,3
1132,655,3
1132,980,3
1134,33,22
1134,197,22
1134,416,22
1134,570,22
1134,1331,22
1134,1570,22
1134,1616,22
1135,145,31
1135,178,4
1136,79,22
1136,108,28
1136,1302,12
1137,73,26
1137,225,26
1137,253,4
1139,70,21
1139,361,21
1139,400,25
1139,903,21
1140,49,17
1140,145,17
1140,164,2
1140,173,27
1140,218,18
1140,353,2
1140,1084,2
1140,1829,21
1140,1852,6
1141,68,26
1141,96,32
1141,133,29
1141,296,29
1141,327,3
1141,343,29
1141,374,3
1141,654,18
1141,674,13
1141,689,13
1141,707,16
1141,1035,13
1141,1050,27
1141,1082,12
1141,1190,27
1141,1450,3
1141,1724,21
1143,595,25
1144,93,3
1144,154,3
1144,131,21
1144,867,3
1144,941,3
1144,1708,3
1145,318,14
1145,335,15
1146,337,29
1146,368,3
1147,65,3
1147,35,28
1147,120,19
1147,141,3
1147,424,14
1147,1428,3
1149,184,28
1149,214,3
1149,710,3
1149,1007,2
1149,1549,3
1150,197,3
1150,751,19
1150,1210,19
1150,1529,24
1150,1555,19
1150,1737,18
1151,243,29
1151,423,3
1151,321,17
1151,641,18
1151,1189,48
1151,1242,11
1151,1621,11
1152,192,13
1152,687,15
1152,707,21
1152,777,13
1153,15,12
1153,45,8
1153,200,12
1153,475,8
1153,517,8
1153,618,8
1153,788,8
1153,866,12
1153,1159,12
1153,1366,12
1153,1396,8
1153,1486,12
1154,147,22
1155,0,21
1155,111,21
1155,134,3
1155,145,28
1155,326,3
1157,174,2
1157,157,15
1157,389,23
1157,779,2
1158,260,17
1158,845,13
1159,0,20
1159,22,13
1159,37,2
1159,73,25
1159,100,3
1159,218,27
1159,453,2
1159,462,17
1159,667,14
1159,1092,21
1159,1185,9
1160,61,18
1160,215,18
1160,261,23
1161,105,25
1162,127,28
1162,157,3
1163,0,59
1163,76,24
1164,1654,29
1164,1686,10
1164,1703,9
1165,280,15
1165,319,18
1165,409,15
1165,1497,4
1166,327,18
1166,530,3
1166,535,35
1166,649,12
1167,85,8
1167,169,8
1167,904,31
1167,1104,8
1170,120,25
1170,1343,13
1170,1563,15
1171,157,4
1171,126,29
1171,384,39
1171,425,4
1171,543,4
1171,1403,14
1171,1513,13
1172,445,17
1172,464,15
1172,481,21
1172,504,16
1172,551,37
1172,594,15
1172,1167,17
1172,1186,15
1172,1203,21
1172,1226,16
1172,1273,37
1172,1312,15
1172,1333,24
1174,68,22
1174,100,22
1174,124,3
1174,366,3
1174,1439,3
1175,366,24
1176,13,15
1176,45,15
1176,691,15
1176,804,15
1177,47,21
1177,302,21
1177,326,3
1178,57,27
1178,86,3
1178,358,3
1178,426,3
1178,1234,3
1180,1501,16
1181,1408,16
1185,497,25
1190,0,24
1190,261,3
1191,0,16
1191,146,16
1191,169,28
1191,215,26
1191,359,34
1191,536,16
1191,596,25
1191,623,2
1191,861,16
1191,1043,16
1191,1261,16
1191,1676,16
1192,0,13
1192,78,31
1192,111,4
1192,182,3
1192,327,3
1192,479,13
1192,550,27
1192,899,13
1192,957,3
1193,131,19
1193,152,3
1193,406,2
1193,563,44
1193,739,3
1194,113,11
1194,126,8
1194,136,27
1194,203,13
1194,345,11
1194,395,8
1194,454,2
1194,471,13
1194,669,13
1194,786,13
1194,1261,16
1194,1279,2
1194,1287,20
1194,1309,3
1194,1429,2
1194,1449,3
1196,176,18
1196,197,2
1196,720,2
1197,270,3
1197,454,3
1197,813,3
1197,1146,3
1197,1632,3
1197,1844,3
1198,146,17
1198,1988,14
1199,676,22
1200,98,29
1200,129,4
1200,1046,25
1200,1143,10
1202,45,14
1202,282,14
1202,355,17
1204,0,15
1204,34,28
1204,64,28
1204,94,3
1204,236,3
1205,0,22
1206,82,20
1206,270,20
1206,292,3
1208,207,24
1208,1031,24
1210,46,20
1210,154,20
1210,176,2
1210,378,22
1210,415,2
1210,473,2
1210,659,2
1210,1350,2
1210,1496,2
1210,1669,2
1214,14,17
1215,32,21
1215,126,8
1215,136,8
1215,150,13
1215,220,21
1215,244,3
1215,623,13
1215,986,3
1215,1032,8
1215,1043,8
1215,1286,3
1216,0,38
1216,89,20
1217,160,13
1217,304,13
1218,1166,3
1218,1149,15
1219,0,45
1219,132,45
1219,191,28
1219,179,4
1220,192,39
1220,924,20
1220,1065,18
1221,783,21
1221,1668,16
1221,1689,21
1222,149,14
1222,671,14
1224,91,22
1224,338,22
1224,362,3
1224,436,3
1224,567,3
1224,716,3
1225,311,13
1225,564,13
1226,94,8
1226,261,15
1227,0,30
1227,148,30
1227,180,3
1227,285,10
1227,564,22
1227,588,25
1228,97,18
1228,122,17
1228,263,21
1229,24,3
1229,131,15
1229,148,3
1229,384,3
1229,421,3
1229,719,3
1229,995,3
1229,1065,3
1229,1290,3
1231,19,14
1231,55,14
1231,71,2
1232,125,13
1232,186,13
1232,460,13
1233,32,21
1233,138,3
1233,258,3
1233,115,21
1233,826,3
1233,941,3
1233,1037,3
1233,1397,3
1233,1898,3
1236,24,38
1236,67,18
1237,90,3
1237,180,26
1237,231,17
1237,276,30
1237,308,3
1237,340,19
1237,416,3
1237,558,26
1237,208,3
1237,904,17
1237,1231,19
1237,1268,14
1237,1324,14
1237,1477,24
1237,1558,3
1237,1648,19
1238,170,27
1238,199,3
1240,1128,15
1241,54,18
1241,81,18
1242,0,51
1242,60,21
1242,299,21
1242,375,8
1242,1012,21
1242,1054,21
1242,1133,28
1243,44,18
1243,391,18
1243,473,15
1243,490,16
1243,605,19
1243,626,33
1243,896,20
1243,1730,18
1244,638,17
1246,31,18
1246,77,18
1246,97,2
1246,704,2
1246,898,2
1247,62,22
1247,619,22
1247,643,2
1247,769,2
1247,1216,2
1247,1448,2
1247,1548,2
1247,1644,2
1247,1930,2
1248,45,16
1248,67,22
1248,91,28
1248,121,2
1248,1831,31
1249,67,20
1249,455,20
1249,873,20
1249,1023,20
1250,66,17
1250,85,17
1250,104,2
1250,203,2
1250,568,2
1250,1091,2
1250,1409,2
1251,358,20
1251,381,3
1251,422,3
1251,475,11
1251,514,3
1251,861,4
1251,982,4
1251,1025,3
1251,1492,3
1251,1548,2
1251,1598,2
1252,105,21
1252,206,13
1252,365,13
1252,644,21
1253,59,22
1253,221,22
1253,245,2
1253,571,2
1253,654,2
1253,790,22
1253,1332,2
1254,0,18
1254,165,28
1254,473,20
1254,495,2
1254,1014,2
1255,500,12
1255,768,19
1256,0,18
1256,78,18
1256,206,18
1256,226,2
1256,667,2
1256,695,2
1256,711,35
1257,195,15
1257,1353,24
1258,24,51
1259,71,23
1259,100,23
1259,125,3
1259,438,3
1260,283,4
1260,238,43
1261,35,18
1261,319,18
1262,0,21
1262,35,21
1263,0,30
1264,66,15
1264,525,15
1264,1219,17
1264,1321,15
1265,25,18
1265,145,18
1265,480,2
1266,250,13
1266,852,23
1267,72,17
1268,115,17
1268,475,30
1268,507,3
1268,705,17
1269,17,21
1269,40,21
1269,63,2
1269,96,28
1269,274,2
1269,340,13
1270,0,21
1270,216,13
1270,311,21
1270,335,3
1270,1270,3
1271,0,15
1271,128,26
1271,337,10
1271,375,17
1271,1336,15
1271,1453,27
1271,1482,17
1271,1538,15
1272,158,3
1272,136,20
1273,128,3
1273,145,3
1273,872,3
1273,906,3
1273,1179,3
1273,1187,3
1273,1276,3
1274,179,21
1274,315,17
1274,422,17
1274,1447,17
1274,1527,17
1274,1747,17
1275,0,29
1275,274,29
1276,0,22
1276,247,22
1276,271,2
1276,473,2
1276,543,2
1276,857,2
1276,1464,2
1276,1541,2
1276,1749,2
1277,190,30
1277,222,3
1278,172,35
1278,209,3
1278,1136,3
1278,1712,3
1279,0,15
1280,323,2
1280,307,14
1280,857,2
1280,1120,2
1280,1194,8
1282,71,21
1282,102,21
1282,125,3
1282,452,3
1282,612,3
1282,767,3
1282,1149,3
1282,1471,3
1282,1688,3
1283,342,30
1283,374,3
1283,480,9
1283,867,3
1284,1261,24
1285,89,21
1285,357,21
1285,380,3
1285,557,3
1285,637,30
1285,919,3
1285,1205,6
1285,1373,6
1285,1643,3
1285,1702,21
1287,65,29
1287,127,5
1287,96,29
1287,253,5
1287,467,5
1287,536,12
1287,911,5
1287,1149,5
1287,1313,5
1288,81,13
1288,99,21
1288,517,18
1288,546,13
1288,564,21
1288,587,2
1290,35,14
1290,145,14
1290,161,3
1291,45,17
1291,128,21
1292,55,20
1292,414,20
1292,1068,39
1293,774,20
1295,97,13
1295,214,13
1295,1634,13
1295,1856,13
1296,0,18
1296,42,17
1296,73,18
1296,246,17
1296,712,19
1296,1096,17
1297,611,18
1297,1755,18
1298,0,13
1298,95,13
1298,1148,13
1298,1412,13
1299,79,20
1299,229,20
1299,453,20
1299,994,20
1300,128,18
1300,148,3
1300,658,19
1301,60,18
1301,148,18
1301,168,2
1301,435,2
1301,565,2
1301,851,2
1301,855,12
1301,1380,2
1302,135,27
1302,164,3
1302,492,3
1302,641,3
1302,1457,18
1302,1567,3
1304,4,39
1304,105,39
1304,146,4
1304,386,4
1304,995,4
1305,134,19
1305,341,29
1305,372,2
1305,549,2
1305,605,2
1305,722,2
1305,838,2
1305,1135,2
1305,1341,13
1305,1502,13
1305,1537,2
1306,54,26
1306,152,3
1306,234,2
1306,124,26
1306,210,22
1306,327,3
1306,860,3
1307,63,18
1307,700,22
1307,822,18
1308,119,20
1308,141,25
1308,168,3
1308,179,36
1308,221,13
1308,1031,20
1308,1492,44
1311,163,20
1311,185,2
1311,669,3
1312,111,22
1312,135,3
1312,457,3
1315,278,16
1315,296,3
1315,1605,29
1316,361,32
1316,839,17
1316,1093,3
1316,1151,3
1316,1072,19
1316,1460,3
1317,31,19
1319,410,5
1319,797,2
1319,773,22
1319,829,2
1320,153,26
1321,0,18
1321,20,8
1321,161,8
1321,171,18
1321,202,20
1321,565,8
1321,603,18
1321,749,18
1321,968,20
1321,1463,20
1321,1517,18
1322,100,24
1322,865,11
1322,1543,16
1323,112,14
1323,244,14
1323,432,20
1325,40,16
1325,58,16
1325,735,16
1325,1071,16
1326,33,14
1327,352,12
1328,0,23
1330,44,15
1331,70,18
1331,100,18
1331,696,27
1331,1030,18
1331,1118,18
1331,1565,18
1332,350,14
1332,367,2
1332,674,19
1332,1169,2
1335,0,18
1335,114,18
1335,135,2
1335,408,4
1335,1313,4
1336,57,18
1336,144,18
1336,165,2
1336,311,2
1336,531,2
1336,729,2
1336,931,2
1336,1274,2
1338,572,23
1338,784,20
1338,1088,23
1339,68,33
1339,173,33
1339,209,4
1339,1183,4
1339,1478,4
1339,1712,4
1340,117,21
1340,140,21
1340,163,3
1340,309,11
1340,431,3
1340,1221,3
1340,1608,19
1340,1810,3
1341,223,20
1341,583,13
1341,645,13
1344,52,40
1344,94,40
1344,136,4
1344,372,32
1344,406,3
1344,1362,4
1345,392,16
1345,604,24
1345,855,13
1346,283,2
1346,252,29
1348,27,25
1348,173,25
1348,1925,3
1349,18,29
1349,69,28
1349,99,3
1349,273,29
1349,1179,11
1350,104,3
1350,74,28
1350,981,21
1351,102,28
1351,285,28
1351,316,3
1351,474,27
1351,578,3
1351,706,18
1351,772,21
1352,1052,18
1352,1105,16
1352,1185,18
1352,1390,18
1353,0,28
1353,105,28
1353,140,28
1353,926,3
1356,439,2
1356,1636,2
1356,1660,2
1357,143,25
1357,608,25
1358,0,11
1358,163,11
1358,176,2
1358,181,30
1358,310,11
1358,489,8
1358,499,13
1358,1340,11
1359,64,27
1359,270,37
1360,309,1
1361,174,18
1361,195,2
1361,325,2
1361,954,2
1361,1179,2
1362,642,28
1362,1010,14
1362,1169,13
1362,1320,15
1363,0,21
1363,100,50
1363,153,3
1363,178,42
1363,249,3
1363,1116,12
1364,1166,20
1365,61,21
1365,84,21
1365,107,3
1365,193,18
1365,235,18
1365,371,3
1365,514,3
1365,547,3
1365,1200,3
1365,1437,3
1365,1417,18
1366,73,14
1366,189,14
1367,1413,3
1368,0,27
1368,89,27
1368,1122,27
1369,121,30
1369,153,3
1369,354,15
1369,756,3
1369,1574,3
1371,91,18
1372,116,19
1372,137,19
1372,158,3
1372,694,3
1373,0,18
1374,99,12
1374,602,5
1374,709,5
1374,783,3
1374,1187,5
1374,1224,10
1374,1290,6
1374,1401,5
1374,1511,5
1375,0,26
1376,303,3
1376,279,22
1376,681,3
1377,20,8
1377,64,17
1377,177,8
1377,187,19
1377,263,8
1377,569,18
1378,24,13
1378,158,13
1378,278,13
1378,471,14
1378,634,13
1379,0,25
1379,73,25
1379,100,3
1379,167,28
1379,279,25
1380,75,14
1380,91,14
1380,107,3
1380,393,3
1381,268,3
1381,234,32
1381,801,3
1382,594,3
1383,16,21
1383,161,21
1383,217,21
1383,240,3
1383,184,3
1383,777,3
1385,612,17
1385,1093,25
1385,1849,17
1386,38,29
1386,69,22
1386,93,5
1386,638,21
1386,661,3
1386,667,17
1386,1861,27
1387,118,18
1388,107,30
1388,139,3
1388,409,3
1388,437,3
1388,522,3
1388,697,22
1388,1522,3
1389,114,16
1389,137,28
1390,32,25
1390,374,3
1392,1005,3
1393,934,14
1393,1000,14
1394,74,26
1394,102,2
1394,274,17
1394,303,15
1394,715,2
1396,46,17
1396,154,17
1396,465,17
1396,691,19
1396,1829,17
1396,1956,19
1397,69,12
1397,1575,3
1397,1718,12
1398,171,26
1399,72,3
1399,77,28
1399,796,12
1399,995,12
1400,136,2
1400,388,2
1400,1029,2
1401,89,22
1401,659,20
1402,96,15
1402,363,15
1402,427,15
1402,644,15
1402,813,14
1402,1281,15
1402,1548,15
1404,59,40
1404,189,27
1404,218,3
1404,226,25
1404,253,3
1404,322,16
1404,662,3
1404,790,14
1405,125,2
1405,99,24
1406,93,20
1406,161,17
1407,68,18
1407,118,18
1407,138,2
1407,430,2
1407,1520,2
1407,1662,2
1409,56,22
1409,80,22
1409,104,3
1409,459,3
1409,632,3
1409,745,3
1409,961,3
1409,1426,3
1411,197,24
1411,223,3
1415,237,15
1415,257,21
1415,1175,15
1415,1527,36
1416,0,20
1417,18,21
1417,287,21
1417,311,3
1417,380,3
1417,555,3
1417,768,3
1418,966,10
1419,88,51
1419,618,15
1419,727,15
1419,1169,15
1420,54,15
1420,95,15
1422,95,3
1422,211,3
1422,260,4
1422,179,30
1422,217,41
1422,618,17
1422,696,2
1422,793,3
1422,888,3
1422,1471,3
1425,111,14
1425,284,14
1425,769,14
1427,144,28
1427,174,3
1429,237,15
1429,528,38
1429,589,31
1430,37,28
1430,97,28
1430,127,3
1430,138,28
1430,252,3
1430,435,3
1430,1544,3
1431,16,7
1431,42,17
1431,655,21
1432,1247,11
1434,135,16
1434,783,25
1435,297,8
1435,756,8
1435,1230,8
1436,608,12
1437,119,19
1438,105,21
1438,214,21
1439,113,21
1439,283,20
1440,28,21
1440,1621,21
1441,209,17
1441,477,14
1441,493,21
1442,0,34
1442,114,16
1442,132,16
1442,150,3
1442,161,28
1442,207,19
1442,368,3
1442,505,3
1442,975,3
1442,1073,34
1443,619,30
1443,651,4
1444,50,26
1444,78,2
1444,193,2
1444,378,15
1444,579,2
1444,780,2
1445,211,4
1445,174,35
1445,2116,4
1449,61,15
1449,554,15
1449,982,15
1452,1346,15
1453,166,20
1453,188,2
1453,559,2
1454,26,15
1454,540,12
1454,930,12
1454,1061,12
1454,1158,28
1454,1241,37
1456,31,25
1456,245,25
1456,272,4
1456,877,18
1456,897,24
1456,923,3
1456,1094,26
1456,1739,3
1457,183,24
1457,209,3
1457,873,19
1457,1000,12
1457,1336,3
1458,62,17
1458,81,3
1458,511,3
1458,1017,3
1459,98,17
1459,652,9
1459,797,17
1459,1072,20
1459,1223,20
1459,1421,17
1460,264,6
1460,466,6
1460,987,6
1461,0,13
1461,17,15
1461,53,24
1461,79,15
1461,199,19
1461,405,15
1462,25,24
1462,80,24
1462,106,3
1462,155,16
1462,574,3
1463,102,14
1463,118,14
1463,134,2
1463,144,28
1463,378,2
1463,567,2
1463,1116,2
1463,1259,2
1464,54,26
1464,109,26
1464,227,12
1464,241,18
1464,137,4
1464,729,21
1467,278,3
1467,248,28
1467,517,21
1467,742,3
1467,971,3
1467,1082,3
1467,1163,3
1468,0,12
1469,302,2
1469,281,19
1469,451,2
1469,1496,37
1470,392,3
1470,373,17
1470,652,3
1471,76,26
1471,104,3
1471,493,18
1473,35,14
1473,949,13
1473,1061,14
1474,342,3
1474,310,30
1474,380,3
1474,659,17
1475,385,12
1475,445,15
1475,492,13
1476,164,27
1476,193,3
1476,241,38
1476,281,4
1476,509,12
1476,700,23
1476,837,3
1476,904,3
1476,1033,3
1476,1160,3
1476,1285,4
1477,185,22
1477,209,3
1477,383,18
1477,403,2
1477,767,3
1477,796,2
1477,1387,2
1478,38,13
1479,69,13
1479,162,13
1479,184,39
1479,1024,13
1481,0,22
1482,190,3
1482,166,22
1482,347,3
1482,406,3
1482,1216,3
1483,1133,35
1484,60,22
1484,116,22
1484,597,3
1484,851,3
1484,955,3
1487,0,22
1490,78,14
1490,726,14
1490,765,14
1491,1,21
1491,71,13
1491,702,13
1491,1089,13
1492,35,19
1492,80,19
1494,261,22
1494,285,3
1494,440,22
1494,602,3
1494,689,3
1494,1043,3
1496,488,20
1497,73,18
1497,93,2
1497,259,18
1497,280,2
1497,1295,2
1497,1435,2
1497,1780,2
1497,1887,2
1498,17,14
1498,126,14
1498,241,14
1498,461,14
1499,57,32
1499,108,20
1499,423,18
1499,443,24
1499,1441,32
1500,739,12
1501,93,13
1501,108,13
1501,1670,13
1502,69,13
1502,196,13
1502,507,13
1502,714,13
1502,786,13
1502,916,25
1502,1024,13
1502,1056,14
1502,1089,25
1502,1330,14
1502,1475,14
1502,1534,13
1503,167,16
1503,185,2
1503,444,2
1503,523,2
1504,39,24
1504,126,24
1504,152,3
1504,163,17
1504,420,3
1504,688,3
1506,291,3
1506,272,17
1507,33,22
1507,103,22
1507,127,3
1507,703,3
1507,823,3
1507,927,3
1507,1737,3
1508,386,22
1509,117,14
1513,128,33
1513,163,4
1513,533,15
1513,907,3
1514,876,20
1514,1229,15
1516,292,21
1517,387,2
1518,25,23
1518,59,23
1518,84,3
1518,199,3
1522,66,29
1522,128,3
1522,106,20
1522,399,5
1523,68,16
1523,912,16
1526,187,32
1527,77,15
1528,84,29
1528,191,5
1528,160,29
1528,409,6
1528,1499,4
1528,1638,5
1531,85,5
1531,54,29
1531,250,5
1531,799,5
1532,23,20
1532,163,20
1532,186,3
1532,246,3
1532,722,18
1532,743,2
1532,1745,3
1534,87,17
1534,185,3
1534,194,17
1534,213,2
1534,151,32
1534,289,3
1534,325,2
1534,793,3
1534,873,2
1534,927,2
1534,1104,3
1536,46,7
1536,834,11
1536,979,13
1537,1384,22
1538,277,26
1538,316,14
1538,357,14
1538,849,13
1538,975,26
1538,1098,25
1538,1294,25
1538,1379,13
1539,0,14
1539,16,14
1539,32,2
1541,734,13
1542,113,18
1543,198,27
1544,888,17
1545,56,20
1545,222,20
1547,61,18
1547,81,18
1547,102,2
1547,172,2
1547,195,2
1547,684,2
1547,871,2
1549,67,29
1549,141,5
1549,110,29
1549,515,5
1549,566,5
1549,1218,3
1549,1612,5
1549,1714,5
1551,56,17
1551,77,21
1551,175,17
1551,194,2
1551,201,21
1551,224,3
1551,297,2
1551,321,3
1551,514,3
1551,716,2
1551,1061,3
1552,121,24
1552,147,3
1552,467,3
1552,812,3
1553,66,17
1553,85,3
1553,137,3
1553,223,3
1553,573,3
1553,719,3
1554,126,2
1554,134,45
1554,109,15
1554,591,15
1554,1292,6
1554,1632,26
1555,260,30
1555,1311,3
1556,0,26
1556,182,18
1556,354,12
1556,431,25
1556,458,4
1558,473,21
1559,253,30
1559,631,30
1559,670,18
1559,693,29
1559,724,3
1559,1237,30
1559,1473,30
1560,921,20
1562,145,3
1562,170,14
1562,1541,14
1563,163,33
1563,592,13
1563,727,13
1563,853,13
1565,77,14
1565,104,14
1565,286,14
1569,267,8
1569,1735,8
1570,155,25
1570,796,25
1571,60,30
1571,164,30
1571,196,3
1571,764,19
1571,1064,3
1572,39,19
1572,77,19
1573,0,33
1574,0,18
1574,103,2
1574,179,17
1574,83,18
1574,377,30
1574,440,18
1574,548,17
1574,567,16
1574,717,2
1576,1487,20
1576,1509,31
1576,1572,17
1576,1591,18
1576,1631,21
1576,1658,18
1577,175,14
1578,0,39
1579,244,18
1579,339,14
1579,485,3
1579,461,22
1579,533,3
1579,707,3
1579,1129,3
1579,1520,3
1581,1009,3
1582,0,24
1582,125,38
1584,0,13
1584,183,8
1584,202,48
1584,256,22
1584,809,12
1584,823,14
1584,839,11
1584,852,14
1584,868,15
1584,925,15
1585,129,25
1585,575,20
1585,1410,44
1587,0,20
1587,22,29
1587,53,3
1587,692,21
1587,788,22
1587,812,18
1587,942,15
1587,1224,21
1587,1382,3
1588,25,8
1588,35,23
1591,140,28
1591,170,3
1591,360,3
1591,677,3
1591,770,15
1591,836,3
1591,968,15
1591,1133,3
1591,1337,3
1591,1410,3
1592,0,20
1592,255,20
1592,277,3
1594,0,17
1594,68,17
1594,87,2
1594,221,2
1594,309,2
1594,670,3
1594,650,18
1594,1627,2
1594,1715,2
1596,37,20
1600,44,25
1600,434,13
1600,772,25
1600,1418,13
1602,0,26
1602,510,8
1602,638,17
1604,0,20
1607,1023,30
1607,1055,3
1608,86,15
1608,103,15
1608,256,15
1608,590,15
1609,122,22
1609,479,12
1609,642,12
1609,770,12
1609,1027,12
1612,28,14
1612,184,3
1612,282,11
1612,295,18
1612,448,13
1612,525,13
1612,560,3
1612,684,3
1612,1300,3
1612,1371,12
1612,1407,20
1612,1431,14
1613,43,25
1613,103,25
1613,130,3
1613,558,3
1615,149,3
1615,747,3
1615,1334,3
1616,179,3
1616,190,37
1616,155,22
1616,397,3
1616,542,3
1616,1344,3
1616,1577,3
1616,1743,3
1617,76,14
1617,92,14
1617,108,2
1617,446,2
1617,1531,12
1617,1643,2
1618,1521,18
1618,1544,18
1619,45,15
1619,108,15
1619,125,2
1619,135,28
1619,223,2
1619,455,2
1619,463,19
1619,484,2
1619,432,21
1619,745,26
1619,1072,2
1619,1176,2
1619,1279,2
1619,1399,2
1619,1598,2
1621,10,8
1621,51,8
1621,312,8
1621,439,8
1622,101,38
1622,141,3
1622,149,3
1622,681,3
1622,725,3
1622,790,3
1622,1140,3
1622,1331,3
1622,1413,3
1623,560,3
1623,526,32
1624,34,15
1624,105,26
1624,405,15
1624,480,26
1624,658,15
1624,1191,15
1624,1227,24
1627,94,45
1628,0,20
1628,113,20
1628,152,9
1628,205,11
1628,376,18
1628,744,20
1629,1091,3
1629,1067,22
1630,0,28
1630,220,20
1630,242,3
1631,96,12
1631,208,12
1631,297,12
1631,960,12
1631,1053,12
1632,29,42
1632,225,20
1632,316,3
1633,0,13
1633,19,20
1633,234,20
1633,256,8
1633,600,18
1634,809,8
1636,0,27
1636,29,27
1636,58,3
1636,184,8
1636,241,3
1636,293,3
1636,273,18
1636,728,3
1636,846,16
1636,965,8
1636,975,16
1636,1109,18
1636,1166,24
1636,1283,8
1637,260,18
1638,256,3
1638,292,15
1638,233,21
1638,645,15
1639,125,16
1640,88,26
1642,281,25
1642,1471,26
1645,152,35
1645,189,3
1647,35,15
1647,52,15
1647,69,2
1647,139,28
1647,479,15
1647,1415,15
1649,1036,17
1650,284,24
1650,310,3
1650,503,3
1653,164,18
1653,1033,18
1653,1114,18
1655,74,22
1658,0,43
1658,49,13
1658,802,22
1658,969,20
1662,21,22
1662,80,22
1662,219,22
1663,741,23
1663,855,30
1664,448,3
1665,1109,21
1665,1282,21
1665,1524,11
1665,1919,15
1666,8,18
1668,68,20
1668,241,25
1668,329,13
1668,420,20
1668,631,20
1670,110,14
1670,192,16
1670,210,2
1670,272,2
1670,349,2
1670,1278,2
1670,1352,2
1670,1449,2
1670,1566,2
1672,37,27
1672,66,27
1672,95,3
1672,237,3
1672,578,3
1672,667,3
1672,805,3
1673,0,29
1673,112,29
1673,144,3
1673,233,21
1673,333,3
1673,480,3
1673,554,21
1673,578,3
1673,658,21
1673,731,3
1673,839,3
1673,861,16
1673,1423,21
1673,1540,3
1674,43,20
1674,455,20
1674,1640,15
1674,1803,20
1675,379,12
1675,393,17
1675,412,6
1675,513,12
1675,583,3
1675,1754,15
1675,2175,23
1675,2246,24
1676,203,2
1676,182,19
1678,230,23
1678,821,14
1678,983,13
1678,1494,23
1679,54,16
1679,103,15
1679,128,16
1679,262,15
1679,398,14
1679,640,32
1680,75,24
1680,117,16
1680,838,16
1680,856,6
1680,965,24
1680,991,3
1680,1717,18
1681,41,19
1681,124,22
1681,1161,12
1683,1744,13
1684,83,13
1685,11,30
1685,1216,3
1686,1548,25
1687,101,14
1687,117,14
1687,133,2
1687,236,2
1687,1878,2
1689,41,14
1689,245,14
1689,262,6
1689,1519,6
1689,1727,6
1689,1834,3
1690,256,24
1690,282,3
1690,834,3
1692,134,27
1692,170,30
1692,239,11
1693,0,26
1693,189,13
1693,843,13
1694,205,13
1694,246,20
1694,268,17
1694,491,13
1694,1042,13
1695,57,24
1695,83,3
1698,461,14
1698,1383,14
1698,1700,14
1699,405,14
1699,806,6
1699,817,16
1699,1162,14
1699,1264,14
1700,23,27
1701,40,21
1701,87,21
1701,110,3
1701,150,18
1701,170,21
1701,197,11
1701,258,3
1701,286,25
1701,313,3
1701,380,3
1701,573,3
1701,612,3
1701,1732,3
1702,99,25
1702,127,3
1702,632,12
1703,112,13
1704,347,36
1705,48,43
1705,217,26
1706,89,35
1706,126,35
1706,723,35
1707,41,33
1707,88,33
1707,123,3
1707,369,3
1707,1031,3
1707,1235,44
1707,1343,28
1708,44,13
1708,118,13
1709,339,3
1709,484,3
1710,218,24
1710,324,4
1710,291,31
1710,1688,3
1714,0,40
1714,190,20
1714,466,20
1714,986,20
1714,1604,24
1715,17,16
1715,933,17
1715,975,20
1715,1347,16
1715,1624,16
1715,1765,16
1716,457,15
1716,855,9
1717,27,24
1717,53,24
1718,51,21
1718,133,21
1718,156,3
1718,335,3
1718,433,3
1718,514,3
1718,872,3
1719,176,3
1719,232,3
1719,327,3
1720,69,21
1720,269,21
1720,293,3
1720,565,3
1720,886,3
1723,115,5
1723,183,21
1723,206,3
1723,84,29
1723,246,5
1723,536,5
1723,616,5
1723,815,3
1723,840,5
1723,1248,5
1723,1457,5
1725,0,15
1725,70,15
1725,310,22
1725,396,15
1725,953,15
1725,1099,15
1725,1153,27
1727,151,23
1728,17,18
1728,94,18
1728,115,2
1728,301,2
1728,482,2
1728,882,2
1729,57,28
1729,88,3
1729,162,3
1732,409,17
1733,66,18
1733,359,18
1735,77,21
1735,164,21
1735,188,3
1736,326,16
1736,381,20
1736,411,16
1736,456,23
1736,714,11
1736,1184,11
1737,38,18
1737,230,18
1737,250,2
1737,1025,2
1738,766,16
1738,1480,3
1739,219,15
1739,357,15
1739,1151,10
1740,145,16
1740,163,3
1740,433,3
1740,1282,3
1741,226,25
1741,253,3
1741,527,31
1741,564,18
1742,72,11
1742,94,19
1742,115,3
1742,1137,11
1742,1265,11
1743,67,19
1744,428,3
1744,502,28
1744,1277,3
1745,60,21
1745,179,21
1745,202,3
1745,420,3
1746,203,22
1746,227,3
1746,293,3
1746,406,3
1746,1342,3
1747,472,12
1747,541,15
1747,656,12
1747,1145,12
1747,1312,3
1747,1343,12
1748,432,8
1748,443,14
1748,460,28
1748,495,25
1748,603,8
1748,770,8
1748,1543,8
1749,117,30
1749,149,3
1750,77,18
1750,127,18
1750,148,2
1750,296,2
1750,972,2
1750,1063,18
1751,65,18
1751,330,18
1751,351,2
1751,664,2
1751,1187,2
1753,61,25
1753,120,25
1753,147,4
1754,901,4
1755,132,25
1756,0,28
1756,138,28
1756,168,3
1756,303,3
1756,944,3
1758,29,21
1759,86,18
1759,107,2
1759,793,8
1760,162,3
1760,135,25
1760,429,18
1760,781,3
1760,958,3
1760,1171,3
1761,25,15
1761,42,27
1761,71,2
1761,80,41
1761,191,2
1761,308,2
1761,705,2
1762,0,18
1762,104,18
1764,199,21
1764,465,16
1764,575,17
1767,0,27
1767,188,30
1767,360,3
1767,638,32
1767,672,4
1768,97,14
1768,113,2
1769,0,24
1769,70,24
1769,96,3
1769,166,8
1769,198,3
1769,406,11
1769,468,21
1769,589,3
1769,734,3
1770,111,22
1770,135,3
1770,236,3
1770,582,3
1770,810,3
1771,57,7
1771,664,7
1772,595,2
1773,40,28
1773,350,28
1773,1091,28
1774,135,23
1774,366,24
1774,552,23
1774,745,23
1774,798,24
1774,1280,32
1774,1737,24
1775,1289,20
1775,1562,17
1776,83,33
1776,176,17
1776,195,21
1776,237,19
1778,0,31
1778,512,18
1778,654,6
1778,598,54
1778,985,6
1779,298,3
1780,157,17
1780,603,17
1780,835,17
1781,281,15
1782,115,40
1782,222,8
1782,753,5
1782,722,29
1784,0,31
1784,87,31
1784,120,4
1785,362,3
1785,488,17
1785,938,3
1786,491,17
1786,608,17
1786,672,16
1787,29,30
1787,143,4
1787,117,24
1787,329,15
1787,349,30
1787,381,3
1787,729,15
1788,94,12
1788,143,12
1788,167,21
1788,244,20
1788,365,12
1788,547,12
1788,867,12
1788,1042,13
1788,1057,11
1788,1070,8
1788,1080,27
1788,1141,20
1788,1396,27
1788,1425,3
1788,1457,3
1788,1488,3
1788,1580,12
1788,1754,12
1789,88,25
1789,245,25
1789,272,3
1789,723,13
1790,80,13
1790,147,17
1790,420,13
1790,461,20
1790,564,16
1790,638,33
1791,338,31
1791,371,4
1792,248,3
1792,219,27
1792,1195,3
1793,935,13
1793,1873,25
1794,204,20
1794,231,28
1794,226,2
1794,261,3
1794,746,2
1795,62,16
1796,351,6
1797,12,17
1797,118,17
1797,493,17
1797,759,17
1797,886,17
1797,1018,17
1798,130,3
1798,100,28
1800,1073,15
1800,1216,15
1800,1361,20
1800,1548,7
1800,1847,7
1802,0,28
1802,425,28
1802,602,28
1803,19,28
1803,133,28
1804,90,27
1805,0,16
1805,52,28
1805,114,34
1805,167,25
1806,79,20
1807,0,24
1807,117,24
1807,143,3
1807,248,3
1807,355,3
1807,389,25
1807,564,33
1807,599,4
1807,981,3
1807,1149,3
1807,1133,14
1807,1356,3
1807,1398,3
1809,133,15
1809,574,15
1809,676,15
1809,973,15
1809,1580,15
1810,122,18
1810,142,18
1810,162,3
1810,452,3
1810,610,3
1810,655,3
1813,159,27
1813,188,3
1813,502,3
1813,622,3
1813,738,24
1813,1195,3
1814,1514,11
1815,102,14
1815,118,2
1815,233,30
1815,265,3
1815,1291,3
1815,1429,3
1816,0,17
1816,136,17
1816,159,27
1816,204,18
1816,248,18
1816,746,22
1816,1107,17
1816,1246,17
1816,1384,17
1816,1458,21
1816,1485,17
1816,1778,22
1817,928,3
1817,1755,3
1817,1854,18
1818,47,13
1818,406,13
1818,795,13
1818,888,13
1818,1644,13
1819,62,17
1819,178,25
1819,793,17
1820,18,16
1820,84,16
1820,1338,4
1820,1401,13
1821,264,14
1821,1570,14
1822,28,21
1822,112,21
1822,188,33
1822,300,21
1822,365,21
1823,80,9
1823,612,9
1823,968,17
1823,1054,9
1823,1151,9
1823,1467,9
1823,1518,9
1823,1588,17
1824,292,16
1825,0,17
1825,21,24
1825,77,24
1825,103,3
1825,1134,3
1825,1662,3
1825,1667,13
1826,100,24
1826,273,24
1826,299,3
1826,433,23
1826,458,19
1826,556,3
1826,518,36
1826,756,3
1826,1229,3
1827,69,8
1827,120,14
1827,142,20
1827,299,8
1828,139,3
1828,111,26
1828,348,8
1829,0,16
1830,25,24
1830,109,24
1830,135,2
1830,552,2
1831,84,17
1831,953,15
1831,1386,3
1831,1357,27
1832,60,21
1832,193,21
1832,216,3
1832,420,3
1832,1179,26
1832,1207,19
1832,1228,13
1832,1387,3
1832,1498,3
1832,1689,3
1832,1757,3
1832,1939,3
1833,187,15
1834,129,17
1834,148,3
1835,882,18
1835,904,27
1836,999,26
1836,1330,28
1838,0,3
1838,204,19
1838,871,3
1838,843,26
1839,71,18
1839,91,8
1839,215,8
1839,569,8
1840,755,3
1841,46,13
1841,61,25
1841,271,20
1841,293,23
1841,419,13
1841,1025,13
1843,0,24
1843,497,9
1844,507,22
1844,718,20
1845,87,2
1845,68,17
1845,264,2
1845,362,18
1845,600,2
1845,906,2
1845,997,2
1847,760,14
1848,811,24
1848,837,3
1848,1019,21
1848,1078,3
1849,40,21
1849,160,20
1849,182,3
1849,729,11
1849,969,11
1850,175,20
1850,197,3
1853,0,35
1853,108,26
1853,136,3
1853,421,3
1853,746,3
1854,38,20
1854,198,20
1854,556,20
1855,0,36
1855,38,10
1855,68,17
1856,119,14
1856,1178,14
1856,1769,14
1856,2001,14
1858,56,28
1858,158,28
1861,83,28
1861,293,28
1861,323,3
1861,658,3
1861,792,3
1862,131,51
1862,223,16
1862,337,15
1862,467,15
1862,649,25
1862,741,15
1862,1204,15
1863,148,30
1863,181,3
1863,444,3
1864,214,4
1864,223,25
1864,193,19
1865,0,20
1865,87,26
1865,115,2
1865,304,2
1865,653,2
1866,673,15
1866,927,15
1867,24,20
1867,349,21
1869,0,20
1869,658,3
1872,0,24
1872,95,24
1872,121,3
1872,132,27
1876,64,27
1878,19,26
1878,68,14
1878,142,14
1878,172,27
1878,643,14
1878,1740,14
1882,96,13
1882,1143,15
1884,16,13
1884,101,13
1884,823,13
1884,1415,13
1885,274,6
1886,812,8
1886,855,17
1887,103,16
1887,291,16
1887,309,3
1888,1279,3
1891,26,42
1893,684,17
1893,801,3
1894,860,15
1895,235,28
1895,265,3
1895,356,3
1896,99,17
1896,118,3
1896,745,3
1896,962,3
1898,179,15
1898,196,2
1898,456,2
1900,36,17
1900,149,17
1900,168,4
1900,439,4
1900,558,4
1900,859,4
1900,1135,4
1900,1513,4
1900,1650,4
1901,0,17
1901,88,17
1901,107,4
1901,192,4
1901,522,4
1901,1444,4
1902,692,4
1902,661,29
1903,58,23
1903,83,26
1903,266,47
1903,448,22
1903,531,62
1903,598,26
1905,95,10
1905,179,18
1905,266,20
1905,288,3
1905,537,18
1905,557,30
1905,754,17
1905,1545,17
1905,2199,17
1905,2218,23
1906,107,26
1906,205,16
1906,543,26
1906,745,26
1908,1111,48
1909,22,27
1909,66,21
1909,380,5
1910,1184,4
1911,78,13
1911,93,2
1911,1661,13
1913,118,27
1913,147,3
1913,530,3
1913,554,13
1913,569,18
1913,752,3
1917,219,14
1917,914,4
1918,102,11
1918,115,14
1918,135,13
1918,459,2
1918,434,23
1918,1276,2
1920,43,28
1920,235,28
1920,266,3
1920,508,3
1920,1286,3
1922,42,15
1922,260,3
1922,243,15
1922,1593,3
1922,1852,3
1923,430,4
1923,474,4
1923,662,4
1923,1125,4
1924,0,30
1925,18,22
1925,199,22
1925,224,2
1925,251,2
1925,819,2
1925,1542,2
1925,1725,2
1926,150,16
1926,168,25
1926,195,3
1926,1510,16
1928,111,21
1928,134,21
1928,157,3
1928,307,18
1928,327,13
1928,378,11
1928,529,3
1928,690,3
1928,970,3
1928,1181,3
1929,478,11
1929,491,23
1930,148,17
1930,430,17
1930,595,17
1930,1048,17
1932,104,37
1933,0,15
1933,24,29
1934,324,13
1934,511,24
1934,707,13
1936,69,21
1936,331,21
1936,355,3
1936,684,3
1936,754,3
1937,17,37
1937,84,37
1938,914,3
1938,1136,3
1939,184,16
1939,563,3
1940,70,11
1940,433,11
1940,519,11
1940,833,11
1940,1176,11
1941,62,14
1941,202,20
1941,1717,14
1942,111,24
1942,141,24
1942,168,3
1942,179,33
1942,404,4
1942,450,3
1942,617,3
1942,1400,3
1942,1698,3
1943,52,18
1943,147,18
1943,167,2
1943,317,2
1945,92,3
1945,572,3
1945,823,8
1945,1266,16
1946,22,29
1946,109,29
1946,140,3
1946,294,3
1946,644,3
1947,105,13
1947,538,30
1948,46,18
1948,66,18
1948,86,2
1948,204,2
1948,565,2
1948,870,17
1948,1196,2
1949,70,25
1949,97,3
1949,178,40
1949,307,3
1949,583,25
1950,0,19
1950,24,17
1950,120,19
1950,141,2
1950,400,17
1952,67,35
1952,104,3
1952,274,3
1952,363,3
1952,334,27
1952,397,3
1955,112,13
1955,353,13
1955,368,2
1955,439,2
1955,569,2
1955,776,2
1955,1001,2
1956,62,3
1956,74,28
1956,105,3
1956,656,3
1956,989,16
1957,0,12
1957,230,4
1957,244,31
1957,192,36
1958,62,17
1958,93,17
1958,112,4
1958,278,4
1958,834,4
1958,1187,10
1958,1534,4
1958,1599,4
1959,80,35
1959,117,35
1959,154,3
1959,293,2
1959,625,3
1960,22,44
1960,160,51
1960,329,14
1960,662,15
1960,824,15
1961,0,40
1961,115,25
1961,142,4
1961,1017,5
1961,1373,4
1962,27,14
1962,62,30
1962,121,30
1962,471,16
1962,751,14
1962,1015,14
1962,1339,14
1962,1524,14
1963,79,21
1963,102,3
1964,32,21
1964,354,21
1965,479,3
1966,463,26
1967,50,37
1967,139,31
1967,172,4
1969,74,23
1970,45,17
1970,557,17
1970,1474,31
1971,77,36
1971,115,3
1971,347,3
1971,602,36
1971,640,3
1971,1105,3
1971,1148,7
1971,1215,3
1972,1419,14
1973,37,15
1973,175,51
1973,615,15
1973,694,15
1974,0,16
1974,20,16
1976,77,20
1977,0,22
1977,162,22
1977,186,3
1977,617,3
1977,1230,3
1978,74,24
1978,100,3
1978,191,22
1978,275,36
1978,313,4
1978,532,3
1978,673,18
1978,693,3
1980,62,22
1980,567,29
1981,0,11
1981,477,13
1981,1428,15
1983,745,13
1984,277,22
1984,302,3
1984,1041,3
1984,1481,3
1985,46,12
1986,98,12
1986,263,12
1986,317,17
1986,341,12
1986,466,12
1986,662,28
1986,1256,17
1986,1331,28
1986,1579,12
1986,1653,12
1986,1680,17
1987,247,15
1987,2266,15
1988,0,11
1988,24,11
1988,37,2
1988,982,21
1988,1031,20
1988,1258,27
1989,186,44
1992,515,12
1992,569,12
1993,45,28
1993,75,14
1993,281,43
1993,326,14
1995,82,35
1995,119,3
1995,253,3
1995,398,3
1996,727,21
1996,991,31
1996,1274,16
1997,55,17
1997,155,3
1997,278,9
1997,362,3
1997,489,37
1997,942,17
1997,1610,9
1999,36,21
1999,124,21
1999,336,18
1999,356,29
1999,387,24
1999,413,24
1999,542,23
1999,656,31
1999,775,20
1999,939,38
1999,1050,21
2003,0,16
2004,54,21
2004,184,21
2004,207,3
2005,88,26
2005,116,3
2008,51,26
2008,79,4
2009,106,18
2009,139,18
2009,159,2
2009,329,2
2009,459,2
2009,594,2
2009,1156,2
2010,0,14
2010,167,14
2010,483,14
2010,1054,14
2011,110,21
2011,656,21
2011,679,3
2011,1350,3
2011,1685,3
2014,142,14
2014,1508,14
2015,139,26
2015,167,3
2015,267,3
2015,1052,3
2017,372,27
2020,581,14
2021,0,33
2023,289,17
2023,309,3
2024,40,27
2024,69,3
2025,304,26
2026,0,23
2026,25,33
2026,805,23
2027,40,21
2027,63,3
2027,395,3
2028,0,20
2028,123,34
2028,822,20
2031,0,27
2031,102,17
2031,179,17
2031,500,16
2033,0,25
2033,405,50
2034,115,14
2034,173,30
2035,58,22
2037,214,3
2037,184,28
2037,382,18
2039,23,25
2039,50,3
2039,107,25
2039,134,3
2039,718,3
2039,811,3
2040,39,27
2042,0,22
2042,168,22
2042,192,2
2042,655,20
2042,967,6
2042,978,22
2042,1123,2
2044,90,29
2044,193,18
2044,625,18
2044,1008,19
2044,1659,29
2045,80,46
2045,276,17
2045,693,3
2048,138,14
2049,43,12
2049,60,8
2049,112,8
2049,689,8
2049,699,12
2049,819,8
2049,842,12
2049,969,8
2052,71,19
2054,52,27
2055,129,27
2055,265,27
2055,508,37
2055,626,3
2055,803,3
2055,811,3
2055,983,3
2055,1082,3
2056,544,27
2056,727,27
2056,756,3
2056,847,33
2057,12,37
2057,192,33
2057,278,37
2057,657,37
2057,826,37
2061,13,40
2063,15,27
2063,44,27
2063,73,3
2063,411,3
2063,752,3
2063,1077,3
2064,85,20
2064,735,3
2065,150,20
2065,172,2
2065,334,2
2065,920,2
2065,1112,2
2066,0,20
2066,116,22
2067,354,14
2069,234,20
2069,256,3
2071,190,29
2071,343,26
2072,206,15
2072,223,3
2075,19,18
2075,73,18
2075,93,2
2075,310,2
2075,385,2
2075,591,2
2076,81,17
2076,113,16
2076,240,16
2077,51,20
2077,99,20
2077,121,2
2077,729,2
2077,913,2
2077,973,2
2078,543,2
2078,801,2
2078,984,2
2078,1432,2
2080,1519,6
2081,172,24
2082,0,43
2087,32,17
2087,159,21
2087,365,20
2087,389,26
2088,770,18
2093,0,17
2094,8,27
2095,72,24
2095,570,28
2097,149,13
2097,753,13
2098,318,14
2098,334,18
2098,358,14
2100,0,23
2102,282,30
2102,314,3
2102,620,3
2102,661,5
2103,0,29
2103,31,37
2103,94,29
2103,362,16
2103,421,19
2104,59,17
2105,67,22
2105,95,22
2105,202,16
2105,483,22
2105,843,22
2105,1167,22
2106,0,35
2106,207,14
2106,361,14
2106,837,15
2108,703,2
2109,22,15
2109,142,15
2109,805,15
2112,88,14
2112,125,14
2114,251,3
2114,844,3
2116,0,27
2117,1,30
2118,41,20
2118,63,3
2118,69,30
2118,137,3
2121,30,21
2122,0,20
2122,32,20
2123,48,12
2124,0,21
2124,201,21
2124,224,3
2124,460,3
2125,14,27
2127,590,14
2127,609,12
2128,0,33
2128,76,24
2128,102,3
2128,332,3
2128,426,21
2130,104,6
2130,701,51
2130,823,38
2131,0,25
2131,73,15
2131,817,15
2131,1010,15
2135,0,37
2135,182,27
2136,120,33
2136,155,4
2136,485,14
2137,110,18
2137,130,2
2137,414,18
2138,32,15
2138,146,15
2138,1373,15
2141,587,18
2144,43,27
2144,72,27
2144,103,30
2144,174,21
2144,197,16
2144,667,27
2144,984,16
2145,19,18
2146,53,21
2146,150,13
2149,22,26
2149,262,26
2149,775,15
2149,952,26
2149,991,15
2149,1256,15
2149,1355,15
2151,0,22
2152,1,44
2152,368,51
2153,20,13
2154,15,24
2154,104,24
2154,130,3
2154,233,3
2154,313,3
2154,416,3
2154,663,3
2154,796,3
2154,912,3
2154,961,3
2155,37,24
2155,408,21
2157,23,12
2158,69,22
2158,148,22
2158,172,2
2158,408,2
2158,557,2
2158,624,2
2160,12,22
2160,36,19
2160,60,17
2161,320,3
2161,298,20
2162,177,22
2165,31,19
2170,0,60
2170,147,44
2170,364,44
2172,97,14
2173,0,20
2173,60,26
2173,337,12
2173,372,12
2173,495,12
2173,671,12
2173,911,12
2175,1122,14
2177,24,18
2177,63,18
2177,83,2
2177,393,2
2177,557,2
2177,642,2
2179,41,33
2179,77,33
2179,895,28
2179,1423,33
2180,70,33
2180,153,34
2180,880,32
2180,1099,18
2181,0,44
2182,68,14
2182,169,14
2182,369,14
2182,564,14
2185,179,27
2186,0,36
2187,0,20
2187,48,14
2187,69,20
2187,128,14
2188,44,33
2189,0,22
2189,54,22
2189,78,3
2189,320,14
2189,450,15
2189,799,24
2190,1070,27
2191,278,14
2193,1,18
2194,232,20
2194,254,29
2194,333,29
2195,0,43
2195,123,8
2195,521,18
2195,597,8
2196,145,23
2197,236,14
2197,375,4
2197,340,33
2198,0,21
2199,183,42
2199,231,16
2200,0,26
2201,14,12
2201,129,12
2201,482,12
2201,552,12
2204,143,21
2205,1,22
2206,1,22
2208,41,20
2208,63,22
2208,435,22
2208,459,2
2208,1836,13
2208,2029,2
2208,2102,2
2209,40,22
2209,64,3
2209,222,3
2209,272,2
2209,322,3
2209,340,22
2210,0,16
2210,20,18
2210,84,36
2210,188,17
2210,339,18
2210,592,18
2210,686,18
2210,1022,18
2211,686,22
2213,27,21
2213,118,21
2214,42,22
2214,231,22
2214,255,3
2214,300,18
2214,320,3
2214,575,3
2214,1185,3
2214,1220,3
2214,1441,3
2214,1592,3
2214,1719,3
2214,1796,3
2214,2036,3
2217,122,35
2217,159,3
2218,51,22
2218,332,22
2218,356,2
2218,496,2
2218,542,2
2218,1570,2
2218,1654,2
2218,1836,13
2218,1904,13
2218,1965,2
2220,209,28
2220,239,3
2220,406,29
2221,27,14
2221,117,14
2222,0,21
2222,113,21
2222,136,3
2222,416,3
2223,39,22
2224,0,45
2225,59,45
2225,188,45
2225,932,45
2226,0,13
2226,364,11
2228,23,13
2228,171,13
2228,254,21
2232,0,35
2234,0,13
2236,51,18
2237,32,21
2239,0,43
2240,19,26
2242,0,24
2243,58,44
2253,31,24
2253,133,24
2253,974,24
2255,24,17
2255,140,17
2255,611,17
2255,793,17
2257,15,14
2257,75,14
2257,237,14
2258,107,20
2258,169,20
2262,27,14
2269,25,44
2270,40,38
2271,36,43
2272,14,12
2274,0,44
2274,79,51
2274,1242,15
2276,26,44
2278,17,22
2278,152,22
2278,350,22
2279,42,14
2279,97,14
2279,168,14
2279,679,17
2279,720,16
2281,0,22
2286,93,43
2288,34,29
2289,28,44
2290,0,23
2291,0,27
2293,93,10
2293,187,23
2293,212,14
2293,228,14
2293,244,20
2293,266,25
2293,293,16
2299,79,22
2299,128,22
2299,152,2
2299,510,2
2299,857,2
2299,965,2
