0,0,22
0,54,38
0,159,18
0,231,3
1,1232,36
1,1359,18
2,17,30
2,77,26
3,4,21
3,47,15
3,68,21
3,91,3
3,300,10
3,343,3
3,392,13
3,470,16
3,488,31
3,521,5
3,913,6
3,953,14
3,1083,13
3,1227,3
3,1399,19
3,1554,3
5,65,36
6,56,16
6,152,18
6,522,15
6,539,27
6,568,15
6,585,25
6,612,23
6,641,20
7,19,9
9,53,12
9,67,13
9,104,6
9,156,6
9,222,32
9,564,5
9,920,5
9,1160,7
9,1350,12
9,1593,5
9,1614,13
10,54,16
10,176,17
10,278,17
10,355,17
11,131,31
11,164,3
11,215,10
11,870,3
12,48,24
12,87,21
13,39,21
13,62,3
13,68,21
13,91,3
13,102,17
13,137,18
13,157,19
13,188,23
13,213,3
13,348,3
13,400,3
13,1430,3
14,53,19
15,74,15
15,107,14
15,318,3
15,370,15
15,290,26
15,708,14
15,1021,15
15,1366,14
15,1518,5
15,1737,5
15,1761,21
15,1819,12
15,2083,6
15,2108,15
15,2711,15
15,2745,9
17,7,11
17,33,19
18,30,12
18,47,8
18,72,9
18,145,27
18,177,19
18,276,9
18,306,30
18,345,27
18,374,3
18,383,12
18,584,8
18,642,18
18,665,12
18,844,8
18,944,23
18,995,3
18,1134,3
18,1242,15
18,1498,18
18,1526,15
19,162,51
19,525,14
19,1293,15
19,1547,14
19,1589,24
20,1377,43
21,50,15
21,90,39
21,166,13
21,310,13
21,369,9
21,380,16
21,398,15
21,418,37
21,558,3
21,752,13
21,1154,12
22,26,14
22,97,22
22,180,14
22,262,31
22,310,20
22,1433,22
23,11,16
23,31,30
23,79,19
23,100,56
23,197,30
23,229,3
23,244,16
23,309,17
23,331,18
23,414,3
23,444,3
23,466,16
23,507,17
23,547,19
23,640,3
23,717,16
23,763,19
25,0,28
25,41,26
25,111,2
25,119,28
25,149,3
25,97,12
25,250,19
25,301,27
25,358,26
25,432,3
25,580,3
25,971,9
25,985,18
25,1155,26
25,1222,3
25,1290,12
25,1691,12
25,1708,3
25,1765,11
25,1819,3
26,233,18
26,356,2
26,412,23
26,341,13
26,2033,3
27,13,30
27,82,12
28,24,15
28,61,15
28,78,2
28,269,19
28,290,32
28,491,15
28,759,15
28,795,3
28,840,15
28,981,2
29,88,14
29,184,14
29,402,79
29,2174,14
30,1315,19
31,74,27
31,155,27
31,184,3
31,190,3
31,293,18
31,349,28
31,963,3
31,1088,3
31,1133,19
32,0,15
32,20,21
32,137,27
32,167,3
32,240,21
32,264,3
32,326,3
32,553,3
32,893,3
32,990,3
32,1238,15
32,1587,18
32,1769,3
34,0,39
34,90,23
34,231,27
34,268,20
34,666,3
35,51,7
35,142,7
35,719,6
35,806,6
35,1864,6
35,1894,7
37,42,20
38,0,3
38,49,29
38,158,29
38,189,3
38,261,3
38,396,3
38,405,20
38,499,21
38,840,16
39,13,32
39,69,26
40,51,7
40,78,21
41,28,18
41,48,18
41,68,3
41,103,18
41,126,26
41,747,29
41,1051,22
41,1247,40
41,1289,4
41,1296,17
41,1325,23
41,1350,17
41,1369,14
41,1389,32
42,0,6
42,31,9
42,190,23
42,245,18
42,307,16
42,547,9
42,1062,11
42,1090,16
42,1166,6
42,1221,20
42,1274,11
42,1287,33
42,1419,16
43,61,29
43,215,29
43,339,17
43,361,9
43,485,26
43,625,18
43,1068,22
43,1159,33
43,1349,22
43,1410,17
44,243,18
44,263,2
44,358,21
44,676,10
44,724,24
44,1139,31
45,28,23
46,217,10
46,1567,18
47,73,25
47,139,16
47,157,14
47,177,18
47,197,13
47,258,13
47,329,13
47,349,28
47,508,16
47,992,18
47,1042,25
47,1252,54
48,537,20
48,721,5
48,1123,3
48,959,24
48,1472,6
48,1573,6
48,2247,6
49,239,16
49,260,9
50,0,21
50,638,32
50,1034,9
51,29,3
51,66,30
51,153,26
51,181,3
51,211,30
51,243,3
51,369,3
51,476,3
51,614,14
51,997,3
52,150,14
52,257,22
52,297,20
52,378,14
52,413,22
52,825,14
52,935,14
52,1914,14
53,324,6
53,521,11
53,979,3
54,105,21
54,128,2
54,499,9
54,815,24
54,1026,6
54,1184,6
54,1299,6
54,1324,2
55,12,17
56,75,27
56,127,27
56,536,27
58,18,20
58,215,18
58,245,20
58,327,22
58,376,60
58,634,20
58,665,24
58,700,27
58,817,30
58,851,20
58,940,20
58,1010,42
58,1154,20
58,1187,13
58,1205,27
58,1313,20
60,67,35
60,104,35
60,141,3
60,151,20
60,257,42
60,1194,3
60,1380,3
60,1430,15
60,1466,3
61,261,29
61,293,50
61,467,50
61,1026,21
62,0,27
62,31,43
62,131,18
62,274,53
62,645,18
62,743,17
62,835,18
62,984,18
62,1463,18
62,2134,18
62,2208,18
62,2563,17
62,2758,27
62,2930,18
63,47,21
63,85,17
63,117,41
63,181,15
63,217,28
63,275,21
63,298,17
63,320,22
63,160,4
63,1283,13
64,0,15
64,126,15
64,299,3
64,1193,3
65,110,28
65,140,28
65,170,3
65,180,14
65,292,3
65,519,3
65,799,26
65,849,3
66,1,31
66,99,31
66,132,3
66,162,3
66,172,28
66,244,17
66,403,20
66,585,32
67,15,52
67,158,58
67,298,16
67,384,2
67,443,16
68,0,31
68,57,31
68,90,4
68,120,15
68,148,40
68,467,7
68,861,31
69,52,18
69,124,44
69,189,22
70,683,12
71,0,24
71,165,24
71,191,3
71,347,3
71,379,3
71,528,3
71,687,3
71,755,3
71,829,3
71,1117,3
71,1347,21
71,1567,3
71,1623,13
72,58,5
72,90,6
72,187,10
72,243,6
72,330,5
72,655,14
72,842,5
72,945,6
72,1017,14
72,1127,6
72,1168,6
72,1264,12
72,1366,6
72,1456,6
73,55,13
73,79,13
73,94,3
73,103,37
73,160,23
73,220,3
73,323,20
73,374,3
73,345,5
73,438,3
73,581,3
73,988,3
73,1193,3
73,1644,3
75,38,20
75,106,20
75,446,39
75,493,21
75,525,15
76,934,23
76,959,3
77,52,27
77,171,20
77,193,2
77,239,36
77,303,2
77,277,5
77,559,2
77,631,2
77,1037,2
77,1375,20
77,1440,2
78,232,20
78,254,2
78,263,26
78,407,2
78,1138,13
78,1607,2
79,8,16
79,43,12
80,45,18
80,86,18
80,106,2
80,123,21
80,179,32
80,578,24
80,688,2
80,754,14
80,882,2
80,905,3
80,998,27
80,1042,4
80,1078,27
80,1107,4
80,1149,2
80,1258,2
80,1459,2
80,1582,2
80,1624,2
80,1792,2
80,1901,2
80,2038,24
81,0,23
81,121,23
81,262,23
81,329,23
81,408,14
81,578,23
81,633,14
81,749,14
81,858,23
81,989,23
81,1052,14
81,1155,24
81,1275,15
81,1322,23
83,15,16
83,33,22
83,90,16
83,163,39
83,326,37
83,414,16
83,652,17
83,691,11
83,876,16
83,894,22
84,45,27
84,110,26
84,182,20
84,328,20
84,369,27
84,519,20
84,588,48
86,0,54
86,131,54
86,202,17
86,459,18
86,1092,42
86,1213,17
87,19,27
87,89,56
87,147,66
87,367,16
87,434,27
87,464,12
87,479,14
87,500,9
87,542,16
87,935,23
87,1077,16
87,1165,14
88,65,17
88,193,5
88,228,13
88,348,17
88,418,5
88,491,17
88,690,17
88,758,5
88,803,17
88,905,5
88,926,17
88,997,6
88,1078,17
88,1140,17
88,1348,5
88,1465,13
89,55,21
89,261,21
89,284,3
89,337,28
89,413,6
89,424,22
89,659,3
89,973,3
89,1044,3
90,21,9
90,83,14
90,175,7
90,184,11
90,230,14
90,246,2
90,401,7
90,413,11
90,426,25
90,483,39
90,768,2
91,100,24
91,180,24
91,206,3
91,248,16
91,266,28
91,310,3
91,677,3
91,745,3
91,781,24
91,1090,3
91,1141,3
91,1502,3
91,1622,3
92,0,18
92,133,18
92,153,2
92,249,22
92,320,2
92,386,2
92,641,16
92,1455,21
92,1515,2
93,86,5
93,162,23
93,211,13
93,420,13
93,445,23
93,573,5
93,660,5
93,1860,5
93,2005,13
94,0,12
94,14,14
94,30,19
94,51,13
94,66,13
94,81,9
94,99,23
94,128,22
94,173,14
94,191,14
94,281,9
94,292,16
94,310,12
94,324,14
94,340,19
94,361,13
94,384,14
94,400,13
94,422,18
94,446,22
95,30,25
95,99,31
95,141,5
95,342,3
95,703,3
95,995,3
95,1244,22
96,0,16
96,68,16
96,97,16
96,320,13
96,673,16
97,14,11
97,992,13
98,159,13
98,183,6
98,208,49
98,733,5
98,1183,13
98,1248,37
99,156,28
99,250,28
99,280,3
99,288,18
99,510,3
99,1356,3
99,1876,15
100,64,18
100,135,6
100,245,18
100,378,5
100,414,17
100,467,27
100,496,3
100,683,18
100,718,6
100,915,6
100,1035,6
100,1438,6
100,1677,18
100,1744,5
100,1884,17
101,57,29
101,88,29
101,119,5
101,143,26
101,394,5
101,587,5
101,598,31
101,788,5
101,847,5
101,1301,5
101,1853,5
101,1869,36
103,82,42
103,126,19
103,194,46
103,147,4
103,526,21
103,620,35
104,56,20
104,144,31
104,237,24
104,530,29
105,122,10
105,143,10
105,422,10
105,850,10
106,75,14
106,224,22
106,294,14
106,365,14
106,408,14
106,1084,5
106,1107,13
106,1180,16
106,1207,5
106,1908,38
106,2238,14
107,28,26
107,240,6
107,604,5
107,847,6
107,897,21
107,1009,6
107,1332,5
107,1582,6
107,1792,5
107,2040,22
107,2099,18
107,2122,25
107,2394,6
108,470,7
108,1150,3
109,0,31
109,36,24
109,181,24
109,208,3
109,217,8
109,230,18
109,341,24
109,368,3
109,417,18
109,438,30
109,635,3
109,679,3
109,735,12
109,751,3
109,808,22
109,921,12
109,984,41
109,1229,14
109,1275,3
109,1297,3
109,1392,3
109,1400,32
110,14,26
110,98,26
110,126,2
110,399,13
110,428,9
110,701,2
110,819,2
112,38,24
112,67,26
112,288,17
112,311,13
112,337,10
112,370,20
112,392,3
112,402,12
112,441,21
112,464,3
112,1075,3
112,1414,3
112,1540,24
113,86,17
113,172,19
113,795,17
114,623,19
114,719,17
116,558,37
117,293,14
119,81,29
119,142,31
119,575,21
119,790,33
119,2436,11
120,146,21
120,177,15
121,86,20
121,151,6
122,506,45
122,553,3
123,0,35
123,137,10
123,187,7
123,202,42
123,772,18
123,818,10
124,50,39
124,186,20
124,350,23
124,632,16
124,821,16
124,1108,23
124,1133,3
124,1151,18
124,1184,18
124,1204,3
124,1221,9
124,1511,3
124,1519,22
124,1702,20
124,1990,12
125,44,17
126,142,27
126,171,3
126,329,3
126,423,19
128,4,23
128,140,23
128,182,3
128,231,31
128,265,3
128,276,3
128,314,25
128,475,43
128,566,3
128,688,3
128,748,16
128,960,3
128,982,22
128,1132,3
128,1266,3
128,1394,3
128,1523,6
128,1698,3
128,1856,25
129,107,50
129,168,51
129,249,18
129,424,17
129,517,14
129,632,15
129,760,14
129,928,3
129,1032,14
129,1200,14
129,1287,14
129,1747,23
129,1837,14
129,1975,14
130,121,26
130,149,2
130,165,47
130,231,2
130,1262,2
131,73,21
131,96,32
131,144,37
131,587,52
131,641,8
131,895,16
132,1007,8
132,1525,12
134,37,16
134,57,19
134,78,16
134,109,13
134,181,18
134,229,14
134,335,14
134,374,23
134,1297,23
134,1413,16
135,11,10
135,68,28
135,98,3
135,108,63
135,344,3
135,439,10
136,63,26
136,188,12
136,270,32
136,341,18
136,578,36
136,1566,22
137,0,24
137,26,6
137,99,24
138,56,21
138,126,16
138,143,21
138,167,3
138,597,3
138,670,3
138,988,3
139,82,36
139,565,36
139,811,36
139,852,24
140,164,27
140,193,3
141,305,19
141,757,52
141,930,19
141,1657,33
142,23,6
142,159,6
142,216,16
142,234,3
142,301,6
142,525,6
142,603,6
142,736,6
142,956,6
142,1125,6
142,1677,21
142,1845,6
142,2063,6
142,2260,6
142,2319,6
142,2383,6
143,355,15
143,413,34
143,449,4
143,1774,15
144,39,25
144,100,35
146,56,16
146,247,29
146,281,9
146,494,9
146,540,14
146,568,5
146,673,27
146,702,23
146,746,14
146,984,12
147,0,17
147,35,34
147,101,34
147,202,24
147,304,10
147,324,20
147,736,3
149,119,5
149,206,20
149,492,8
149,513,15
149,780,44
149,1275,14
149,1435,27
150,36,34
150,72,15
150,289,15
150,390,34
150,685,35
150,1198,7
150,1429,34
150,1667,34
151,85,18
151,105,18
151,261,28
152,32,6
153,303,35
155,0,15
155,320,17
155,421,31
155,454,27
155,530,14
155,987,6
155,1147,34
155,1531,34
156,35,20
156,67,14
157,0,3
157,23,23
157,50,30
157,199,8
157,278,3
157,640,14
157,715,23
157,807,3
157,863,19
157,1371,25
157,1429,8
157,1566,8
157,1672,21
158,958,8
159,109,15
159,135,27
159,211,28
159,257,15
159,353,6
159,397,3
159,508,3
159,749,3
159,774,2
160,73,24
160,141,24
160,171,24
160,197,3
160,215,33
160,276,24
160,368,3
160,1078,24
161,430,14
161,560,36
161,806,17
161,886,15
161,1332,15
163,25,15
163,195,26
163,420,15
164,98,20
166,28,8
166,188,3
166,263,8
166,177,9
166,1217,3
168,28,25
168,143,25
168,238,25
168,340,17
168,380,26
168,554,6
168,638,25
168,991,8
168,1659,17
168,1730,19
168,1784,22
168,1861,17
169,37,6
170,0,38
170,120,21
170,143,40
170,381,20
170,440,18
170,665,21
172,734,39
172,775,3
173,5,24
173,144,17
173,192,26
173,226,21
174,14,26
174,145,26
174,257,15
174,2045,26
176,73,37
176,175,16
176,438,9
176,510,10
176,449,3
176,522,4
176,712,3
176,1165,22
176,1258,13
176,1276,16
177,37,18
177,152,29
177,254,13
177,348,18
177,453,13
177,468,2
177,1108,18
177,1314,2
178,36,21
178,151,28
178,180,21
178,204,3
178,288,3
178,1045,3
178,1104,3
178,1559,3
179,88,16
179,239,6
179,261,23
179,324,5
179,614,27
179,667,16
179,818,21
179,848,17
179,989,6
179,1138,27
180,39,26
180,186,39
180,227,3
180,1001,3
180,1034,3
180,1297,3
180,1412,3
181,46,25
181,80,16
181,97,25
182,0,29
184,158,17
184,1222,10
185,440,25
186,0,3
186,26,17
186,116,3
186,159,18
186,323,5
186,384,30
186,416,3
186,505,10
186,635,3
186,694,17
186,730,7
186,767,3
186,823,3
186,892,17
186,951,3
186,996,18
186,1048,11
186,1094,3
186,1272,3
186,1288,17
186,1320,3
186,1325,3
186,1432,28
186,1681,3
187,93,28
187,123,3
187,134,27
187,189,20
187,372,3
187,473,3
187,756,3
187,786,3
187,1213,3
188,0,18
188,126,18
188,146,2
188,787,2
188,930,2
189,81,13
189,239,5
189,680,13
189,1200,6
190,111,14
190,127,40
190,196,14
190,212,2
190,422,2
190,429,14
190,478,2
190,485,14
190,1575,35
190,1678,2
191,159,5
191,223,43
191,322,17
192,87,14
192,103,14
192,119,2
192,142,23
192,258,26
192,286,3
192,370,39
192,491,20
192,534,3
192,777,6
192,1356,2
193,57,12
193,115,9
193,126,26
193,154,3
193,189,24
193,253,20
193,348,20
193,526,9
193,800,41
193,861,12
193,1073,26
193,1150,12
193,1334,20
194,78,13
194,106,13
194,189,13
194,300,13
194,333,13
194,427,24
194,703,21
194,838,29
194,1009,20
194,1664,13
194,1797,14
194,1938,13
195,54,28
195,137,13
195,406,13
195,649,6
195,920,20
195,1194,25
195,1242,13
195,1349,20
196,516,36
197,111,13
197,1259,13
197,1410,28
198,27,43
198,175,43
198,220,4
198,244,26
198,308,13
198,333,21
198,420,13
198,1703,4
200,204,11
201,72,21
201,124,21
201,666,9
202,45,22
202,111,16
202,327,13
202,404,13
203,15,32
203,64,26
203,92,3
203,149,18
203,171,12
203,208,35
203,245,3
203,263,3
203,295,19
203,319,10
203,370,12
203,413,5
203,442,3
203,485,12
203,547,5
203,600,3
203,670,35
203,798,3
203,1097,18
203,1145,3
203,1163,3
203,1336,17
204,42,24
204,95,24
204,146,20
204,302,20
204,343,19
204,388,24
204,437,17
204,654,20
204,694,21
204,768,32
205,4,33
205,693,33
205,729,4
205,879,4
206,0,27
206,80,18
206,100,3
206,450,28
206,565,24
206,754,14
206,932,23
206,957,3
206,969,9
206,1014,3
206,1067,9
206,1095,12
206,1595,28
207,765,12
207,890,6
207,1058,27
207,1090,19
209,85,15
209,102,15
209,145,43
209,250,18
209,604,15
209,714,15
209,1374,15
209,1503,15
209,1582,24
210,73,19
210,191,21
210,379,21
210,402,2
210,409,20
210,1101,19
211,44,28
211,295,28
211,325,3
211,893,3
211,1062,3
211,1381,31
211,1481,10
212,0,14
212,199,13
212,503,14
212,869,5
212,929,5
213,231,20
214,81,32
214,119,26
214,147,4
214,171,12
214,191,36
214,267,27
214,296,37
214,338,18
214,551,4
215,33,28
215,123,13
215,184,13
215,326,28
215,394,13
215,900,24
215,1429,13
215,1520,28
215,1556,13
216,173,7
216,339,7
216,422,2
216,398,22
216,1043,2
217,31,6
217,112,6
217,151,26
217,1450,15
217,1581,24
217,1698,15
218,86,28
218,116,28
218,146,3
218,179,17
218,244,3
218,372,17
218,402,2
218,406,11
218,390,10
218,513,11
218,530,3
218,757,3
218,803,3
219,0,27
219,29,3
219,698,27
219,727,3
219,1285,26
220,31,14
220,91,14
220,107,3
220,116,48
220,516,3
221,32,48
221,90,27
221,136,59
221,200,27
221,245,28
221,335,10
221,347,23
221,1216,13
221,1300,13
221,1393,13
221,1680,12
221,1710,19
222,203,20
222,225,2
222,570,2
223,380,16
224,212,16
224,230,3
224,236,12
224,357,3
224,1195,5
225,2035,5
226,72,25
226,99,26
226,265,13
226,439,6
226,509,25
226,620,24
226,681,13
226,789,14
226,1016,13
226,1056,13
226,1092,14
226,1195,13
226,1281,14
226,1364,25
226,1456,13
226,1537,25
226,1625,13
226,1687,24
226,1778,14
226,1924,25
227,188,37
227,229,36
227,267,4
227,702,36
228,0,20
228,50,18
228,73,21
228,118,20
228,177,17
228,140,2
228,230,2
228,278,18
228,319,46
229,60,39
229,138,39
229,213,19
229,241,26
229,179,4
229,383,20
230,86,17
230,142,17
230,161,3
230,171,30
230,216,27
230,357,3
230,886,3
230,1000,3
231,16,18
231,97,18
231,142,28
231,1196,18
232,74,14
233,0,9
233,169,18
233,1315,18
234,1284,15
235,120,29
235,174,20
235,257,33
235,300,20
236,9,17
236,148,17
236,238,18
236,286,18
236,306,2
236,311,2
236,338,19
236,600,5
236,1362,5
236,1611,2
236,1681,2
237,26,3
237,96,3
237,155,17
237,227,17
237,300,30
237,333,3
237,384,26
237,413,3
237,484,3
237,625,3
237,650,17
237,683,3
237,722,3
237,741,17
237,955,3
237,1085,17
237,1237,3
237,1636,3
237,1661,3
237,1677,17
238,37,20
238,66,20
238,259,20
238,1426,20
239,32,14
239,175,14
239,191,3
239,974,31
239,1582,3
239,1840,3
240,0,21
240,156,31
240,189,3
240,224,14
240,240,4
240,349,9
240,461,21
240,510,3
240,621,3
240,952,3
240,1083,3
240,1149,3
240,1176,12
240,1221,3
240,1374,3
240,1582,3
241,47,25
241,88,13
241,138,25
241,165,6
241,446,13
241,561,3
241,689,3
242,30,45
242,112,51
242,241,23
242,696,14
242,1209,14
243,67,21
243,154,21
243,177,3
243,186,17
243,205,2
243,280,3
243,441,20
243,466,18
243,838,3
244,50,34
244,251,25
244,278,4
244,519,4
244,1663,4
245,46,37
245,152,39
245,363,17
245,573,26
245,616,8
245,1297,24
245,1707,8
247,620,25
247,1304,10
248,43,21
248,130,16
248,147,21
248,170,3
248,442,3
248,573,3
248,851,3
248,1185,3
249,24,48
249,188,41
249,1213,16
250,964,31
250,1000,23
250,1276,19
251,536,16
252,78,18
252,123,39
252,175,19
252,424,32
252,621,20
252,1059,18
253,0,14
253,202,13
253,235,14
253,381,14
253,613,6
253,705,24
253,742,13
253,852,36
253,999,14
253,1302,25
253,1354,13
253,1525,25
255,81,18
255,128,18
255,149,2
255,270,2
255,447,2
255,764,2
255,1261,18
256,134,13
256,228,3
256,385,5
256,402,3
256,502,3
256,581,7
257,844,5
258,114,19
258,135,2
258,145,27
258,278,26
258,332,2
258,738,2
258,793,2
259,15,26
259,43,3
259,61,23
259,126,38
259,248,3
259,331,28
259,361,4
259,395,3
259,631,3
259,652,6
259,700,3
259,776,3
259,853,3
260,63,41
260,260,39
260,470,12
260,1115,12
260,1231,12
262,53,42
262,214,42
262,258,5
262,580,28
262,620,30
262,694,5
262,715,18
262,772,21
262,947,20
262,2015,5
264,92,28
264,215,53
264,271,3
264,307,25
264,387,2
264,591,3
264,1324,3
264,1478,3
264,1615,2
265,17,31
265,82,3
265,105,24
265,292,20
265,354,3
265,381,24
265,482,39
265,523,3
266,117,35
266,733,6
267,0,35
267,185,35
267,222,3
267,286,26
267,314,3
267,336,3
267,548,24
267,891,3
267,1191,6
267,1226,3
268,0,24
268,259,31
268,292,3
268,314,24
268,340,3
268,404,8
269,43,35
269,108,35
269,145,3
269,255,42
269,752,3
269,1384,18
270,66,25
270,113,25
270,141,2
270,158,17
270,362,24
270,788,2
271,43,15
271,67,19
271,88,64
271,168,13
271,264,20
271,556,43
271,606,13
271,641,19
271,1499,15
272,0,22
272,182,22
272,206,3
272,452,14
272,663,3
272,870,3
272,1010,3
272,1132,3
272,1266,3
272,1373,3
272,1404,3
272,1570,3
272,1621,3
273,31,16
273,219,27
273,248,2
273,375,24
273,401,3
273,470,2
273,577,28
273,607,4
273,725,4
273,824,4
273,957,2
273,1110,3
273,1118,4
274,28,51
274,116,32
274,150,3
274,201,12
274,296,3
274,825,32
275,59,18
275,94,18
275,128,27
275,613,4
275,816,27
275,845,2
275,1134,15
275,1175,32
275,1240,52
275,1296,2
276,94,20
276,198,20
276,283,7
276,417,18
276,554,7
276,729,10
276,965,6
276,1497,21
276,1609,3
277,71,8
277,111,28
277,141,4
277,477,3
277,630,17
277,1129,51
277,1231,3
278,133,12
278,199,21
278,234,27
280,247,3
280,353,16
280,381,14
280,400,25
280,1159,3
280,1943,3
281,970,21
282,107,26
282,286,26
282,726,15
283,44,26
283,142,25
283,254,29
283,343,30
283,490,15
283,560,23
283,636,20
283,661,18
283,1166,15
283,1323,17
283,1400,17
283,1486,15
283,1577,19
284,445,13
284,460,4
284,611,4
284,812,4
284,2104,4
284,2412,4
284,2598,4
284,3059,4
284,3332,4
284,3433,4
285,221,23
285,319,32
286,134,20
286,156,2
286,578,2
286,587,15
287,154,17
287,378,53
287,579,39
287,687,15
287,1028,19
287,1392,15
288,170,15
289,30,3
289,71,40
289,237,26
289,265,3
289,433,3
289,516,13
289,533,15
289,566,26
289,696,3
289,732,40
289,936,15
289,1017,6
289,1090,3
289,1135,40
289,1288,3
289,1324,20
289,1392,39
290,67,21
290,218,21
290,324,32
290,974,23
290,1070,7
290,1201,13
290,1458,13
290,1599,13
290,1748,13
291,116,25
291,184,30
291,345,37
291,1050,25
292,91,15
292,108,3
292,117,28
292,158,47
292,507,15
293,1,24
293,26,26
294,107,4
294,119,46
294,86,19
294,394,19
294,453,4
294,603,19
294,842,4
294,889,19
295,78,14
295,162,3
295,202,16
295,123,37
295,504,3
295,876,3
295,995,3
295,1434,3
295,1735,3
295,2185,3
296,112,39
296,153,4
297,18,18
297,39,38
297,189,16
297,289,22
297,320,14
297,437,15
297,526,27
297,749,16
297,817,14
297,919,14
297,973,22
297,997,15
298,163,25
298,241,5
298,626,19
298,1422,5
299,1,28
299,62,3
299,71,19
299,184,11
299,233,14
299,299,3
299,471,11
301,92,36
301,726,13
301,808,6
302,30,44
302,200,57
302,266,25
302,333,12
302,350,12
302,527,16
302,574,49
302,853,12
303,0,20
303,42,17
303,107,32
303,212,20
303,141,3
303,470,32
303,541,35
303,619,19
303,828,19
303,893,19
303,1009,19
304,57,17
304,164,18
304,303,10
304,624,18
304,764,6
304,1182,6
304,1266,17
305,67,25
305,172,36
305,319,21
305,978,6
307,15,19
307,80,19
307,104,10
307,178,22
307,226,23
307,498,21
307,559,19
307,611,19
307,649,9
307,669,21
307,764,22
307,885,12
307,962,19
307,1054,20
308,0,28
308,30,28
308,60,3
308,86,31
308,158,16
308,179,9
308,318,3
308,612,3
308,643,21
308,814,11
308,1058,11
309,31,26
309,286,38
309,958,30
309,1400,38
310,0,67
310,154,27
310,277,23
310,302,3
310,722,3
310,780,30
310,812,3
310,818,3
310,827,3
310,862,2
310,842,18
310,984,3
310,1059,3
310,1144,6
310,1394,27
310,1423,2
310,1606,5
310,1690,2
310,1763,5
311,35,8
311,125,19
311,156,16
311,146,3
311,880,3
311,862,16
311,1069,3
311,1095,3
311,1210,3
311,1348,3
311,1494,3
311,1606,14
312,35,26
312,63,3
312,119,18
312,171,26
312,199,3
312,570,15
312,767,3
312,805,15
312,1636,27
313,73,25
313,135,25
313,239,36
313,810,6
313,925,25
314,23,34
314,257,25
314,419,16
314,1652,45
315,1168,2
315,1154,12
315,1982,2
316,239,31
316,1302,15
316,1735,21
317,91,23
317,207,23
317,453,27
317,657,23
317,685,30
317,928,14
317,955,18
317,984,29
317,1048,18
318,111,52
318,165,6
318,739,52
318,793,7
319,105,5
319,353,5
319,713,24
319,739,2
320,24,20
320,136,24
320,211,22
320,1143,24
320,1347,24
320,1743,12
321,158,26
321,191,46
321,253,35
321,305,13
321,1121,16
321,1143,30
321,1316,16
322,92,5
322,204,16
322,882,20
322,1501,13
322,1807,5
323,43,20
323,98,33
323,138,27
323,213,42
323,269,12
323,287,14
323,382,3
323,771,19
323,1176,17
323,1219,20
323,1266,22
324,26,23
324,69,23
324,153,13
324,272,13
324,317,23
324,371,13
324,487,13
324,533,23
324,649,21
324,825,13
324,976,13
324,1146,13
324,1483,6
324,1527,13
324,1679,23
326,95,13
326,156,23
326,208,13
326,311,13
326,398,24
326,906,12
327,90,18
327,111,2
327,229,2
327,748,2
328,14,22
328,215,31
328,940,29
328,1593,43
329,72,17
329,91,17
329,286,18
329,313,18
329,558,17
329,1013,17
330,53,14
330,72,24
330,98,23
330,155,6
330,436,43
330,506,15
330,530,22
330,555,38
330,665,9
330,686,14
330,703,2
330,725,15
330,743,3
330,752,30
330,825,2
330,847,3
330,955,2
330,1249,2
330,1338,2
330,1625,3
330,1854,2
330,1874,3
330,1956,3
330,2024,2
330,2168,2
330,2185,14
330,2295,18
330,2472,24
330,2735,75
330,2902,2
332,0,36
332,52,25
332,86,25
332,113,2
332,132,28
332,162,4
332,362,4
332,428,9
332,901,51
334,0,29
334,33,18
334,94,13
334,126,18
334,146,18
334,171,27
334,545,18
334,905,18
334,971,18
334,1045,13
334,1072,13
334,1134,18
335,17,21
335,232,18
335,281,16
335,335,23
335,374,20
335,396,21
335,419,3
335,428,39
335,360,3
335,469,4
335,594,31
335,1587,3
335,1659,6
335,2497,31
336,165,12
337,854,6
337,1266,6
337,1414,8
338,81,24
338,162,15
338,321,26
338,349,3
338,441,3
338,562,3
338,585,24
338,1035,3
338,1336,15
338,1484,15
338,1939,15
338,2093,15
338,2203,15
338,2359,15
339,94,17
339,275,16
339,757,16
339,1108,16
340,52,24
340,171,30
340,321,24
340,491,35
340,1021,16
340,1131,13
340,1701,24
341,84,24
341,114,19
341,135,24
341,165,22
341,308,24
341,349,8
341,384,24
341,425,8
341,437,16
341,482,8
341,560,24
341,648,8
341,714,15
341,790,8
341,1014,8
341,1302,24
341,1343,8
341,1453,19
342,1,39
342,41,4
344,43,18
344,79,18
344,399,3
345,337,11
345,416,7
345,1062,6
345,1421,21
345,1450,14
346,588,22
347,61,24
347,91,24
347,117,3
347,128,25
347,342,3
348,72,13
348,133,13
348,197,35
348,399,36
348,507,26
348,544,13
348,852,13
348,891,14
348,1500,25
348,1632,13
348,1770,14
348,1819,6
349,27,18
349,109,18
349,129,2
349,226,2
349,848,46
349,896,13
349,1084,2
350,25,40
350,105,26
350,159,26
350,188,4
350,254,5
350,269,9
350,415,4
350,553,4
350,661,4
350,705,17
350,733,22
350,773,20
350,946,4
350,1369,22
350,1520,4
351,137,22
351,212,13
351,161,3
351,500,31
351,533,3
352,53,15
352,77,26
352,202,15
352,647,27
353,89,6
353,100,15
353,431,17
353,469,15
353,951,16
353,1206,16
353,1369,15
353,1455,16
354,205,5
354,246,6
354,435,6
354,640,6
354,1774,18
354,2148,5
355,27,19
355,51,18
355,86,16
355,107,21
355,192,10
355,204,49
355,256,6
355,271,26
355,420,15
355,457,10
355,471,21
355,584,15
355,624,13
355,709,2
355,879,25
355,1230,28
355,1724,10
355,1807,5
355,1819,17
355,1872,10
355,2060,5
356,103,13
356,268,15
356,285,2
356,915,2
356,1681,2
356,1703,13
356,1735,18
357,70,22
357,549,39
357,1287,24
358,71,23
358,240,23
358,270,35
358,520,35
358,1015,14
358,1142,2
358,1222,14
359,334,29
359,365,2
359,418,30
359,1012,2
360,26,16
360,44,16
360,62,3
360,108,29
360,172,12
360,205,3
360,687,13
360,702,14
360,721,23
360,853,18
360,911,18
360,1026,17
362,11,25
362,41,20
363,213,25
363,255,6
363,310,17
363,954,17
364,1351,8
365,0,44
365,159,23
365,184,35
365,221,3
365,582,23
365,669,13
365,925,3
365,1016,3
365,1058,15
365,1075,2
365,1165,3
365,1193,15
365,1210,2
365,1768,21
365,1885,3
365,2007,16
365,2049,14
365,2067,3
365,2221,23
366,26,18
366,46,18
366,67,2
366,78,26
366,219,29
366,251,3
366,283,2
366,414,2
366,486,2
366,524,2
366,939,2
366,1004,2
366,1094,2
367,1454,3
367,1473,3
367,1516,3
367,1819,12
367,2197,3
368,0,37
368,103,10
368,117,26
368,182,15
368,228,26
368,305,35
368,363,10
368,433,26
368,475,17
368,558,10
368,641,17
368,724,17
368,924,26
368,1041,26
368,1132,26
368,1208,26
368,1236,2
368,1317,26
368,1491,26
368,1578,35
368,1834,26
370,64,12
370,81,24
370,172,40
370,767,12
370,799,21
371,55,16
371,82,41
371,152,15
371,207,27
371,489,18
372,117,17
372,136,41
372,179,3
372,207,18
372,227,2
372,265,3
372,356,26
372,667,22
372,1664,3
372,1837,32
373,533,5
373,849,13
373,988,36
373,1080,26
373,1197,13
373,1245,4
373,1639,5
373,1947,11
373,1964,5
374,48,6
374,65,19
374,86,4
374,132,33
374,167,3
374,179,46
374,389,3
374,438,4
374,767,15
375,257,18
375,1753,27
376,44,15
376,81,15
376,98,3
376,129,36
376,176,3
376,188,18
376,532,3
376,621,3
378,92,22
378,116,22
378,140,3
378,155,25
378,199,56
378,398,16
378,418,18
378,438,3
379,31,18
379,63,18
379,92,17
379,271,14
379,287,9
379,298,15
379,468,18
379,526,9
379,537,23
379,562,15
380,0,21
380,40,9
380,54,8
380,64,21
380,87,2
380,114,28
380,160,21
380,228,6
380,257,2
380,280,6
380,319,21
380,358,2
380,445,8
380,476,9
380,1349,13
380,1435,2
380,1467,15
380,1557,19
380,1631,8
380,1763,28
380,1880,19
380,1990,40
380,2055,21
380,2105,20
380,2127,3
380,2226,30
380,2501,21
380,2570,6
381,66,16
381,86,12
381,109,34
381,145,4
381,299,15
381,413,12
381,461,15
381,709,12
381,766,16
381,858,16
381,1061,16
381,1582,16
381,1880,16
381,1900,12
382,358,17
382,707,19
382,1512,21
382,1728,12
382,1934,12
382,2145,30
383,88,15
383,130,16
383,422,15
383,680,5
383,731,15
383,748,13
383,1229,24
383,1394,15
384,35,15
384,337,15
384,483,15
384,604,26
384,632,3
384,735,15
384,1246,3
384,1324,3
384,1423,24
384,1957,15
385,25,3
385,87,22
385,136,22
385,160,3
385,171,45
385,347,22
385,416,24
385,804,3
385,955,3
385,1268,14
385,1696,3
387,51,12
387,137,12
387,152,1
387,1260,2
387,1792,12
388,81,42
388,442,53
390,0,24
390,39,21
390,164,16
390,320,13
390,339,19
390,448,20
390,552,24
390,633,21
390,754,34
391,79,53
391,155,20
391,631,18
391,1174,32
391,1858,21
391,1939,20
393,23,35
393,208,21
393,231,3
393,247,17
393,266,2
393,337,36
393,397,14
393,375,5
393,488,3
393,495,2
393,516,21
393,854,3
393,861,2
393,966,3
393,970,2
393,1084,3
393,1202,5
393,1338,3
393,1526,14
393,1799,3
393,1803,2
393,1929,3
394,0,34
394,131,15
394,293,15
394,599,15
394,656,18
394,733,15
394,1005,14
394,1031,5
394,1521,15
394,1606,6
394,1750,15
395,81,15
395,145,15
395,162,2
395,170,28
395,538,38
395,1143,8
395,1232,8
395,1454,8
395,2372,8
396,76,14
396,227,37
396,690,14
397,114,5
397,151,7
397,215,5
397,302,6
397,529,3
397,730,14
397,925,6
397,968,6
398,9,29
398,181,29
398,212,3
398,376,3
398,419,3
398,878,31
398,1138,3
398,1288,3
399,18,26
399,81,26
399,145,18
399,1507,14
399,1616,31
400,494,28
400,523,21
400,546,2
401,256,18
401,310,7
401,785,7
402,64,8
402,77,25
402,119,12
402,133,8
402,147,17
402,291,14
402,394,8
402,419,12
402,470,17
402,575,3
402,683,8
402,829,8
402,842,18
402,1168,8
403,0,28
403,72,3
403,312,3
403,477,3
403,1522,3
404,631,40
405,21,23
405,112,15
405,129,2
405,160,26
405,201,23
405,330,19
405,545,10
405,782,2
405,861,2
405,901,2
405,1011,2
405,1165,10
406,78,21
406,141,16
406,159,5
406,807,5
407,283,31
408,0,19
408,147,17
408,275,17
408,294,35
408,612,19
408,789,18
408,905,19
408,1010,19
408,1643,19
409,724,16
409,917,14
409,1308,3
409,1698,4
410,82,34
410,121,21
410,156,15
410,173,2
410,182,45
410,280,13
410,295,22
410,326,20
410,478,2
410,708,39
410,784,17
410,803,2
410,914,2
410,1708,18
412,43,14
412,66,3
412,194,14
412,305,20
412,1208,3
413,11,18
414,27,18
414,288,5
414,480,23
414,591,14
414,1021,15
416,0,32
416,50,15
416,124,15
416,141,3
416,253,3
416,349,24
416,442,3
416,523,24
416,613,3
416,663,24
417,255,21
418,62,22
418,93,30
418,442,22
418,466,3
418,774,3
418,1713,3
419,11,18
419,132,18
419,367,31
419,737,18
419,841,18
420,95,11
421,25,22
421,49,22
421,73,3
421,112,17
421,206,3
421,260,28
421,489,3
421,515,3
421,739,15
421,874,3
421,922,3
421,941,16
421,1081,3
422,310,27
422,1983,13
423,175,6
423,286,2
423,266,18
423,777,2
424,32,20
424,85,20
424,156,20
424,224,30
424,772,27
425,7,22
425,216,29
425,290,14
425,1714,29
426,1,20
427,65,13
427,175,19
427,247,13
427,330,16
427,371,28
427,822,22
427,853,34
427,985,24
427,1716,13
428,274,22
428,766,20
429,187,11
429,453,3
430,65,8
430,565,8
431,309,13
431,447,13
431,625,13
432,22,21
432,102,16
432,368,23
432,733,18
432,867,21
433,46,16
433,106,16
433,128,17
433,409,16
433,610,16
433,949,15
433,1565,25
433,1707,17
433,1937,17
433,2045,16
434,86,27
434,115,3
434,152,19
434,269,3
434,387,20
434,851,21
435,70,17
435,119,12
435,152,36
435,229,29
435,300,16
435,442,39
435,484,15
435,1014,19
435,1134,33
435,1172,27
435,1292,17
435,1411,23
436,127,13
436,170,12
436,184,2
436,1263,17
436,1360,17
437,598,23
437,684,34
438,26,20
438,51,28
438,91,20
438,124,28
438,164,4
438,202,24
438,113,5
438,528,18
439,70,27
439,99,3
439,226,24
439,269,24
439,315,19
439,339,31
440,0,44
440,49,18
440,242,18
440,262,2
440,408,14
440,661,14
440,862,6
440,1036,15
440,1055,18
440,1191,2
441,0,33
441,371,17
441,599,17
441,736,28
441,766,3
441,964,3
441,1074,3
441,1079,33
441,1118,21
441,1256,19
441,1280,16
441,1352,18
441,1416,54
441,1538,18
441,1810,18
441,1830,2
441,1839,17
441,1960,2
441,2033,2
441,2147,19
441,2480,25
441,2516,14
441,2839,14
442,0,28
442,30,3
442,46,11
442,122,28
442,152,3
442,163,28
442,222,16
442,243,9
442,254,17
442,382,3
442,400,11
442,522,11
442,559,3
442,675,11
442,717,11
442,737,18
442,774,19
442,990,18
442,1037,11
442,1163,13
442,1522,11
442,1570,3
442,1627,13
442,1676,11
442,1702,18
442,1778,18
442,1815,11
442,1987,3
442,2008,3
442,2023,11
443,28,13
443,45,17
443,248,22
443,272,2
443,288,6
443,296,26
443,324,3
443,403,19
443,703,2
443,744,2
443,778,11
443,806,21
443,836,2
443,886,2
443,988,2
443,997,18
443,1044,30
443,1082,6
443,1487,11
443,1517,3
443,1522,6
443,1533,2
443,1578,2
443,1600,3
443,1619,6
443,1669,3
443,1737,2
443,1798,2
443,1815,6
443,1938,28
443,2058,2
443,2147,40
443,2203,29
443,2376,6
443,2414,6
443,2473,2
443,2507,3
443,2575,2
444,164,21
444,256,6
444,318,5
444,431,6
446,256,23
447,0,12
447,22,34
447,71,34
447,118,16
447,107,4
447,559,29
447,916,12
447,1109,3
447,1116,20
447,1219,4
447,1445,5
447,1645,4
448,54,36
448,274,24
448,369,36
448,407,4
449,159,15
449,690,10
449,1079,13
450,30,3
450,64,24
450,90,24
450,116,3
450,134,25
450,210,21
450,233,3
450,313,3
450,367,3
450,439,6
450,451,27
450,561,3
451,44,24
451,395,13
451,483,21
451,1043,13
451,1177,25
451,1340,13
451,1486,13
452,13,14
453,78,24
453,458,16
453,477,3
453,748,3
453,1186,3
453,1404,16
454,39,15
454,86,24
454,143,27
454,196,24
454,222,8
454,236,21
454,308,15
454,388,24
454,476,24
454,890,15
454,937,24
454,1129,24
454,1339,24
454,1444,24
455,68,24
455,129,24
455,155,3
455,164,27
455,233,23
455,267,38
455,319,16
455,536,3
455,688,25
455,1264,25
455,1462,3
455,1732,3
456,152,27
456,269,36
456,307,4
457,20,14
457,36,2
457,159,14
457,176,2
457,234,2
457,279,2
457,593,2
457,700,27
457,995,2
457,1114,40
458,40,21
458,81,16
458,99,21
458,123,3
458,134,31
458,241,6
458,250,30
458,312,3
458,359,23
458,398,6
458,428,40
458,488,17
458,536,16
458,561,3
458,677,3
458,728,9
458,1090,3
458,1183,6
458,1235,9
458,1303,6
458,1365,5
458,1536,15
458,1621,14
458,1668,6
458,1770,5
459,0,37
459,92,23
459,133,5
459,218,16
459,281,17
459,343,27
459,412,17
459,477,25
459,534,17
459,596,16
459,700,33
459,778,30
459,810,36
459,914,23
459,976,16
459,1098,23
460,9,28
460,317,34
460,374,2
460,678,2
461,137,17
461,167,13
461,298,17
461,612,13
462,156,18
462,1221,18
463,37,21
463,244,26
463,338,17
463,451,17
463,565,10
463,747,10
463,1102,23
464,165,21
464,211,21
464,234,3
464,257,58
464,519,3
464,593,3
464,785,3
464,884,3
464,1148,3
464,1586,3
464,1643,3
464,1664,25
464,1759,3
464,1836,3
464,1845,26
465,96,25
465,123,25
465,151,7
465,167,46
465,226,14
465,244,41
465,507,7
465,786,7
466,114,5
466,308,21
467,23,15
467,66,15
467,127,18
467,210,16
467,320,15
467,599,15
467,834,15
467,965,15
468,82,26
468,115,44
469,0,29
469,48,21
469,108,21
469,131,3
469,229,32
469,336,2
469,362,3
469,529,3
469,573,24
469,687,21
469,733,3
469,795,3
469,803,19
470,0,44
470,90,51
470,148,30
470,347,14
470,415,14
470,491,24
470,517,3
470,540,15
470,566,3
470,949,15
470,1122,15
471,41,3
471,62,20
471,172,25
471,199,3
471,272,13
471,323,21
471,364,3
471,346,4
471,534,3
471,657,3
471,780,3
471,1022,3
471,1191,22
471,1232,3
471,1275,5
471,1322,14
471,1416,3
471,1605,9
474,59,42
474,124,51
474,330,17
474,621,17
475,376,6
475,416,6
476,53,13
476,145,21
476,168,3
476,199,13
476,229,3
476,324,13
476,584,13
476,1039,13
476,1567,13
476,1670,13
478,68,17
478,90,13
478,105,16
478,124,16
478,143,3
478,169,46
478,239,46
478,302,13
478,464,3
478,653,3
479,95,26
479,124,2
479,825,2
479,974,2
479,1077,6
480,116,29
480,911,48
481,63,17
481,138,8
481,191,15
481,243,21
481,369,8
481,480,8
483,141,17
483,188,35
483,225,4
483,236,18
483,359,4
483,924,4
483,930,40
483,972,4
483,983,39
483,1024,5
483,1175,5
483,1474,5
483,1593,5
483,1637,4
483,1988,4
483,2063,4
483,2180,5
483,2278,4
483,2440,4
483,2506,4
483,2527,4
484,16,3
484,75,35
484,147,3
484,178,30
484,236,7
484,301,3
484,386,2
484,458,35
484,516,33
484,568,35
484,668,2
484,738,21
484,779,28
484,816,17
484,958,3
484,983,7
484,1070,3
484,1129,34
485,47,11
485,62,18
485,153,8
485,207,11
485,236,18
485,255,18
485,310,19
485,333,18
485,396,36
485,601,18
485,1220,28
485,1306,3
485,1650,16
485,1670,18
486,0,20
486,48,15
486,71,20
486,127,29
486,204,6
486,369,3
486,494,14
486,534,7
486,848,7
487,0,22
487,24,22
487,48,3
487,59,40
487,142,15
487,201,20
487,252,3
488,0,16
488,21,22
488,64,14
488,80,14
488,101,50
488,157,18
488,388,12
489,56,28
489,86,28
489,116,3
489,131,23
489,433,26
489,463,3
489,485,3
489,1348,3
490,398,14
490,418,5
490,414,2
491,190,21
491,635,19
491,1088,16
492,350,17
492,369,31
493,0,39
493,63,24
493,92,21
493,163,39
493,204,4
493,262,37
493,301,12
493,329,20
493,387,23
493,682,21
493,1031,24
493,1071,10
493,1125,4
493,1324,4
494,56,37
494,172,50
495,65,24
495,95,32
495,145,31
495,318,26
495,626,24
495,1092,19
495,1366,16
496,52,16
496,372,2
496,348,22
496,588,16
496,606,4
496,706,2
496,836,13
496,893,21
497,17,15
497,34,25
497,62,3
497,74,28
497,115,47
497,222,3
497,1035,3
497,1150,18
498,8,15
499,69,24
499,99,24
499,125,3
499,136,35
499,212,3
499,264,6
499,272,16
499,300,16
499,520,3
500,36,18
500,98,14
500,118,15
500,165,23
500,189,21
500,573,21
500,650,15
500,730,15
500,903,14
500,1235,24
500,1306,16
500,1557,5
501,4,11
501,127,11
501,786,16
502,1543,3
502,1641,20
503,47,13
503,110,13
503,200,33
503,314,30
503,435,23
503,584,13
503,720,13
503,793,6
503,819,14
503,901,18
503,945,23
504,220,34
504,603,5
505,41,24
505,67,3
505,199,24
505,225,3
505,258,3
505,431,3
505,544,3
505,969,3
505,992,2
505,1569,3
505,1677,3
506,0,8
506,22,13
506,70,11
506,83,8
506,117,13
506,132,12
506,146,8
506,156,23
506,185,18
506,277,22
506,325,11
506,654,12
506,716,13
506,749,11
506,959,6
506,995,8
506,1034,14
507,0,27
507,79,27
507,691,26
507,984,17
507,1270,25
507,1399,19
507,1445,17
507,1549,16
507,1639,17
507,2238,14
509,52,25
509,173,24
510,70,15
510,206,15
510,251,15
511,4,23
511,94,25
511,126,3
511,168,13
511,215,3
511,248,5
511,316,3
511,365,12
511,613,3
511,800,3
511,872,23
511,1064,3
511,1069,3
511,1099,6
511,1186,3
511,1297,3
511,1386,24
512,26,16
512,44,16
512,62,3
512,82,18
512,858,12
512,971,5
512,1017,5
512,1335,4
512,1521,4
513,271,26
513,299,2
513,382,2
513,1274,15
513,1319,14
514,48,17
515,19,17
515,80,17
515,258,40
515,382,17
515,410,28
515,473,23
515,498,26
515,535,39
515,580,19
515,647,13
515,666,15
515,688,16
515,706,28
515,765,23
515,821,50
515,941,13
516,0,14
516,148,11
516,388,3
516,556,21
516,581,20
517,97,16
517,145,22
517,288,6
517,491,19
517,662,19
517,913,28
517,996,8
517,1094,24
517,1422,25
517,1513,35
518,104,21
518,128,2
518,350,2
518,1093,13
518,1139,6
518,1154,2
520,78,13
520,367,20
520,468,5
520,495,13
520,604,5
520,630,13
520,729,13
520,809,23
520,894,13
520,1050,14
520,1164,13
520,1522,14
520,1584,13
520,1663,21
521,40,28
521,173,55
521,230,3
521,252,13
521,277,9
521,300,11
521,703,3
521,910,29
521,962,3
523,93,29
523,147,29
523,178,5
523,224,5
523,261,23
523,286,5
523,304,32
523,357,21
523,380,3
523,392,3
523,438,3
523,443,26
523,471,4
523,496,3
523,540,3
523,691,3
523,662,27
523,926,5
523,1017,3
523,1085,3
523,1104,5
523,1113,4
523,1214,5
523,1237,3
523,1380,5
523,1586,10
524,24,47
524,461,22
524,485,3
524,590,20
524,616,8
524,667,19
524,688,28
524,718,3
524,804,26
524,1027,3
524,1128,3
524,1184,3
524,1313,9
525,37,13
525,694,13
525,977,16
525,1074,13
526,1994,11
527,341,44
527,425,20
527,500,23
527,559,13
527,666,13
527,1007,13
528,29,6
528,221,6
528,279,26
528,307,3
528,365,6
528,1386,6
529,20,29
529,314,3
529,296,16
529,1468,3
529,1538,2
530,81,30
531,75,54
531,131,54
531,200,17
531,240,46
531,187,5
531,1121,14
531,1213,39
533,105,48
533,257,48
533,354,27
533,456,13
533,516,13
533,609,13
533,743,13
533,1344,26
533,1473,13
533,1515,13
533,1693,13
534,54,26
534,82,14
534,113,11
534,132,13
534,216,36
534,254,4
534,336,14
534,400,36
534,491,14
534,620,13
534,711,13
534,775,14
534,917,16
534,1253,14
534,1300,7
534,1419,7
535,75,18
535,782,19
536,106,21
536,129,3
536,141,27
536,227,27
536,271,3
536,452,3
536,740,3
536,1023,3
536,1209,3
536,1370,17
537,59,19
537,193,27
537,222,4
537,298,2
537,339,10
537,693,4
537,796,18
537,816,10
537,828,22
537,859,18
537,946,6
537,956,22
537,1045,22
537,1353,2
537,1379,19
538,0,44
538,196,46
538,301,34
538,491,12
538,505,23
538,530,12
538,544,12
538,568,18
538,796,53
538,1169,25
538,1273,5
538,1288,20
538,1374,19
538,1454,22
538,1482,8
538,1494,23
538,1519,12
538,1533,6
538,1541,21
538,1571,12
539,82,30
539,153,25
539,180,7
539,189,12
539,218,32
539,381,7
539,562,3
539,1393,7
540,112,21
540,211,28
540,458,13
540,651,21
540,794,28
540,922,9
540,1324,13
540,1576,24
540,1691,13
541,12,27
541,95,28
541,165,17
541,233,31
541,184,3
541,285,3
541,322,9
541,409,3
541,611,6
541,754,6
541,1057,3
541,1304,3
541,1390,3
541,1581,3
541,1703,3
542,10,15
542,104,21
542,127,21
542,150,3
542,165,39
542,306,14
542,385,15
542,521,29
543,153,23
543,178,3
543,227,3
543,306,3
543,512,3
543,673,3
543,681,27
543,710,32
543,768,50
543,824,18
543,1064,20
543,2377,23
543,2495,54
543,3044,23
543,3156,15
543,3433,3
543,3441,20
543,3651,3
543,3729,24
545,22,28
546,0,50
546,204,22
546,239,22
546,263,3
546,290,25
546,417,3
546,422,33
546,457,3
546,511,16
547,21,3
547,49,18
547,91,3
547,211,22
547,235,3
547,435,3
547,556,22
547,593,35
547,643,39
547,630,4
547,684,5
547,794,3
547,824,3
547,872,3
547,957,3
547,1008,32
547,1099,12
547,1219,3
547,1502,12
547,1845,3
547,2080,3
548,78,28
548,109,28
548,139,3
548,150,25
548,186,29
548,345,3
548,396,3
548,439,3
548,468,3
548,1025,3
549,31,18
551,36,13
551,175,13
551,275,13
551,333,13
551,589,13
551,718,14
551,1066,13
551,1226,13
551,1440,13
551,1612,13
551,1975,13
551,2054,13
552,31,12
552,108,12
553,117,10
553,652,14
553,751,18
553,1052,14
554,116,63
554,274,22
554,1209,14
555,100,25
555,142,52
555,216,25
555,243,4
555,285,15
555,1732,15
555,1787,15
556,0,26
556,482,26
556,514,26
557,0,26
557,45,66
557,123,75
557,219,13
557,234,25
557,293,14
557,369,13
557,388,24
557,433,26
557,535,20
557,715,19
557,750,15
557,881,21
557,1004,15
557,1029,11
557,1078,15
559,0,20
559,636,27
559,717,23
559,1259,27
559,1304,31
559,1353,23
559,1397,34
560,0,49
560,70,33
560,242,32
560,483,12
560,675,21
560,754,58
560,904,21
561,26,7
561,48,21
561,107,21
561,131,3
561,266,3
561,485,3
561,836,17
561,1019,3
561,1111,3
562,4,21
562,29,26
562,157,21
562,408,22
562,510,16
562,528,21
562,937,16
562,1238,21
562,1304,22
562,1400,15
563,19,7
563,60,7
563,214,18
563,339,26
563,421,16
563,841,16
563,959,17
565,156,15
565,621,15
565,2199,15
566,46,22
566,73,11
566,111,22
566,135,3
566,146,38
566,238,5
566,340,3
566,495,3
566,557,3
566,601,3
566,1096,3
566,1781,3
566,1978,3
566,2020,26
567,147,13
567,178,25
567,208,21
567,644,15
568,161,26
568,188,21
568,214,20
568,515,16
568,860,6
568,982,13
568,1548,7
569,59,21
569,85,12
569,450,13
569,480,6
569,490,9
569,502,14
569,745,17
569,784,24
569,810,3
569,1235,13
569,1311,3
569,1388,3
569,1588,9
569,1802,3
569,1970,13
570,1000,2
571,45,6
571,123,42
571,178,40
571,167,5
571,708,3
571,716,6
571,1235,6
571,1372,6
571,1602,6
572,77,12
572,120,14
572,277,14
572,293,2
572,329,2
572,523,2
572,651,20
572,698,2
572,859,20
573,0,53
573,87,14
573,155,34
573,241,20
573,342,19
573,450,30
573,849,34
574,11,28
574,167,28
574,208,3
574,246,3
574,360,3
574,639,28
574,678,19
574,701,17
574,720,18
574,901,43
574,946,18
574,970,14
574,990,14
574,1338,28
575,185,22
576,93,17
576,266,25
576,524,4
576,580,19
576,601,3
576,619,30
576,651,4
576,499,23
576,719,13
576,745,13
576,769,12
576,787,17
576,814,14
576,830,13
576,936,2
576,1019,21
576,1048,2
576,1174,16
576,1430,3
576,1547,11
576,1578,13
576,1705,2
577,22,12
578,24,29
578,55,3
578,101,29
578,132,3
578,150,19
578,254,3
578,358,3
578,1201,20
578,1304,20
578,1398,5
579,11,18
579,69,18
579,89,2
579,185,18
579,339,2
579,506,21
579,531,2
579,1373,2
580,46,29
580,77,29
580,112,26
580,233,21
580,260,15
580,804,29
580,1328,29
581,1022,23
584,18,32
584,99,33
584,254,3
584,338,18
584,359,20
584,384,17
584,446,3
584,479,20
584,504,17
584,622,3
584,1049,3
584,1128,3
584,1220,3
584,1431,3
584,1546,3
584,1646,3
584,1725,3
584,1826,3
585,14,31
585,153,21
585,379,20
585,401,21
585,433,23
586,110,15
586,127,15
586,147,24
586,601,15
586,1489,17
586,1802,15
587,0,32
587,90,32
587,124,4
588,24,17
588,113,4
588,124,17
588,225,4
589,358,15
589,1508,15
589,1822,15
590,0,33
590,72,33
590,107,4
590,118,36
590,182,14
590,201,25
590,261,21
590,377,20
590,830,4
590,1039,4
590,1115,15
591,10,30
591,42,3
591,71,21
591,110,3
591,141,6
591,194,26
591,222,3
591,255,30
591,287,3
591,362,3
591,389,3
591,508,3
591,615,3
591,860,22
591,925,3
591,972,8
591,1056,14
591,1074,15
591,1238,35
591,1275,4
591,1337,21
591,1497,18
591,1546,3
591,1887,6
592,44,46
592,178,20
592,220,33
592,255,4
592,347,32
592,516,33
593,0,15
593,146,40
593,245,3
593,695,3
593,1175,23
594,12,48
594,124,31
594,199,42
594,254,20
594,157,2
594,741,10
594,821,6
594,1078,5
594,1191,25
594,2166,13
594,2181,12
594,2201,24
596,119,14
596,271,22
596,397,14
596,482,25
596,524,24
596,672,22
596,700,18
596,722,30
596,769,26
596,840,37
596,879,23
596,912,21
596,1391,13
597,261,25
597,348,7
597,425,5
597,689,16
598,8,19
598,45,20
598,128,20
598,150,2
598,180,19
598,281,19
598,384,19
598,433,2
598,500,19
598,646,17
598,936,6
598,1032,19
598,1243,2
598,1268,19
598,1412,16
598,1567,2
598,1635,19
598,1756,19
599,209,8
599,1039,8
599,1394,8
599,1625,8
600,38,18
600,92,18
600,116,20
600,139,2
600,152,39
600,359,2
600,478,38
600,1019,2
600,1486,2
601,29,41
601,87,5
601,158,5
601,648,35
601,1044,5
601,1063,5
601,1161,13
601,1232,19
601,1504,38
601,1742,5
602,12,15
603,416,23
603,441,3
603,767,15
603,883,15
604,763,17
605,16,17
605,53,17
605,72,3
605,83,46
605,131,3
606,24,24
606,53,6
607,47,35
607,87,35
607,124,3
607,378,20
607,744,8
607,916,3
607,1103,14
607,1167,19
608,13,43
608,210,49
608,709,7
608,1167,15
609,26,14
609,57,25
609,181,61
609,244,3
609,292,3
609,316,33
609,409,15
609,448,18
609,483,3
609,578,15
609,772,3
609,839,3
609,894,15
609,980,15
609,1019,11
609,1071,28
609,1111,24
609,1175,18
609,1313,19
609,1448,11
609,1512,18
609,1937,13
609,2148,14
609,2195,3
610,476,24
610,624,19
610,2086,22
611,655,2
611,631,22
612,86,25
612,119,7
612,221,18
612,356,12
612,373,13
612,465,6
612,596,6
612,678,6
612,778,25
612,1114,25
613,52,30
613,201,22
613,225,3
613,634,17
613,971,6
613,1047,9
613,1061,13
613,1079,18
613,1102,4
613,1136,8
613,1149,4
613,1159,20
613,1288,23
613,1691,3
613,1793,12
613,1809,21
614,22,20
614,49,18
614,97,20
614,119,3
614,146,60
614,274,15
614,618,16
614,1267,3
614,1396,2
614,1698,3
615,76,5
615,101,17
615,217,5
615,240,20
615,363,17
615,490,5
615,725,40
615,802,17
615,896,34
615,1135,9
615,1218,17
615,1290,5
617,266,14
618,154,5
618,198,6
619,48,24
620,0,63
620,65,63
620,143,13
620,179,47
620,130,6
621,34,21
621,133,21
621,157,2
622,0,15
622,51,8
622,71,15
622,103,35
622,409,44
622,459,30
622,501,14
622,551,20
622,663,15
623,65,50
623,242,50
623,294,6
623,396,6
623,1195,6
623,1361,6
624,0,24
624,28,17
624,162,3
624,182,17
624,145,15
624,798,24
624,1740,3
624,1851,3
624,1967,3
624,2034,3
625,42,33
625,77,28
625,107,3
625,116,33
625,151,4
625,161,55
625,248,3
625,258,17
625,305,4
625,316,29
625,411,29
625,452,15
625,645,3
625,649,4
626,69,22
626,264,22
626,288,2
626,654,2
626,847,22
626,910,22
626,1032,2
626,1182,2
626,1899,2
626,2199,2
627,598,3
627,693,3
627,995,3
628,43,17
628,153,17
628,172,4
628,195,16
628,693,4
628,1183,4
629,95,20
629,321,29
629,361,39
629,402,4
630,33,8
630,108,37
630,152,37
631,42,21
631,152,21
631,176,3
631,241,28
631,461,3
631,476,6
631,628,3
631,655,3
631,852,3
631,1105,3
631,1214,29
631,1316,5
632,81,28
632,283,28
632,313,3
632,657,3
632,1693,3
633,89,18
633,331,18
633,394,27
633,423,3
633,429,25
633,456,3
633,466,29
633,497,3
633,1114,23
633,1306,3
633,1314,3
633,1560,3
633,1568,3
633,1585,17
633,1896,15
634,150,20
635,29,22
635,104,22
635,128,3
635,139,39
635,346,3
635,857,3
636,149,5
636,156,2
636,449,3
636,634,13
636,1201,3
637,40,16
637,58,31
637,91,17
637,114,19
637,293,36
637,334,65
637,515,17
637,575,20
637,597,16
637,679,18
637,699,17
637,718,13
637,747,16
637,1240,16
637,1261,6
638,0,26
638,96,15
638,116,17
638,255,26
638,283,3
638,351,23
638,422,6
638,437,21
638,460,2
638,506,25
638,564,18
638,637,31
638,714,10
638,773,6
638,903,14
638,1020,17
638,1068,3
638,1206,18
638,1357,14
638,1413,9
638,1647,3
638,1849,14
638,1879,10
638,1932,3
638,2034,20
638,2127,30
638,2183,3
638,2251,5
638,2361,18
638,2417,3
638,2566,6
638,2590,3
638,2700,9
639,0,17
639,65,18
639,152,26
639,180,3
639,216,30
639,283,18
639,315,3
639,373,13
639,708,3
639,830,3
639,948,18
639,1116,7
639,1314,37
639,1517,21
640,23,11
640,59,11
640,95,11
640,108,4
640,293,9
640,427,9
640,505,4
640,542,16
640,697,16
640,778,28
640,808,4
640,840,18
640,876,11
640,891,24
640,931,20
640,977,4
640,987,9
640,1138,35
640,1269,4
640,1282,9
640,1404,9
640,1415,22
640,1522,4
640,1607,11
640,1622,24
640,1732,9
640,1743,24
640,1888,11
640,2223,4
641,793,25
641,838,11
642,24,34
642,223,16
642,267,3
642,559,3
642,1107,33
642,2011,14
643,379,20
643,449,3
643,491,39
643,532,4
644,0,24
646,109,36
646,148,12
646,313,13
646,387,20
646,410,17
646,430,15
646,466,2
646,560,30
646,614,12
646,629,36
646,694,16
647,29,28
647,59,14
647,87,48
647,137,3
647,258,6
647,75,2
647,266,14
647,706,17
647,973,12
647,1216,17
647,1251,3
647,1450,7
648,30,8
648,123,25
648,180,19
648,325,8
648,541,8
648,588,3
649,42,14
649,150,30
649,185,6
649,204,17
649,335,6
649,645,6
649,697,13
649,933,7
649,1114,17
650,161,30
650,193,3
650,1045,33
651,1,30
651,184,14
651,215,30
651,635,21
652,39,12
652,171,12
652,222,20
652,261,8
652,278,27
652,412,5
652,185,2
652,743,5
653,312,17
653,335,3
653,394,31
653,340,30
653,491,17
653,569,18
653,597,3
653,779,6
653,864,17
653,1012,25
653,1076,8
653,1130,6
653,1215,3
653,1220,26
653,1260,3
654,275,20
654,498,25
655,78,7
655,147,16
655,480,5
655,576,14
655,651,9
655,672,13
655,693,5
655,761,12
655,775,17
655,830,17
655,1039,20
655,1120,6
655,1152,12
655,1218,13
656,164,27
656,193,3
656,197,3
656,573,3
656,577,3
657,33,28
657,674,11
657,770,20
657,837,18
658,1128,15
660,107,16
660,350,28
660,825,15
660,992,16
662,53,27
662,103,27
662,132,3
663,0,38
663,86,27
663,115,3
663,124,25
663,151,3
663,257,3
663,261,3
663,586,3
663,611,3
663,699,3
663,708,21
663,828,10
663,985,16
663,1003,43
663,1051,43
663,1198,3
663,1202,3
665,57,27
665,110,27
665,139,3
665,165,39
665,403,16
665,459,3
665,690,3
665,741,3
666,12,27
668,42,35
668,333,35
668,399,3
668,561,12
668,652,3
668,663,26
668,970,3
669,11,26
672,24,3
672,111,34
673,34,18
673,233,18
673,913,18
674,0,18
674,79,18
674,432,18
674,703,18
674,1045,17
676,0,20
676,118,33
676,153,4
676,250,27
676,279,3
677,149,14
678,16,44
679,58,22
679,250,20
680,40,8
680,129,8
680,398,8
680,577,8
680,752,8
680,827,8
680,886,24
681,74,15
681,188,15
681,575,13
681,676,15
681,917,15
682,31,25
682,118,25
682,145,4
682,174,22
682,214,22
682,241,25
682,273,4
682,544,4
683,34,3
683,52,17
683,75,3
683,80,26
683,132,30
683,210,40
683,295,3
683,316,6
683,394,44
683,440,25
683,471,32
683,524,6
683,790,18
683,858,3
683,945,3
684,254,3
685,22,27
685,119,27
685,148,3
685,235,3
686,0,39
688,0,17
688,22,23
688,64,15
690,81,19
691,0,29
691,102,15
691,142,15
691,159,3
691,242,3
691,470,20
691,492,18
691,622,31
691,744,17
691,847,3
691,922,33
691,1199,3
691,1242,3
691,1386,3
692,42,25
692,155,25
693,502,13
695,68,24
695,156,17
695,234,23
695,445,6
695,548,6
695,630,6
695,691,6
695,808,13
695,890,7
695,1123,14
695,1219,17
695,1277,12
695,1566,6
695,2012,12
695,2034,12
695,2254,24
696,231,25
696,258,4
696,270,41
696,486,22
696,765,4
696,933,4
697,25,24
697,131,24
697,167,48
697,220,14
697,571,24
697,860,18
697,881,13
697,948,13
698,143,33
698,347,14
698,379,18
698,429,18
698,555,14
698,1530,27
699,128,45
699,334,26
701,592,18
701,956,21
701,1004,18
702,91,18
702,134,18
702,155,2
702,571,2
702,1257,2
703,82,26
703,110,3
703,120,5
703,155,24
703,202,3
703,616,17
703,793,3
704,38,23
704,140,13
704,219,3
704,187,30
704,956,28
704,1084,22
704,1110,13
704,1171,33
704,1226,19
705,4,18
705,501,18
705,734,18
707,75,20
707,301,20
708,0,28
708,112,28
708,142,3
708,153,34
708,205,27
708,1666,3
709,15,52
709,136,17
709,155,25
709,187,28
709,228,55
709,370,2
709,353,15
709,1156,24
710,251,30
710,283,3
710,423,14
710,549,3
710,683,17
710,759,19
710,856,3
710,1051,3
711,102,3
711,193,5
711,300,16
712,20,26
712,57,26
712,85,3
712,243,3
712,645,20
712,863,3
713,6,24
713,89,24
713,115,3
713,124,25
713,151,3
713,174,29
713,221,16
713,270,3
713,1370,3
713,1520,14
713,1654,28
713,1684,16
713,1702,16
713,1720,17
713,1754,18
714,21,13
714,62,21
714,166,21
714,367,13
714,452,25
714,1370,6
715,23,14
715,182,14
715,513,14
716,48,49
716,193,24
716,268,48
716,351,9
716,368,15
716,410,37
716,733,57
716,802,16
716,1193,13
717,48,32
717,152,48
717,350,15
717,367,3
717,433,3
717,564,3
717,574,3
717,588,21
717,882,3
717,906,3
717,1083,3
717,1269,3
717,1310,3
717,1867,3
717,1970,3
718,193,22
718,216,29
718,249,26
718,1326,15
719,291,22
719,457,16
719,499,26
719,527,3
719,546,18
719,583,17
719,856,27
719,1507,23
720,41,18
720,124,15
720,171,11
720,414,10
720,504,19
720,998,5
720,1042,24
720,1161,23
720,1273,14
720,1569,23
720,1609,5
720,1636,18
720,1748,24
721,102,14
721,130,16
721,163,10
721,225,30
721,310,10
721,367,14
721,1288,27
722,48,16
722,184,23
722,218,16
722,239,27
722,293,16
722,315,2
722,791,23
723,110,5
723,325,19
724,25,25
724,65,10
724,135,20
724,157,3
724,318,28
724,417,16
724,479,17
724,498,3
724,581,12
724,698,16
724,806,11
724,997,3
724,1072,7
724,1090,3
724,1199,10
724,1313,22
724,1353,9
724,1391,27
724,1430,3
724,1490,10
724,1547,14
724,1618,3
725,66,38
725,115,38
725,155,3
725,163,3
725,282,3
725,1212,3
725,1316,3
725,1320,3
725,1347,3
725,1426,3
725,1466,3
725,1582,3
725,1653,3
726,45,20
726,67,76
726,169,20
726,401,20
726,560,18
726,599,15
726,945,15
726,963,24
726,1175,24
726,1220,20
727,21,16
727,41,21
727,108,21
727,131,3
727,197,7
727,337,16
727,401,3
727,549,12
727,578,24
727,734,14
727,824,21
727,878,3
727,987,19
727,1035,3
727,1075,16
727,1178,3
727,1269,3
728,39,13
728,129,6
728,140,18
728,160,19
728,206,12
728,746,42
728,833,28
729,131,28
729,161,28
729,200,42
729,731,28
729,1017,24
729,1531,28
729,1745,28
730,62,5
731,174,2
731,154,18
731,314,2
731,705,2
731,857,2
731,1056,32
732,21,22
732,108,15
732,237,15
732,589,14
732,1004,18
732,1059,18
732,1297,31
732,1489,15
733,129,18
733,173,17
733,301,28
733,1342,8
734,59,17
734,98,17
734,141,16
734,187,24
734,228,13
734,283,40
734,325,6
734,213,3
734,357,17
734,403,17
734,629,6
734,778,19
734,1131,12
734,1463,26
734,1573,13
734,1491,3
734,1801,20
734,1872,17
734,1963,14
735,69,12
735,182,12
735,875,34
735,1324,21
735,1475,12
735,1699,12
736,33,26
736,65,11
736,144,26
736,396,10
736,407,9
736,473,10
736,633,23
736,830,15
736,847,42
736,910,18
736,930,29
736,964,14
737,90,29
737,174,29
737,225,17
737,767,21
738,53,20
738,98,20
738,120,3
738,135,27
738,382,3
738,537,3
738,790,20
738,1113,3
739,1,21
739,59,21
739,82,3
739,112,16
739,364,3
739,457,3
739,601,3
739,701,3
739,831,3
739,1208,3
739,1330,27
739,1455,3
739,1549,12
739,1601,3
739,1825,3
739,1881,3
739,1969,3
740,73,16
740,212,29
740,243,3
740,330,3
740,496,3
740,603,18
740,849,3
740,857,23
740,940,8
740,882,4
740,1179,21
740,1242,21
740,1347,3
740,1398,18
740,1520,16
740,1578,3
741,0,43
741,138,37
