0,159,18
1,1232,36
1,1340,37
2,17,30
3,34,28
3,91,3
3,68,21
3,392,13
3,1083,13
3,1554,3
5,65,36
6,0,32
6,522,15
6,539,27
6,568,15
6,585,25
6,612,23
9,53,12
9,67,13
9,156,6
9,1350,12
9,1614,13
10,54,16
12,48,17
12,87,21
13,39,21
13,62,3
13,68,21
13,91,3
13,102,17
13,188,23
13,348,3
13,400,3
13,1430,3
15,74,15
15,139,28
15,370,15
15,708,14
15,1021,15
15,1761,21
15,2108,15
15,2711,15
17,33,19
18,72,9
18,145,27
18,276,9
18,306,30
18,345,27
18,374,3
18,844,8
18,995,3
18,1134,3
18,1488,28
19,525,14
19,1547,14
20,1377,43
21,166,13
21,369,9
21,418,37
22,26,14
22,97,22
22,180,14
22,1433,22
23,11,16
23,197,30
23,229,3
23,244,16
23,300,26
23,331,18
23,507,17
23,547,19
23,717,16
25,0,28
25,119,28
25,149,3
25,301,27
25,1222,3
26,412,23
28,269,19
28,491,15
28,759,15
30,748,81
30,1315,19
31,74,27
31,155,27
31,184,3
31,190,3
31,349,28
31,963,3
31,1088,3
32,0,15
34,0,39
34,231,27
34,268,20
38,49,29
38,158,29
38,189,3
38,499,21
38,840,16
40,78,21
41,28,18
41,48,18
41,103,18
41,126,26
41,68,3
41,1041,32
41,1247,66
41,1350,17
41,1369,14
41,1389,32
42,245,18
42,307,16
42,1274,11
43,61,29
43,361,9
43,625,18
43,1349,22
44,243,18
44,263,2
44,724,24
46,217,10
47,139,32
47,177,18
47,508,16
47,992,18
47,1042,30
47,1252,54
50,638,32
51,476,3
52,150,14
52,257,22
52,297,20
52,378,14
52,413,22
52,825,14
52,935,14
52,1914,14
54,105,21
54,128,2
54,815,24
55,0,29
56,75,27
56,127,27
56,536,27
58,18,20
58,215,18
58,245,20
58,327,22
58,634,20
58,851,20
58,940,20
58,1031,21
58,1154,20
58,1313,20
60,67,35
60,104,35
60,319,27
60,141,3
62,31,43
62,131,18
62,645,18
62,835,18
62,1463,18
62,2208,18
62,2758,27
62,2930,18
63,181,15
63,275,21
63,1283,13
64,0,15
64,126,15
64,299,3
65,110,28
65,140,28
65,170,3
66,1,31
66,99,31
66,132,3
67,158,58
67,443,16
68,120,15
68,148,40
69,124,44
71,0,24
71,165,24
71,191,3
71,245,24
71,1623,13
72,842,5
72,1017,14
72,1264,12
73,55,13
73,79,13
73,94,3
73,122,18
73,374,3
73,438,3
73,701,27
73,1193,3
73,1644,3
75,38,20
75,493,21
77,193,2
77,171,20
77,559,2
77,631,2
77,1440,2
78,254,2
78,232,20
78,407,2
80,45,18
80,86,18
80,106,2
80,123,21
80,688,2
80,882,2
80,1149,2
80,1258,2
80,1459,2
80,1582,2
80,1624,2
80,1792,2
80,1901,2
81,0,23
81,121,23
81,262,23
81,329,23
81,408,14
81,578,23
81,633,14
81,858,23
81,989,23
81,1155,24
81,1275,15
81,1322,23
83,15,16
83,33,22
83,163,39
83,326,37
83,652,17
83,894,22
84,45,27
84,172,30
84,369,27
86,0,54
86,131,54
88,65,17
88,228,13
88,348,17
88,491,17
88,803,17
88,905,5
88,926,17
88,997,6
88,1078,17
88,1465,13
89,55,21
89,261,21
89,284,3
89,337,28
89,424,22
89,659,3
89,973,12
89,1044,3
90,83,14
90,426,25
90,504,18
91,180,24
91,277,17
91,206,3
91,365,33
91,1502,3
91,1622,3
92,95,26
92,133,18
92,153,2
92,249,22
92,320,2
92,386,2
92,641,16
92,1515,2
93,86,5
93,162,23
93,445,23
93,2005,13
94,14,14
94,30,19
94,66,13
94,99,23
94,292,16
94,324,14
94,340,19
94,400,13
94,422,18
94,446,22
95,99,17
95,118,3
95,1244,22
96,0,16
96,50,16
96,68,16
96,97,16
96,673,16
97,1059,23
98,159,13
98,1183,13
98,1248,37
99,1876,15
100,64,18
100,135,6
100,245,18
100,467,27
100,496,3
100,683,18
100,1677,18
100,1884,17
100,1934,31
101,57,29
101,88,29
101,119,5
101,394,17
101,598,31
101,739,26
101,1024,35
101,1869,36
103,99,25
103,126,19
103,147,4
104,56,20
104,237,24
106,66,23
106,285,23
106,1180,16
106,2225,27
107,592,17
107,2040,22
109,230,18
109,1229,14
110,126,2
110,109,15
110,399,13
110,414,23
112,30,32
112,337,10
112,364,26
112,402,12
112,441,21
112,392,3
112,1540,24
116,558,9
120,146,21
123,202,42
123,573,9
123,772,18
124,50,39
124,345,28
124,1179,23
124,1214,16
124,1204,3
124,1702,20
124,1979,23
126,142,27
126,171,3
126,200,21
126,423,19
128,4,23
128,140,17
128,276,3
128,566,3
128,1325,29
128,1856,25
129,168,51
129,249,18
129,424,17
129,632,15
129,1032,14
130,121,26
131,73,21
131,587,52
131,641,8
131,1396,29
132,1007,8
134,78,16
134,109,13
134,229,14
134,335,14
134,1406,23
135,68,28
135,98,3
136,54,35
136,270,32
136,578,36
136,1566,22
137,0,24
137,99,24
137,272,37
138,56,21
138,126,16
138,167,3
138,753,50
139,82,36
139,565,36
141,305,19
141,757,52
142,515,16
142,1677,21
143,346,24
144,100,35
146,56,16
146,665,35
147,0,69
147,101,34
147,202,24
149,206,20
149,1435,27
150,36,34
150,72,15
150,289,15
150,1667,34
151,85,18
151,105,18
151,261,28
152,32,6
153,324,14
155,466,15
155,1167,14
155,1551,14
156,35,20
156,67,14
157,50,30
157,640,14
157,715,23
157,1672,21
159,109,15
159,211,28
159,749,3
160,141,24
160,171,24
160,197,3
161,430,14
163,420,15
165,952,80
168,238,25
168,380,26
168,638,25
168,1659,17
170,0,38
170,120,21
170,143,40
170,381,20
170,665,21
174,2045,26
176,1276,16
177,37,18
177,161,20
177,254,13
177,348,18
177,453,13
177,468,2
178,151,28
178,204,3
179,97,7
179,261,23
179,614,27
179,848,17
181,46,25
181,80,42
182,0,29
185,440,25
186,26,17
186,116,3
186,159,18
186,505,10
186,892,17
186,951,3
186,996,18
187,93,28
187,189,20
187,123,3
188,0,18
188,126,18
188,146,2
188,787,2
188,930,2
189,81,13
189,680,13
190,111,14
190,196,14
190,212,2
190,422,21
190,478,21
190,1678,2
191,614,20
192,87,14
192,103,14
192,119,2
192,370,39
193,98,26
193,126,26
193,253,20
193,154,3
193,348,20
193,800,41
193,1334,20
194,78,13
194,106,13
194,300,13
194,333,13
194,703,21
195,920,20
197,111,13
197,1410,28
201,121,24
203,15,26
203,208,35
203,245,3
203,413,5
203,442,3
203,485,12
203,670,35
203,1097,18
203,1163,3
204,343,19
204,654,20
205,729,4
206,80,18
206,100,3
206,450,28
206,565,24
206,932,23
206,957,3
207,1090,19
209,85,15
209,714,15
209,1374,15
209,1503,15
209,1582,24
210,73,19
210,1538,13
212,503,14
212,929,5
214,267,27
214,296,37
214,338,18
215,123,13
215,184,13
215,326,28
215,394,13
215,900,24
215,1556,13
216,339,7
217,31,6
217,112,6
217,151,26
217,1450,15
217,1581,24
217,1698,15
218,86,28
218,116,28
218,146,3
218,372,45
219,0,27
219,698,27
220,31,14
220,91,14
220,107,3
221,32,85
221,136,91
221,245,28
221,1216,13
221,1300,13
221,1393,13
222,225,2
222,203,20
222,570,2
224,212,16
224,236,12
224,260,20
224,230,3
226,72,25
226,99,26
226,265,13
226,509,25
226,620,24
226,1537,25
226,1625,13
226,1687,24
227,236,29
227,702,36
228,73,21
228,118,20
228,177,17
228,140,2
230,86,17
230,142,17
230,216,27
230,161,3
230,357,3
230,886,3
230,1000,3
231,16,18
231,97,18
231,152,18
231,1196,18
233,169,18
233,1315,18
235,174,20
235,300,20
236,286,18
236,306,2
236,338,19
236,1611,2
236,1681,2
237,155,17
237,227,17
239,175,14
239,191,3
240,1176,12
242,196,19
243,67,21
243,441,20
243,466,18
244,50,34
244,242,34
244,278,4
245,573,26
245,616,8
247,620,25
248,43,21
248,147,21
248,170,3
248,442,3
249,188,41
250,1276,19
251,20,80
252,66,30
252,123,39
252,175,19
252,211,32
252,424,32
252,1059,18
253,202,13
253,852,36
253,1302,25
255,81,18
255,128,18
255,149,2
255,270,2
255,447,2
255,764,2
255,1261,18
256,134,13
256,575,13
257,844,5
258,278,26
260,63,41
260,260,39
260,470,12
260,1231,12
260,1739,23
262,580,28
262,947,20
265,17,31
265,105,24
265,292,20
265,381,24
265,482,39
266,117,35
266,733,6
267,185,35
267,222,3
268,0,24
268,259,31
268,314,24
268,340,3
269,108,35
269,255,42
269,145,3
271,67,19
271,168,13
271,264,20
271,556,43
271,641,19
271,1499,15
272,182,22
272,206,3
272,452,14
273,31,16
273,219,27
273,375,24
273,401,3
273,577,28
273,607,4
274,28,51
274,116,32
274,150,3
275,94,18
275,128,27
275,795,48
275,845,2
275,1296,2
276,94,20
276,417,18
276,965,22
277,52,27
279,180,19
280,381,14
280,400,25
282,286,26
282,726,15
283,44,26
283,254,29
283,479,26
283,1155,26
283,1323,17
283,1400,17
285,221,23
286,156,2
286,134,20
286,578,2
287,95,76
287,687,15
287,1392,15
289,71,40
289,516,13
289,533,15
289,732,40
289,1017,6
289,1324,20
289,1392,39
290,67,21
290,218,21
290,324,32
290,974,23
290,1201,13
290,1599,13
290,1748,13
291,116,25
291,202,12
291,357,25
292,117,28
292,158,47
292,507,15
293,1,24
293,26,26
294,119,97
294,453,4
294,842,4
296,112,39
296,153,4
297,18,18
297,39,38
297,320,14
297,437,15
297,526,27
297,817,14
297,997,15
298,163,25
299,233,14
299,471,22
301,92,36
301,726,13
302,266,25
303,0,20
303,250,20
303,619,19
303,828,19
303,893,19
303,1009,19
304,57,17
304,164,18
304,1266,17
305,67,25
305,172,36
307,80,19
307,178,22
307,611,19
308,0,28
308,30,28
308,179,9
308,60,3
308,612,3
308,1052,17
309,286,38
310,40,27
310,154,27
310,277,23
310,302,3
310,780,30
310,812,3
310,1144,2
310,1394,27
310,1423,2
312,35,26
312,119,18
312,63,3
312,171,26
312,199,3
312,570,15
312,767,3
312,805,15
312,1636,27
313,73,25
313,135,25
313,239,36
314,23,34
314,257,25
314,419,16
316,239,31
317,91,23
317,207,23
317,657,23
317,928,14
317,955,18
317,984,29
318,111,52
318,165,6
319,739,2
319,716,21
320,2012,12
321,191,97
321,1121,16
322,92,5
322,204,16
322,1501,13
323,43,20
323,213,68
323,382,3
323,1219,20
324,26,23
324,69,23
324,153,13
324,371,13
324,519,37
324,793,45
324,1483,6
324,1527,13
324,1679,23
326,84,24
326,156,23
326,208,13
326,311,13
326,398,24
327,90,18
327,111,2
327,748,2
328,1593,43
329,72,17
329,91,17
329,313,18
329,558,17
329,1013,17
330,53,14
330,72,24
330,155,6
330,530,22
330,555,38
330,686,14
330,2472,24
330,2902,2
332,52,25
333,1316,30
334,33,18
334,126,18
334,146,18
334,171,27
334,545,18
334,905,18
334,971,18
334,1134,18
335,17,21
335,374,20
335,396,21
335,428,39
335,469,4
335,1587,3
336,165,12
338,69,36
338,162,15
338,321,26
338,585,24
338,1336,15
338,1484,15
338,1939,15
338,2203,15
338,2359,15
339,275,16
339,1108,16
340,1015,22
341,84,24
341,114,19
341,135,24
341,308,24
341,349,8
341,384,24
341,425,28
341,482,8
341,560,24
341,648,8
341,790,8
341,1003,19
341,1302,24
341,1343,8
341,1453,19
346,588,22
347,61,24
347,91,24
347,117,3
348,133,13
348,197,35
348,399,36
348,507,26
348,544,13
348,852,13
348,1500,25
349,27,18
349,109,18
349,129,2
349,226,2
349,857,37
349,1084,2
352,202,15
352,647,27
352,1192,10
352,1260,10
353,89,6
353,100,15
353,358,24
353,1369,15
354,246,6
354,435,6
354,1774,18
355,107,21
355,186,16
355,204,49
355,420,15
355,471,21
355,1230,28
355,2060,5
356,109,7
356,1735,18
357,549,39
357,1287,24
358,240,65
359,334,29
359,365,2
360,26,16
360,44,16
360,62,3
360,687,13
360,721,23
360,911,18
362,11,25
363,213,25
365,159,23
365,184,35
365,221,3
365,2221,23
366,26,18
366,46,18
366,67,2
366,251,3
366,283,2
366,414,2
366,486,2
366,524,2
366,697,2
366,939,2
366,1004,2
366,1094,2
368,117,26
368,228,26
368,433,26
368,724,17
368,1041,26
368,1132,26
368,1208,26
368,1491,26
368,1834,26
370,81,24
370,172,40
371,82,41
371,489,18
372,117,17
372,1837,32
373,533,5
373,849,13
373,1080,26
373,1964,15
374,132,33
376,146,19
376,176,3
378,92,22
378,116,22
378,140,3
378,155,25
378,199,102
378,398,16
378,455,3
379,52,29
379,92,17
379,298,15
379,562,15
380,54,8
380,64,21
380,125,56
380,87,2
380,319,21
380,431,22
380,476,9
380,1349,13
380,1467,15
380,1557,19
380,1763,28
380,1880,19
380,2226,30
380,2501,21
381,299,15
381,461,15
382,358,17
382,707,19
382,1512,21
383,88,15
383,731,15
383,1229,24
383,1394,15
384,35,15
384,337,15
384,483,15
384,604,26
384,632,3
384,735,15
384,1423,24
384,1957,15
385,136,22
385,160,3
385,347,22
385,2000,17
388,81,42
388,442,53
391,41,48
391,113,19
391,155,20
391,292,30
391,631,41
391,1761,47
391,1858,21
391,1939,20
393,1376,42
393,1433,7
393,1526,14
394,131,15
394,293,15
394,599,15
394,656,18
394,1521,15
394,1595,17
394,1750,15
395,81,15
395,145,15
395,170,28
395,162,2
395,1116,21
395,1232,8
396,227,37
397,114,5
398,212,3
398,181,29
398,1288,3
399,18,26
399,81,26
399,145,18
400,514,30
401,256,18
402,64,8
402,394,8
402,470,17
402,829,8
402,842,18
402,1168,8
403,0,28
405,112,15
405,201,45
405,129,2
406,141,16
406,159,5
408,0,19
408,147,17
408,275,17
408,1010,19
408,1643,19
409,649,29
409,680,4
410,121,21
410,280,13
410,326,20
410,726,21
410,1708,18
412,43,14
412,194,14
412,305,20
414,288,14
416,50,15
416,124,15
416,141,3
416,349,24
416,663,24
417,255,21
419,737,18
419,841,18
421,25,22
421,49,22
421,274,14
424,32,20
424,156,20
424,224,30
425,216,88
425,1714,29
426,1,20
427,65,13
427,175,19
427,247,13
427,371,28
427,985,24
427,1716,13
429,187,11
429,662,21
433,46,16
433,106,16
433,409,16
433,610,16
433,949,15
433,1707,17
433,1937,17
433,2045,16
434,86,27
434,115,3
434,194,21
434,269,3
435,44,43
435,1279,30
435,1420,14
436,1360,17
437,598,23
437,684,34
438,26,20
438,51,38
438,91,20
438,124,38
438,113,5
438,164,4
439,70,27
439,226,24
439,269,65
440,408,14
440,862,6
440,1036,15
441,0,33
441,371,17
441,1118,21
441,1249,61
441,1352,18
441,1416,54
441,2033,2
441,2516,14
441,2573,40
442,0,28
442,30,3
442,122,28
442,243,9
442,152,3
442,774,19
442,1702,18
442,2008,3
443,0,62
443,248,22
443,272,2
443,296,26
443,324,3
443,848,11
443,1938,28
443,2203,29
444,164,21
444,422,15
447,118,16
447,1116,20
448,274,24
449,159,15
449,1079,13
450,64,24
450,90,24
450,116,3
450,367,3
451,1043,13
451,1177,25
451,1340,13
454,86,24
454,196,61
454,308,15
454,388,24
454,1339,24
454,1444,24
455,129,24
455,164,27
455,213,43
455,319,16
455,155,3
455,1462,3
455,1732,3
456,152,27
457,20,14
457,36,2
457,159,14
457,593,2
458,40,21
458,99,21
458,123,3
458,250,30
458,1536,15
459,0,37
459,92,23
459,218,16
459,281,17
459,412,17
459,477,25
459,534,32
459,810,36
459,914,23
459,976,16
459,1098,17
460,317,34
461,137,17
461,298,17
462,156,18
462,1221,18
463,42,16
463,244,26
463,338,17
463,451,28
464,165,21
464,1664,25
464,1790,81
465,96,25
465,123,25
466,308,21
467,23,15
467,66,15
467,127,18
467,320,15
467,573,41
467,704,27
467,965,15
467,1534,28
469,0,29
469,48,21
469,108,21
469,131,3
469,229,32
469,687,21
469,803,19
470,90,51
470,347,14
470,415,14
470,491,24
470,517,3
470,540,15
470,949,15
470,1122,15
471,53,29
471,164,33
471,314,30
471,780,3
474,330,17
476,53,13
476,168,3
476,199,13
476,145,21
476,1039,13
476,1567,13
476,1670,13
478,105,16
478,124,16
478,239,46
480,116,29
481,63,17
481,138,8
481,243,44
483,53,105
483,188,35
483,225,4
483,930,92
483,2527,4
483,2675,5
484,75,35
484,983,7
485,236,37
485,388,19
485,601,18
485,1670,18
486,127,29
486,662,30
487,0,22
487,59,40
487,201,20
488,0,16
488,64,14
488,80,14
488,101,50
488,157,18
489,56,28
489,86,28
489,116,3
491,190,21
491,1088,16
492,369,31
493,329,20
493,387,23
494,56,37
494,172,50
495,145,31
495,318,26
496,581,23
496,893,21
497,17,15
497,62,3
497,115,47
498,8,15
499,69,24
500,98,14
500,118,15
500,189,21
500,573,21
500,831,29
500,903,14
501,127,11
501,786,16
503,210,23
503,314,30
503,435,23
503,720,13
503,819,14
503,901,18
503,945,23
505,41,24
505,67,3
505,199,24
505,225,3
505,969,3
505,1032,23
506,70,11
506,117,13
506,132,12
506,146,8
506,156,23
506,185,18
506,277,22
506,325,11
506,654,12
506,1034,14
507,0,27
507,79,27
507,691,26
507,1399,19
507,1445,17
508,773,16
509,52,25
510,70,15
510,206,15
510,251,15
511,4,17
511,168,13
511,1064,3
512,26,16
512,858,32
512,1017,5
513,1319,14
514,48,17
515,19,17
515,473,23
515,535,39
515,580,19
515,941,13
517,145,22
517,1513,19
518,104,21
520,78,13
520,367,20
520,630,13
520,729,13
520,809,23
520,1050,14
520,1164,13
520,1522,14
520,1584,13
521,40,28
521,200,28
521,287,24
521,230,3
523,93,29
523,357,21
523,380,3
523,438,3
523,443,26
523,526,29
523,662,27
523,691,3
524,667,19
524,813,17
524,1027,3
524,1128,3
525,37,13
525,694,13
525,1074,13
526,292,22
527,510,13
527,559,13
527,666,13
527,1007,13
528,221,6
529,232,50
529,1245,28
530,81,30
531,75,54
531,131,54
531,187,5
533,105,48
533,257,48
533,456,13
533,516,13
533,609,13
533,743,13
533,1357,13
533,1473,13
533,1515,13
533,1693,13
534,54,26
534,216,36
534,336,14
534,917,16
534,1253,14
535,75,18
536,106,21
536,129,3
536,248,21
537,59,19
537,193,27
537,222,4
537,796,18
537,828,22
537,1353,2
537,1379,19
538,505,23
538,530,12
538,544,12
538,796,53
538,1288,20
538,1494,23
538,1533,6
538,1541,21
539,153,25
539,218,32
539,180,7
540,112,21
540,211,28
540,458,13
540,651,21
541,233,31
541,611,6
542,104,21
542,127,21
542,165,39
542,150,3
543,153,23
543,178,3
543,681,27
543,710,32
543,768,34
543,1064,20
543,2377,23
543,3441,20
545,22,28
546,22,28
546,511,16
547,49,18
547,211,22
547,235,3
548,822,19
549,31,18
551,175,13
551,333,13
551,718,14
551,1066,13
551,1226,13
551,1440,13
551,1975,13
551,2054,13
552,108,12
554,116,63
555,100,25
555,216,25
555,243,4
555,1732,15
557,45,66
557,219,13
557,535,20
557,1078,15
559,636,27
559,717,23
560,0,49
560,70,33
560,242,32
560,667,29
560,786,26
560,904,21
561,48,21
561,107,21
561,131,3
562,510,16
562,937,16
563,347,18
563,421,16
563,841,27
565,815,41
566,146,38
567,644,31
568,94,24
568,188,21
568,214,20
568,1548,7
569,85,12
569,450,13
571,178,40
572,120,14
572,277,14
572,293,2
573,155,34
573,191,70
573,342,19
574,246,3
574,701,17
574,901,43
574,946,18
576,601,3
576,572,27
576,719,13
576,769,12
576,814,14
578,24,29
578,55,3
578,101,29
578,132,3
579,69,18
579,89,2
579,339,2
579,531,2
579,1373,2
580,46,29
580,197,23
580,233,21
580,260,15
580,804,29
580,1328,29
584,18,25
584,504,17
584,1128,3
584,1725,3
585,379,20
586,110,15
586,127,15
586,147,24
586,601,15
586,1489,17
587,0,32
587,90,32
587,124,4
589,358,15
589,1508,15
590,201,25
590,363,34
590,1166,19
591,925,3
591,1056,14
591,1074,15
591,1238,35
591,1275,4
592,44,46
592,178,20
592,220,33
592,255,4
592,516,33
593,245,3
593,695,3
594,124,31
594,199,42
594,157,2
594,821,6
594,1191,25
594,2181,12
594,2201,24
596,158,21
596,700,52
596,912,21
597,261,25
597,425,42
598,8,19
598,45,20
598,128,20
598,180,19
598,150,2
598,281,19
598,384,19
598,500,19
598,646,17
598,1032,19
598,1268,19
598,1635,19
598,1756,19
600,38,18
600,92,18
600,139,2
600,359,2
600,1019,2
601,87,5
601,1742,5
602,12,15
605,53,17
605,83,46
605,72,3
606,24,35
607,47,35
607,87,35
607,124,3
607,378,20
607,829,18
608,13,43
608,1167,15
609,57,25
609,209,33
609,409,15
609,894,15
609,1313,19
609,2195,3
610,624,19
610,1701,35
610,2086,22
610,2174,34
612,86,25
612,373,13
612,465,6
612,1114,25
613,201,22
613,225,3
613,622,29
613,1159,20
614,97,20
614,119,3
615,101,17
615,240,20
615,490,5
615,751,14
615,1135,9
617,266,14
618,154,5
618,198,6
619,35,37
620,0,63
620,65,63
620,130,6
621,34,21
621,133,21
622,501,14
622,663,15
623,65,50
624,0,24
624,798,24
624,1740,3
624,1851,3
625,42,33
625,77,28
625,107,3
625,258,17
626,69,22
626,264,22
626,288,2
626,847,22
626,910,22
626,1899,2
628,153,17
628,195,16
628,172,4
629,95,20
629,361,39
629,402,4
631,42,21
631,152,21
631,176,3
632,81,28
632,283,28
632,313,3
633,89,18
633,331,18
633,394,27
633,423,3
633,429,25
633,456,3
633,466,29
633,497,3
633,1306,3
633,1314,3
633,1896,15
635,139,39
637,40,16
637,58,31
637,114,19
637,597,16
637,679,18
637,747,16
637,1240,16
638,1020,17
638,1206,18
638,1849,14
638,2566,6
638,2590,3
638,2595,20
639,65,18
639,283,18
639,373,13
639,948,18
639,1517,21
640,293,9
640,427,9
640,808,4
640,891,24
640,931,20
640,772,34
640,1138,35
640,1404,9
640,1732,9
640,1743,24
641,793,25
642,223,16
642,267,3
642,1107,33
642,2011,14
643,491,39
643,532,4
646,122,23
646,148,12
646,387,20
646,410,17
646,560,30
646,688,22
647,29,28
647,706,17
647,973,12
647,1216,17
649,31,25
649,150,30
649,697,13
651,184,14
652,222,20
652,278,27
653,569,18
654,498,25
655,78,7
655,147,16
655,672,13
655,775,17
655,830,17
655,1218,13
656,164,27
657,33,28
660,107,16
660,817,23
660,992,16
662,53,27
662,103,27
662,132,3
663,0,38
663,86,27
663,115,3
663,124,25
663,151,3
663,400,15
663,586,3
663,611,3
663,699,3
663,708,21
663,963,38
663,1003,19
663,1036,58
665,57,27
665,110,27
665,139,3
665,165,39
665,459,3
665,690,3
666,12,27
668,42,35
668,333,35
669,11,26
672,24,3
672,111,34
673,34,18
673,233,18
673,913,18
674,0,18
674,432,18
676,0,20
676,153,4
676,118,33
676,250,27
676,279,3
678,16,44
679,58,22
679,250,20
680,398,8
681,74,15
681,188,15
681,575,39
681,676,15
681,917,15
682,118,25
682,214,22
682,241,25
682,145,4
683,52,17
683,394,44
683,440,25
685,22,27
685,53,19
685,119,27
685,148,3
685,235,3
686,0,39
688,64,15
690,81,19
691,102,15
691,142,15
691,159,3
691,470,20
691,1386,3
692,23,44
695,234,23
695,548,6
695,808,13
695,1219,17
695,1277,12
695,2012,12
695,2254,24
696,486,22
698,149,27
698,379,18
698,555,14
698,1530,27
701,160,20
701,568,42
701,754,19
702,134,18
702,155,2
702,571,2
702,1257,2
703,82,26
703,120,5
703,155,24
703,110,3
703,616,17
704,38,23
704,130,23
704,1110,13
705,4,18
705,501,18
709,155,25
709,228,55
710,251,30
710,283,3
710,683,17
711,290,26
712,20,26
712,57,26
712,107,21
712,85,3
713,124,25
713,151,3
713,1483,14
713,1684,16
713,1720,17
713,1754,18
714,62,21
714,166,21
714,452,25
714,1670,41
716,368,15
717,350,15
717,367,3
717,564,3
717,882,3
717,1310,3
717,1867,3
717,1970,3
718,193,52
719,291,22
719,583,17
720,41,18
720,124,15
720,346,78
720,1161,23
720,1636,18
720,1748,24
721,130,16
721,367,14
722,239,27
722,408,36
723,325,19
724,25,25
724,59,16
724,479,17
724,498,3
725,79,25
725,115,38
725,155,3
725,282,3
725,1212,3
725,1582,3
726,45,20
726,67,76
726,169,20
726,401,20
726,945,15
726,1220,20
728,140,18
728,160,19
728,181,17
728,200,18
728,833,28
729,131,28
729,161,28
729,1017,24
731,314,2
731,705,2
732,1059,18
732,1489,15
733,129,18
733,173,17
734,98,17
734,141,16
734,357,17
734,1463,26
734,1491,3
734,1801,20
734,1963,14
736,33,26
736,144,26
736,633,23
736,830,15
736,847,42
736,891,37
736,930,29
736,964,14
737,90,29
737,216,26
738,98,20
738,120,3
739,1969,3
740,212,29
740,243,3
740,1179,21
740,1242,21
740,1578,3
741,0,43
741,138,43
741,217,29
741,380,22
742,763,26
742,1655,16
743,82,18
743,153,18
743,449,18
743,599,17
743,770,18
743,1083,5
743,1343,18
744,136,23
744,234,13
744,367,23
745,15,14
745,124,15
745,232,15
745,533,5
745,569,14
745,780,15
745,1251,12
745,1493,16
746,0,13
746,151,13
746,709,12
746,993,18
746,1046,38
746,1126,13
748,1378,27
749,91,17
749,110,17
749,152,17
749,129,4
749,243,4
749,672,4
749,1094,4
751,0,41
751,288,14
754,22,19
755,86,24
755,213,26
755,291,22
755,338,13
755,576,13
755,1203,24
755,2055,3
756,252,24
758,259,19
759,4,18
759,203,28
760,70,51
761,108,30
761,332,30
762,138,28
762,168,3
762,346,17
763,40,22
763,273,3
763,483,3
763,1301,26
764,52,37
764,101,38
764,141,3
764,1645,24
765,0,104
765,1387,13
765,1421,19
765,1402,3
765,1474,12
766,0,24
766,28,25
766,100,38
766,255,11
766,1102,10
766,1179,21
766,1353,9
766,1517,10
766,1696,30
766,2048,3
766,2145,24
766,2201,11
766,2318,25
766,2521,10
767,1098,21
770,87,12
770,333,46
770,535,26
770,664,22
772,92,18
772,140,18
773,544,12
773,558,3
773,951,37
773,1318,79
774,48,13
775,293,20
775,949,16
775,1218,17
775,2080,18
775,2208,25
775,2292,18
775,2657,18
775,4818,25
775,5618,19
775,5639,20
775,5661,18
775,6168,25
776,137,17
776,233,41
776,276,5
776,156,3
776,298,19
776,639,30
776,1447,17
777,30,22
777,100,22
777,124,3
778,29,18
778,104,18
778,124,2
778,312,2
778,500,2
779,229,22
779,318,16
779,609,13
779,738,17
779,913,18
779,1135,18
779,1627,13
780,129,21
782,134,15
782,428,15
783,194,5
783,227,25
783,347,24
784,304,31
784,740,16
785,50,18
785,281,18
785,441,18
786,17,20
786,55,20
786,92,48
786,77,3
788,198,15
788,215,14
788,256,22
788,468,14
788,528,5
788,644,13
788,745,15
788,943,15
788,964,32
788,1006,14
788,1094,5
788,1281,14
788,1453,15
788,1569,6
788,1637,15
788,1863,14
788,2136,14
788,2300,14
789,28,36
789,73,31
789,191,23
789,489,36
790,349,17
791,85,36
791,135,18
791,202,15
791,230,14
791,155,2
791,246,36
791,284,4
791,869,36
791,907,4
791,1820,21
792,647,14
792,750,14
792,890,14
792,990,14
793,48,22
793,73,3
793,139,58
794,176,3
794,1686,30
795,75,15
795,708,27
796,38,15
796,79,15
796,383,15
796,803,26
796,840,25
796,1335,15
797,53,25
797,288,36
797,915,44
799,63,18
799,106,64
799,172,15
799,377,15
799,899,18
799,962,18
799,1062,15
799,1564,15
799,2115,18
799,2355,15
799,2485,15
800,262,28
800,664,21
800,814,61
800,973,25
801,0,26
801,135,26
801,163,3
801,1480,13
802,111,35
802,151,35
802,188,3
802,505,16
803,1288,16
803,1526,30
804,121,20
804,1004,27
804,1290,25
805,103,21
807,66,30
807,149,22
807,173,3
809,61,17
809,616,17
809,907,17
810,572,27
810,1071,17
811,25,24
811,793,24
811,1437,24
811,1597,24
812,154,28
813,219,26
813,320,21
813,654,21
813,677,3
815,1514,27
818,362,19
818,400,5
818,877,6
818,2104,28
819,890,24
820,292,92
821,25,27
821,184,20
821,362,27
821,391,2
821,1082,14
821,2669,27
822,302,35
822,339,4
823,40,13
823,182,13
823,491,13
823,746,33
823,1066,24
823,1197,27
823,1636,13
825,0,24
825,284,24
825,1108,25
826,274,12
826,808,24
827,142,27
827,171,2
827,409,23
827,2130,20
829,160,20
829,182,3
830,98,24
831,103,20
831,262,35
831,494,13
831,1945,13
834,131,16
834,181,18
834,149,2
834,366,14
834,1093,23
835,275,22
835,413,21
835,1308,20
837,1628,7
840,717,23
841,948,14
842,140,16
843,118,41
843,161,3
844,87,16
844,300,16
844,1062,15
845,26,29
846,177,15
846,195,3
846,210,21
847,95,20
847,249,20
847,437,20
848,745,24
849,30,18
849,184,2
849,162,20
849,579,2
849,901,2
849,1366,2
851,60,82
851,144,51
851,403,15
851,703,15
851,1098,2
851,1128,15
852,0,22
853,36,34
853,264,6
853,460,34
853,671,16
853,721,22
853,893,6
853,986,13
853,1379,16
854,51,18
854,176,18
854,226,17
854,363,18
854,448,20
854,701,18
854,764,20
854,969,18
854,1129,18
855,271,24
855,845,24
855,971,20
856,81,25
856,246,25
856,727,25
856,1594,10
856,1815,16
856,1947,9
856,2039,9
856,2388,25
856,2475,19
856,2697,17
858,74,27
858,103,27
858,132,3
859,4,16
859,112,16
859,179,34
859,425,18
859,719,16
860,0,28
861,114,28
861,144,3
861,1552,23
862,114,34
862,254,20
862,276,3
862,539,3
863,0,29
863,152,29
863,2195,29
864,114,18
865,41,18
865,94,18
865,115,2
865,234,2
865,432,2
866,112,18
866,197,32
866,1689,15
867,46,17
867,310,21
867,1049,17
867,1741,17
868,236,15
868,486,15
869,769,27
869,859,16
869,1683,6
871,458,15
872,79,11
872,242,11
872,317,13
872,400,5
872,432,62
872,539,11
872,1358,11
874,192,40
875,121,28
875,151,3
875,423,26
876,49,17
876,92,17
876,114,57
876,186,33
876,261,17
876,1065,25
876,1997,17
877,86,39
877,127,29
877,190,35
877,158,5
877,497,27
878,23,18
878,44,18
878,63,2
878,104,18
878,625,2
878,740,2
879,94,17
879,113,3
879,1286,3
879,1375,3
880,104,65
880,450,19
880,663,12
881,85,21
882,42,28
882,329,33
882,376,30
882,408,28
882,438,3
883,319,31
883,521,25
883,558,27
883,998,27
884,67,27
884,96,27
884,134,40
886,25,28
888,347,52
890,27,13
890,134,14
890,187,13
890,782,13
890,1112,5
892,0,22
892,168,22
892,1079,22
893,0,20
893,40,18
893,268,20
893,301,14
893,1124,35
893,1280,20
893,1351,18
893,1450,22
894,111,2
894,256,21
894,89,20
894,481,2
894,627,2
894,857,2
894,926,21
894,1177,2
894,1203,26
895,411,2
897,665,20
898,34,13
898,49,24
898,122,44
899,18,26
899,474,8
899,484,37
899,523,25
899,752,8
899,922,19
899,1586,23
899,1765,44
899,2025,8
900,117,21
901,57,15
901,789,15
903,115,18
903,1418,20
904,111,15
904,471,9
904,977,19
904,1425,16
905,0,32
905,101,32
905,148,29
905,214,22
905,135,3
905,465,37
905,806,21
906,131,24
906,231,31
906,301,28
906,408,16
906,331,3
906,426,3
906,796,24
906,896,24
907,30,22
907,265,22
907,289,2
907,525,2
907,984,2
908,468,23
908,493,4
908,696,17
908,1004,3
910,124,12
910,494,28
910,794,11
910,945,28
911,155,17
912,80,27
912,205,27
912,235,3
912,328,3
912,1275,3
915,85,14
916,1636,3
917,0,24
918,596,15
919,57,15
919,140,15
919,201,15
919,218,2
919,752,15
920,57,13
920,223,13
920,292,26
920,238,3
920,651,3
920,746,3
920,923,13
921,100,36
921,990,20
921,1476,18
921,1958,18
922,214,26
922,1310,15
922,1506,15
923,27,24
923,58,24
923,84,3
923,577,3
923,993,3
925,0,18
925,20,25
925,1385,30
925,1568,15
925,2273,17
926,111,12
926,187,13
926,221,17
926,519,12
926,888,5
926,1343,12
926,1475,11
927,130,18
927,184,18
928,70,15
928,214,15
928,328,5
928,471,15
928,544,15
929,237,20
930,87,21
930,110,3
930,252,3
931,65,18
931,143,67
933,705,10
934,81,8
934,213,8
934,223,2
934,480,13
935,784,17
935,1057,18
935,1077,13
935,1391,17
935,1496,24
936,33,17
938,0,14
938,95,51
938,499,14
938,616,12
938,684,14
939,21,26
939,440,18
939,750,58
939,912,15
940,20,25
941,35,37
941,101,5
941,327,17
941,924,19
941,1399,14
942,148,27
942,581,3
944,37,24
944,63,20
944,120,17
944,85,2
944,573,28
945,0,22
945,187,22
945,372,14
945,581,23
948,108,21
948,149,15
948,131,3
949,71,28
949,101,3
949,323,28
949,370,25
950,131,13
950,149,14
950,203,16
951,1570,5
953,78,15
953,212,15
953,238,12
953,677,15
953,709,26
953,809,15
953,1547,16
954,395,26
955,8,30
955,80,30
955,112,3
955,356,18
955,520,19
955,656,29
955,742,24
956,0,19
956,115,26
956,185,26
956,244,18
956,264,2
956,213,3
956,1060,2
957,344,25
957,443,20
957,371,3
957,1581,25
958,18,22
958,150,39
958,734,3
958,847,3
960,4,21
960,152,21
960,693,21
961,157,24
961,299,24
961,325,3
962,87,3
962,53,32
962,585,3
962,884,3
963,181,25
963,873,3
963,1090,3
964,271,30
965,4,15
965,2019,26
967,76,30
967,205,17
967,572,17
967,1439,29
968,605,24
969,232,160
969,500,14
971,232,2
971,317,2
971,387,2
971,619,2
971,648,2
971,878,2
971,1176,2
971,1292,2
971,1486,2
973,322,18
974,610,36
975,108,26
975,145,28
975,310,25
975,1126,15
976,31,14
976,146,14
976,414,22
977,27,24
977,332,54
977,430,119
977,2047,29
978,28,13
978,293,13
978,395,13
978,453,25
978,576,13
978,718,13
978,1279,22
978,1694,12
978,1767,6
978,2048,13
978,2125,22
979,147,25
979,174,4
980,103,14
980,464,14
980,494,61
980,1025,18
981,1276,3
982,37,30
982,69,30
982,101,3
983,141,28
983,171,4
983,414,25
984,22,32
984,56,15
984,326,15
984,535,14
986,187,32
986,874,22
987,24,14
987,99,30
987,657,14
987,1167,14
987,1268,17
987,1318,17
987,1501,11
988,503,26
988,531,3
988,753,3
988,842,3
988,1172,3
989,156,5
989,351,21
991,680,6
992,104,23
992,129,3
993,380,29
994,81,41
994,448,26
994,1232,13
995,137,40
995,666,19
996,533,25
996,1635,14
996,1705,13
997,44,23
997,926,19
998,91,29
998,122,29
998,153,5
1001,0,44
1001,70,27
1001,131,3
1001,136,17
1001,234,31
1001,269,26
1001,107,22
1001,1110,11
1001,1141,16
1001,1764,20
1002,105,15
1002,160,17
1002,179,3
1002,311,13
1002,1155,13
1002,1465,13
1006,1407,17
1006,1664,18
1007,81,17
1007,258,13
1007,386,17
1007,624,18
1007,1280,6
1007,1579,18
1007,1702,20
1008,603,20
1008,1007,11
1008,1279,63
1009,62,13
1009,107,27
1009,313,27
1009,342,3
1009,1144,19
1010,686,5
1011,0,48
1011,169,28
1011,211,28
1011,250,35
1012,404,21
1013,273,19
1014,389,13
1015,774,21
1015,797,22
1016,52,23
1016,98,17
1016,196,34
1016,241,18
1016,261,2
1016,399,17
1016,523,3
1016,645,20
1016,752,17
1016,791,15
1016,1322,5
1017,91,29
1017,171,19
1017,122,3
1017,1202,14
1018,937,15
1019,33,22
1019,150,31
1019,236,14
1019,982,12
1019,1376,12
1019,1485,12
1020,72,28
1020,102,3
1020,108,28
1020,138,3
1021,70,9
1021,180,9
1021,1180,18
1022,151,27
1022,201,27
1022,261,20
1022,180,4
1022,910,20
1026,124,27
1026,153,3
1028,110,15
1029,820,19
1029,841,3
1030,180,18
1032,96,30
1032,171,43
1032,251,5
1033,447,5
1034,133,19
1034,217,74
1034,154,3
1034,456,27
1034,1331,26
1035,59,51
1035,507,16
1035,529,15
1037,816,19
1038,194,19
1038,624,12
1038,2392,24
1039,82,24
1039,120,24
1039,146,3
1039,1710,24
1040,35,16
1040,53,16
1040,76,28
1040,394,3
1043,696,2
1043,1366,2
1044,30,44
1044,1612,25
1047,415,8
1047,555,3
1047,425,2
1048,117,14
1048,167,21
1048,903,15
1050,1532,35
1052,63,30
1052,254,31
1052,491,27
1052,520,3
1052,747,3
1052,720,25
1052,1012,18
1052,1327,3
1052,1355,3
1052,1391,3
1053,304,21
1055,0,25
1055,161,18
1055,1945,14
1055,2019,23
1055,2255,14
1057,23,13
1057,72,53
1057,214,21
1057,293,13
1058,339,27
1059,120,22
1059,233,22
1059,257,2
1059,1064,2
1060,288,18
1060,1405,65
1061,1548,2
1063,124,20
1063,277,17
1063,298,17
1063,898,35
1063,1099,15
1063,1178,28
1064,154,26
1064,2305,8
1065,33,34
1065,214,17
1065,233,3
1065,242,25
1065,269,4
1065,538,20
1066,72,21
1066,536,21
1066,559,2
1066,1457,2
1067,108,15
1067,328,3
1067,905,3
1068,31,27
1068,83,27
1068,112,3
1068,669,3
1069,78,41
1069,515,12
1070,454,22
1071,891,26
1073,304,26
1073,332,3
1073,1742,14
1074,0,24
1075,77,45
1075,124,99
1075,1026,16
1075,1094,14
1075,1137,18
1075,1338,21
1075,1485,14
1075,1501,14
1076,105,25
1076,201,17
1076,382,13
1076,459,62
1076,907,48
1076,1138,15
1076,1241,24
1076,1442,3
1076,1696,15
1076,1909,3
1076,1933,3
1076,1978,23
1076,2170,11
1076,2256,23
1076,2361,17
1076,2499,21
1076,2595,48
1076,2745,17
1077,73,19
1077,193,22
1077,217,3
1078,61,18
1078,81,18
1078,101,2
1078,142,18
1078,284,19
1079,360,28
1079,426,2
1080,192,29
1080,601,10
1080,1616,6
1081,793,31
1081,1097,31
1081,1206,21
1082,266,12
1083,91,28
1083,250,28
1083,280,3
1083,1595,28
1084,297,15
1085,66,31
1085,99,5
1085,729,18
1086,57,15
1086,283,20
1086,308,20
1088,49,15
1088,771,14
1089,66,13
1089,81,22
1089,131,13
1089,987,13
1090,57,3
1090,349,27
1090,384,3
1091,418,3
1091,771,48
1091,821,4
1091,985,17
1091,1523,3
1092,572,3
1092,1003,3
1093,939,6
1093,1454,22
1094,426,20
1095,1270,30
1096,81,3
1096,53,26
1096,489,3
1098,0,21
1098,759,39
1098,827,19
1098,1090,21
1098,1377,21
1098,1457,21
1099,951,3
1100,129,5
1100,183,30
1100,666,48
1100,716,4
1101,1386,15
1103,0,35
1103,670,19
1103,736,3
1103,977,14
1103,1341,36
1103,1644,28
1103,1876,26
1103,1975,35
1104,497,19
1104,1433,16
1104,1907,42
1104,1983,15
1104,2049,6
1104,2387,16
1104,2405,20
1104,2431,14
1104,2582,19
1104,2681,19
1105,107,22
1105,208,22
1105,232,3
1105,633,3
1105,924,3
1105,1032,3
1105,1526,3
1105,1614,3
1105,1724,3
1106,179,24
1106,824,22
1106,948,60
1106,1059,34
1107,126,57
1108,86,14
1109,826,10
1110,29,52
1110,94,28
1110,124,3
1110,1605,18
1111,279,48
1111,497,27
1111,526,3
1111,534,25
1111,561,3
1111,329,4
1112,140,13
1112,189,13
1112,248,13
1112,767,15
1112,1042,75
1112,1349,14
1113,258,14
1114,325,6
1114,340,18
1116,22,14
1116,80,14
1116,177,14
1116,1142,63
1116,1854,20
1117,0,43
1117,47,14
1117,130,25
1117,334,23
1117,531,25
1117,585,21
1117,708,6
1117,1659,17
1117,1805,25
1119,94,28
1119,124,3
1119,166,27
1120,55,17
1121,207,27
1121,459,37
1122,85,25
1122,165,36
1123,21,46
1123,143,46
1124,142,27
1124,191,14
1124,225,34
1124,171,3
1125,265,23
1125,313,21
1125,336,20
1125,818,24
1126,375,17
1126,487,17
1126,522,27
1126,1097,14
1126,1149,27
1127,908,15
1127,925,18
1127,945,19
1127,1100,12
1130,84,50
1130,136,19
1130,1540,15
1131,0,18
1131,1181,16
1131,1411,18
1132,336,20
1132,912,12
1132,1391,21
1134,416,22
1134,570,22
1134,1570,22
1135,112,31
1135,145,31
1135,178,4
1136,108,28
1136,367,25
1136,1195,10
1136,1302,12
1137,73,26
1137,225,26
1137,267,29
1137,312,64
1137,253,4
1137,1391,20
1138,641,23
1140,145,17
1140,218,18
1140,164,2
1140,1852,6
1140,1811,39
1141,68,26
1141,96,32
1141,133,29
1141,179,39
1141,296,29
1141,343,29
1141,374,3
1141,689,13
1141,707,16
1141,825,61
1141,1035,13
1141,1190,27
1141,1450,3
1141,1724,21
1142,118,104
1143,84,5
1143,303,5
1143,595,25
1144,10,38
1144,131,14
1146,337,29
1146,368,3
1146,1847,3
1147,99,19
1147,120,19
1147,231,42
1147,141,3
1147,424,14
1149,102,28
1150,223,27
1150,356,18
1150,252,4
1150,751,19
1150,1210,19
1150,1529,24
1150,1579,41
1150,1737,18
1151,90,29
1151,243,29
1151,345,24
1151,1209,28
1151,1621,11
1152,192,13
1152,356,6
1152,707,21
1153,15,12
1153,45,8
1153,58,27
1153,290,10
1153,475,8
1153,517,8
1153,866,12
1153,956,12
1153,1366,12
1153,1396,8
1153,1486,12
1155,0,21
1155,111,21
1155,134,3
1155,258,6
1155,266,19
1155,326,3
1155,682,3
1155,1124,3
1157,351,36
1157,1476,49
1158,98,13
1158,260,17
1158,516,13
1158,568,17
1159,0,20
1159,22,13
1159,37,2
1159,265,45
1159,462,17
1159,667,14
1159,687,28
1159,871,38
1159,1049,13
1159,1092,21
1160,61,18
1160,215,18
1161,105,25
1161,227,28
1161,540,19
1161,623,18
1162,97,28
1162,127,28
1162,157,3
1163,15,44
1163,76,24
1164,0,58
1164,156,58
1164,283,28
1164,1003,13
1164,1076,12
1164,1654,29
1164,1703,9
1165,214,44
1165,280,15
1165,409,15
1166,535,35
1167,85,8
1167,169,8
1167,198,25
1167,862,25
1167,1104,8
1169,57,46
1170,120,25
1170,1552,26
1171,709,23
1171,1069,41
1171,1407,15
1172,464,15
1172,481,21
1172,504,16
1172,551,37
1172,594,15
1172,1167,17
1172,1186,15
1172,1203,21
1172,1226,16
1172,1296,14
1172,1312,15
1174,68,22
1174,100,22
1174,124,3
1174,615,11
1175,98,13
1175,113,53
1175,291,13
1175,366,24
1175,890,13
1176,13,15
1176,45,15
1176,691,15
1176,804,15
1177,47,21
1177,284,17
1177,326,3
1178,57,27
1178,86,3
1178,358,3
1178,1234,3
1180,705,3
1180,1310,27
1181,43,25
1181,1408,16
1183,27,15
1184,1897,26
1185,43,25
1185,88,25
1185,147,6
1185,367,25
1185,497,25
1186,0,18
1190,0,24
1190,261,3
1191,0,16
1191,146,16
1191,169,28
1191,596,25
1191,623,2
1191,977,26
1191,1261,16
1192,182,3
1192,327,3
1192,550,27
1192,1172,13
1193,406,2
1193,1209,12
1194,113,11
1194,126,8
1194,136,27
1194,169,18
1194,281,22
1194,345,11
1194,395,8
1194,1261,16
1194,1287,20
1194,1279,2
1194,1309,3
1194,1429,2
1194,1483,16
1196,176,18
1196,197,2
1196,437,2
1196,720,2
1197,270,3
1197,813,3
1197,1632,3
1199,102,47
1199,278,5
1199,357,5
1199,672,26
1200,32,24
1200,89,7
1200,1046,25
1200,1117,21
1200,1143,10
1200,1677,18
1200,1791,24
1200,1896,21
1202,105,5
1202,355,17
1202,806,6
1204,34,28
1204,64,28
1204,173,9
1204,94,3
1205,0,22
1206,56,3
1206,82,20
1206,213,17
1206,270,20
1206,292,3
1206,232,3
1210,176,2
1210,154,20
1210,378,22
1210,415,2
1210,785,22
1210,1350,2
1210,1496,2
1210,1669,2
1213,97,25
1213,278,16
1213,304,25
1213,331,2
1213,1094,21
1213,1528,17
1213,1748,22
1214,14,17
1215,126,8
1215,150,13
1215,220,21
1215,244,3
1215,460,23
1215,623,13
1215,1032,8
1216,89,20
1217,160,13
1217,304,13
1217,393,13
1217,422,5
1217,451,13
1217,536,13
1217,688,13
1217,876,13
1217,1085,13
1217,1233,13
1218,171,27
1218,1565,41
1219,0,45
1219,132,45
1219,191,28
1219,179,4
1220,162,16
1220,192,39
1220,369,3
1220,481,3
1220,924,20
1221,509,16
1221,936,38
1221,1650,16
1221,1668,16
1221,1689,21
1222,149,14
1222,213,13
1222,671,14
1224,91,22
1224,136,14
1224,338,22
1224,362,3
1224,436,3
1224,567,3
1224,716,3
1225,557,20
1226,75,17
1226,261,15
1226,328,27
1227,0,30
1227,148,30
1227,180,3
1227,553,9
1227,564,22
1227,598,15
1228,76,19
1228,97,18
1228,263,21
1231,19,14
1232,125,13
1232,186,13
1232,460,13
1232,1520,13
1232,1636,13
1236,24,38
1236,67,18
1237,231,17
1237,340,19
1237,518,19
1237,570,14
1237,904,17
1237,1235,15
1237,1593,13
1237,1648,19
1238,0,28
1238,170,27
1238,199,3
1240,230,26
1241,81,18
1241,112,19
1242,60,21
1242,299,21
1242,351,32
1242,514,32
1242,1054,21
1242,1239,32
1243,44,18
1243,176,70
1243,296,29
1243,391,18
1243,473,15
1243,490,16
1243,786,37
1243,896,20
1243,1730,18
1244,53,17
1246,31,18
1246,77,18
1246,97,2
1246,357,2
1246,704,2
1246,898,2
1247,62,22
1247,619,22
1247,643,2
1247,1216,2
1247,1644,2
1247,1754,30
1247,1930,2
1247,1995,2
1248,45,16
1248,67,22
1248,408,10
1248,556,14
1248,1636,18
1248,1831,31
1249,42,23
1249,67,20
1249,455,20
1249,873,20
1249,1023,20
1250,66,17
1250,85,17
1250,104,2
1250,203,2
1250,1409,2
1251,358,20
1251,422,3
1251,475,11
1251,703,3
1251,743,24
1251,1492,3
1252,0,19
1252,23,21
1252,105,21
1252,644,21
1253,59,22
1253,221,22
1253,245,2
1253,571,2
1253,790,22
1254,0,18
1254,495,2
1254,473,20
1254,1014,2
1255,139,23
1255,500,12
1255,1170,24
1256,206,18
1256,226,2
1256,667,2
1256,695,2
1256,816,2
1257,929,40
1257,1004,23
1257,1353,24
1258,57,18
1259,71,23
1259,100,23
1259,186,22
1259,225,14
1259,125,3
1259,438,3
1260,45,30
1261,35,18
1261,319,18
1262,0,21
1262,35,21
1262,127,22
1262,350,34
1263,88,11
1263,211,28
1263,277,40
1263,1122,16
1263,1506,15
1263,1782,23
1264,49,15
1264,66,15
1264,379,15
1264,836,17
1264,1219,17
1264,1321,15
1265,25,18
1265,49,18
1265,480,2
1266,852,23
1267,72,17
1268,169,24
1268,705,17
1268,972,17
1269,17,21
1269,40,21
1269,226,6
1269,63,2
1269,317,6
1269,340,13
1269,596,14
1270,0,21
1270,216,13
1270,311,21
1270,335,3
1271,0,15
1271,128,26
1271,375,17
1271,1336,15
1271,1453,15
1273,137,33
1273,872,3
1273,1187,3
1274,315,17
1274,422,17
1274,1447,17
1274,1527,17
1275,0,29
1275,274,29
1276,0,22
1276,96,10
1276,247,22
1276,271,2
1276,473,2
1276,1464,2
1276,1541,2
1276,1749,2
1277,65,17
1277,1387,19
1278,123,35
1278,172,35
1278,209,3
1278,620,21
1279,0,15
1280,1194,8
1281,294,22
1282,102,21
1282,125,3
1282,452,3
1284,1261,24
1285,89,21
1285,637,30
1285,716,19
1285,1702,21
1287,65,29
1287,96,29
1287,127,5
1287,538,26
1288,99,21
1288,1278,29
1290,35,14
1291,128,21
1291,172,18
1291,589,30
1291,677,21
1292,80,39
1292,414,20
1292,633,21
1292,726,20
1292,830,20
1292,1068,39
1293,24,22
1293,86,40
1293,141,22
1293,1103,22
1295,97,13
1295,214,13
1295,233,53
1295,1634,13
1295,1856,13
1296,42,17
1296,64,7
1296,199,19
1296,246,17
1296,1096,17
1297,611,18
1297,1755,18
1298,0,13
1298,95,13
1298,1412,13
1299,79,20
1299,229,20
1299,453,20
1299,926,5
1299,994,20
1300,128,18
1300,185,18
1300,148,3
1301,60,18
1301,148,18
1301,168,2
1301,435,2
1301,851,2
1301,1380,2
1302,135,27
1302,164,3
1302,431,15
1302,492,3
1302,641,3
1302,1214,3
1302,1408,32
1302,1567,3
1304,300,8
1304,772,14
1305,134,19
1305,777,18
1305,1341,13
1305,1407,15
1305,1502,13
1306,210,22
1306,249,24
1306,234,2
1306,327,3
1306,551,24
1306,916,13
1307,25,28
1307,63,18
1307,125,18
1307,181,28
1307,584,18
1307,700,22
1307,822,18
1307,916,18
1308,119,20
1308,141,25
1308,168,3
1308,179,36
1308,252,32
1308,522,3
1308,1031,20
1308,1175,16
1308,1492,20
1309,44,15
1309,145,17
1310,39,14
1310,122,24
1310,234,14
1310,718,14
1311,82,39
1311,163,20
1311,185,2
1312,21,22
1312,78,31
1312,111,22
1312,135,3
1313,53,26
1314,405,14
1315,278,16
1315,296,3
1315,687,6
1315,1112,6
1316,152,32
1316,361,32
1316,1093,3
1316,1072,19
1316,2070,32
1317,31,19
1320,153,26
1321,0,18
1321,202,20
1321,227,23
1321,375,23
1321,581,20
1321,968,20
1321,1290,20
1321,1517,18
1322,51,47
1322,100,24
1322,415,24
1322,1240,21
1322,1526,11
1322,1543,16
1322,1569,16
1323,112,14
1323,244,14
1324,59,22
1324,101,14
1324,181,18
1324,502,22
1324,526,3
1325,105,19
1325,427,25
1325,735,16
1326,33,14
1327,85,14
1327,137,25
1327,190,57
1327,768,14
1327,923,25
1329,668,46
1329,1264,24
1330,44,15
1331,70,18
1331,100,18
1331,696,27
1331,1030,18
1331,1068,18
1331,1565,18
1332,350,14
1333,651,19
1335,114,18
1335,135,2
1336,57,18
1336,144,18
1336,165,2
1336,311,2
1336,376,2
1336,531,2
1336,729,2
1336,931,2
1336,1274,2
1337,107,22
1337,1152,20
1338,572,23
1338,784,20
1338,1846,21
1339,149,57
1339,1164,15
1339,1183,4
1340,117,21
1340,140,21
1340,212,19
1340,163,3
1340,1608,19
1341,223,20
1341,276,21
1341,583,13
1343,280,62
1343,415,17
1344,52,40
1344,859,21
1345,604,24
1345,855,13
1345,901,15
1345,918,15
1346,252,29
1346,283,2
1348,27,25
1348,173,25
1349,27,20
1349,282,20
1349,328,26
1350,179,16
1351,102,28
1351,285,28
1351,474,27
1352,148,26
1352,176,3
1352,425,28
1352,575,18
1353,105,28
1353,237,9
1354,227,27
1356,1215,24
1356,1470,16
1356,1513,13
1356,1726,16
1357,143,25
1357,608,25
1358,36,39
1358,103,39
1358,163,11
1358,176,2
1358,310,11
1358,690,5
1358,1340,11
1359,64,27
1359,270,37
1361,174,18
1361,195,2
1361,242,2
1361,325,2
1361,653,2
1361,954,2
1361,1179,2
1362,132,25
1362,341,14
1362,423,17
1362,656,14
1362,896,30
1362,1010,14
1362,1169,13
1362,1320,15
1363,0,21
1363,100,28
1363,153,3
1363,178,23
1363,326,3
1364,476,20
1364,1166,20
1365,61,21
1365,84,21
1365,135,20
1365,107,3
1365,193,40
1365,235,18
1365,566,24
1365,1248,20
1366,73,14
1366,189,14
1366,430,14
1367,71,13
1367,86,3
1367,131,31
1367,299,3
1367,459,3
1367,667,3
1367,1413,3
1368,1079,24
1369,1574,3
1371,128,16
1371,806,18
1371,826,4
1372,116,19
1372,137,19
1372,158,3
1373,0,18
1373,507,28
1374,36,5
1374,99,12
1374,128,7
1374,1129,12
1374,1224,10
1374,1604,5
1375,31,18
1376,73,36
1376,279,22
1376,358,30
1376,303,3
1377,64,17
1377,187,19
1377,353,21
1377,569,18
1377,1078,19
1377,1418,17
1378,24,13
1378,278,13
1378,464,21
1378,521,22
1378,634,13
1379,0,25
1379,100,3
1379,73,25
1380,75,14
1380,91,14
1380,107,3
1381,59,32
1381,234,32
1381,268,3
1382,308,18
1382,407,6
1382,1433,3
1383,54,25
1383,161,21
1383,213,25
1383,240,3
1383,184,3
1383,572,6
1383,604,6
1383,777,3
1385,123,17
1385,158,19
1385,443,17
1385,518,17
1385,612,17
1385,731,17
1385,1849,17
1386,38,29
1386,394,35
1386,585,12
1386,638,21
1386,661,3
1386,702,21
1386,775,15
1386,806,3
1386,1151,3
1386,1905,19
1387,87,18
1388,64,30
1388,185,17
1389,86,26
1389,114,16
1390,74,20
1391,13,25
1392,609,23
1392,1005,3
1394,74,26
1394,145,34
1394,303,40
1394,348,9
1395,31,14
1396,46,17
1396,154,17
1396,465,17
1396,691,19
1397,1555,12
1398,4,5
1398,171,26
1398,262,11
1399,77,28
1399,250,35
1399,72,3
1400,25,29
1400,136,2
1400,343,2
1400,388,2
1400,630,2
1400,1080,2
1402,96,15
1402,427,15
1402,813,14
1402,1281,15
1402,1437,29
1402,1548,15
1403,95,6
1403,880,27
1404,59,40
1404,189,27
1404,218,3
1404,226,25
1404,253,3
1404,662,3
1405,61,24
1405,736,17
1406,93,20
1406,228,6
1407,68,18
1407,118,18
1407,138,2
1407,1520,2
1407,1662,2
1409,1235,45
1410,104,25
1410,285,25
1411,67,38
1411,1692,15
1412,1318,43
1413,656,3
1413,846,3
1413,1249,3
1415,237,15
1415,257,21
1415,1165,25
1415,1527,36
1416,238,20
1418,336,10
1419,88,51
1419,618,15
1419,727,15
1419,1169,15
1421,4,5
1421,833,19
1422,618,17
1422,992,3
1422,1526,19
1425,111,14
1426,88,19
1426,612,20
1427,22,30
1428,29,37
1428,134,37
1428,173,4
1428,950,28
1429,64,6
1429,253,6
1429,1495,15
1430,138,28
1431,279,28
1431,547,24
1431,655,21
1434,389,14
1434,710,22
1434,783,25
1434,963,16
1434,1189,22
1435,103,28
1435,175,8
1436,56,22
1436,102,5
1436,608,12
1437,119,31
1439,113,21
1439,283,20
1440,463,21
1440,1621,21
1441,57,18
1441,216,10
1441,436,18
1441,464,27
1441,498,16
1441,690,18
1441,1165,10
1442,0,34
1442,132,16
1442,207,19
1442,150,3
1442,368,3
1442,505,3
1442,835,14
1442,1073,47
1443,103,31
1443,299,26
1443,942,6
1443,1318,6
1444,22,26
1444,50,26
1444,173,18
1444,378,15
1445,100,19
1449,324,31
1449,583,27
1452,1346,15
1453,188,2
1453,166,20
1453,921,2
1453,1267,2
1453,1375,2
1453,1807,2
1454,899,19
1454,1158,28
1456,31,25
1456,245,25
1456,272,4
1456,877,18
1456,897,24
1456,923,3
1456,1739,3
1457,81,22
1457,183,24
1457,209,3
1458,42,9
1458,62,17
1458,81,3
1458,281,23
1458,322,45
1458,1300,27
1459,98,17
1459,797,17
1459,1072,20
1459,1223,20
1460,64,49
1460,193,52
1461,0,13
1461,17,15
1461,53,24
1461,79,15
1461,100,39
1461,405,15
1462,155,16
1463,102,14
1463,118,14
1463,144,28
1463,134,2
1464,54,26
1464,109,26
1464,241,18
1464,352,21
1464,137,4
1464,729,21
1464,756,22
1464,874,18
1467,513,25
1467,563,24
1467,971,3
1467,1097,23
1469,382,57
1470,766,15
1471,76,26
1471,104,3
1471,465,23
1471,493,18
1473,35,14
1473,543,25
1474,129,3
1474,347,7
1474,659,17
1474,1038,8
1474,1443,15
1474,1670,14
1475,87,15
1475,202,5
1475,385,12
1475,445,15
1475,492,13
1476,74,32
1476,164,27
1476,193,3
1476,215,20
1476,241,38
1476,340,42
1476,281,4
1476,700,23
1476,837,3
1476,904,3
1476,1033,3
1476,1160,3
1476,1406,20
1477,185,22
1477,209,3
1477,640,2
1477,767,3
1479,69,13
1479,162,13
1479,207,34
1482,7,22
1482,45,14
1482,166,22
1482,190,3
1482,296,14
1483,249,49
1483,1133,35
1484,0,41
1484,116,22
1487,0,22
1489,16,34
1489,1628,76
1490,78,14
1490,576,11
1490,726,14
1490,765,14
1491,1,21
1491,40,13
1491,71,13
1491,702,13
1491,919,13
1491,1022,13
1491,1089,13
1492,35,19
1494,261,22
1494,285,3
1494,440,22
1494,689,3
1494,1043,3
1495,850,39
1495,891,5
1496,488,20
1497,73,18
1497,93,2
1497,259,18
1497,280,2
1497,1435,2
1497,1780,2
1497,1887,2
1498,17,14
1498,126,14
1498,241,14
1498,461,14
1498,1080,13
1499,57,32
1499,108,20
1499,423,18
1499,443,24
1499,469,12
1499,1441,32
1501,93,13
1501,171,35
1501,918,20
1501,1070,24
1501,1310,22
1501,1601,21
1501,1670,13
1501,1742,36
1502,69,13
1502,196,13
1502,714,13
1502,786,13
1502,916,25
1502,1056,14
1502,1089,25
1502,1289,23
1502,1330,14
1502,1475,14
1502,1534,13
1504,39,24
1504,126,24
1504,152,3
1504,696,25
1506,272,17
1506,291,3
1507,33,22
1507,103,22
1507,127,3
1508,386,22
1510,1525,17
1512,142,33
1512,419,17
1512,438,3
1512,1766,27
1513,128,33
1513,173,49
1513,163,4
1513,409,21
1513,533,15
1514,867,29
1515,53,13
1515,158,49
1515,504,22
1515,759,24
1515,1040,18
1516,292,21
1516,479,8
1518,25,23
1518,59,23
1518,84,3
1519,46,19
1522,97,29
1522,128,3
1523,230,16
1523,688,16
1523,837,16
1523,912,16
1525,24,14
1525,774,14
1526,970,3
1527,77,15
1528,84,29
1529,46,44
1529,101,44
1529,157,27
1529,147,4
1529,457,19
1530,19,13
1530,82,13
1531,23,29
1531,54,29
1531,111,20
1531,85,5
1532,163,20
1532,186,3
1532,246,3
1534,194,17
1534,213,2
1534,325,2
1534,855,14
1534,1104,3
1534,1413,23
1535,380,48
1536,959,15
1536,979,13
1538,316,14
1538,357,14
1538,386,36
1538,975,26
1538,1098,25
1538,1294,25
1539,0,14
1539,275,5
1539,993,5
1541,441,13
1542,113,18
1543,198,27
1544,18,20
1545,161,17
1546,0,38
1547,61,18
1547,81,18
1547,102,2
1547,172,2
1547,195,2
1547,871,2
1550,66,17
1551,77,21
1551,194,2
1551,175,17
1552,147,3
1552,121,24
1552,467,3
1552,1022,23
1553,66,17
1554,134,45
1554,591,15
1555,4,17
1555,123,17
1555,217,19
1555,260,30
1555,1151,15
1556,102,5
1556,182,18
1556,354,12
1556,472,6
1556,1057,3
1557,107,18
1557,174,27
1557,361,32
1557,857,22
1557,1276,21
1558,496,35
1559,670,18
1559,724,3
1559,702,20
1559,833,21
1559,1473,30
1560,315,17
1560,418,6
1560,334,3
1560,537,18
1560,1031,37
1561,25,26
1561,132,26
1561,221,23
1562,145,3
1562,170,14
1562,461,21
1562,1541,14
1563,71,31
1563,163,33
1563,402,14
1563,592,13
1563,853,13
1563,1358,30
1564,83,25
1565,77,14
1565,104,14
1565,286,14
1568,198,41
1568,270,50
1569,47,19
1569,173,38
1569,1735,8
1570,155,25
1570,796,25
1571,60,30
1571,164,30
1571,196,3
1571,265,71
1571,764,19
1571,1064,3
1571,1588,42
1572,77,19
1574,42,39
1574,179,17
1574,329,26
1574,440,18
1574,548,17
1574,717,2
1576,1416,19
1576,1509,31
1576,1572,17
1576,1591,18
1576,1611,41
1576,1658,18
1577,204,13
1577,301,21
1578,0,39
1578,43,23
1579,12,14
1579,256,6
1579,339,14
1579,423,14
1579,461,22
1579,485,3
1579,552,20
1579,576,14
1579,1569,17
1581,12,25
1581,150,30
1582,125,38
1582,313,16
1583,71,43
1584,69,27
1584,111,21
1584,98,4
1584,183,8
1584,256,22
1584,868,15
1585,383,25
1585,989,25
1587,0,20
1587,22,29
1587,53,3
1587,436,17
1587,692,21
1587,1106,22
1587,1224,21
1588,25,8
1588,63,18
1591,83,28
1591,140,28
1591,170,3
1591,1448,3
1592,0,20
1592,255,20
1592,277,3
1593,16,51
1593,119,51
1593,172,6
1594,0,17
1594,68,17
1594,87,2
1594,221,2
1594,309,2
1594,650,46
1596,0,19
1597,28,27
1600,44,25
1600,140,13
1600,158,14
1600,434,13
1600,772,25
1602,0,26
1602,178,26
1602,339,25
1602,510,8
1602,638,17
1602,823,26
1602,1005,26
1603,188,34
1603,940,23
1604,0,20
1605,166,5
1605,208,12
1606,151,13
1607,20,40
1608,86,15
1608,186,28
1608,1841,15
1609,770,12
1609,1027,12
1610,155,23
1610,236,30
1612,61,56
1612,119,63
1612,318,17
1612,405,13
1613,103,25
1613,306,26
1613,130,3
1615,31,14
1615,126,14
1615,301,19
1615,1143,22
1616,155,22
1616,190,37
1616,179,3
1617,76,14
1617,92,14
1617,234,52
1617,108,2
1618,1521,18
1618,1544,18
1619,108,15
1619,181,40
1619,125,2
1619,745,26
1619,1072,2
1620,64,14
1620,117,22
1620,431,14
1620,534,31
1620,855,22
1620,937,14
1620,1204,14
1620,1272,14
1620,1330,14
1620,1372,14
1620,1573,14
1620,1630,22
1620,1710,35
1620,1749,22
1621,24,25
1621,208,14
1621,312,8
1621,385,29
1621,452,14
1622,101,38
1622,141,3
1622,300,30
1622,681,3
1622,929,16
1622,1529,28
1623,11,20
1623,232,20
1623,417,28
1623,931,20
1624,105,26
1624,480,26
1624,979,52
1624,1191,15
1627,45,47
1627,153,34
1627,801,9
1628,113,20
1628,205,11
1628,348,46
1629,248,17
1629,267,3
1629,1725,14
1630,0,28
1630,220,20
1630,242,3
1630,694,16
1631,96,12
1631,208,12
1631,950,22
1632,51,20
1632,131,17
1632,99,3
1633,19,20
1633,234,20
1634,196,16
1634,639,13
1634,809,8
1635,40,16
1636,0,27
1636,29,27
1636,58,3
1636,273,18
1636,293,3
1636,494,47
1636,1109,18
1636,1166,24
1637,117,28
1637,260,18
1638,292,15
1638,346,14
1638,1866,15
1639,376,29
1640,26,24
1640,88,26
1640,568,14
1641,29,14
1641,416,14
1642,281,25
1642,1471,26
1644,964,34
1645,340,26
1646,121,23
1647,35,15
1647,52,15
1647,347,26
1647,69,2
1647,479,15
1647,1173,17
1648,1,41
1649,460,59
1650,108,17
1650,217,15
1650,127,3
1650,1204,24
1650,1674,35
1652,32,13
1652,291,5
1652,549,13
1652,856,6
1652,872,8
1653,46,18
1653,164,18
1653,484,18
1653,1033,18
1654,51,33
1656,93,26
1658,0,43
1658,49,13
1658,389,22
1658,413,29
1658,802,22
1658,969,20
1658,1084,23
1660,0,36
1660,140,36
1660,623,35
1660,924,39
1660,1130,22
1661,94,23
1662,21,22
1662,80,22
1662,113,27
1662,183,21
1663,741,23
1663,855,30
1665,1109,21
1665,1282,21
1665,1540,18
1665,1682,14
1665,1862,24
1667,30,29
1668,241,25
1668,329,13
1668,631,20
1669,208,8
1669,967,17
1670,110,14
1670,126,23
1670,397,29
1670,689,81
1672,37,27
1672,66,27
1672,95,3
1672,237,3
1672,403,22
1672,578,3
1672,667,3
1672,805,3
1673,144,3
1673,233,21
1673,333,3
1673,480,3
1673,554,21
1673,578,3
1673,658,21
1673,682,16
1673,731,3
1673,1423,21
1673,1540,3
1673,1567,27
1674,43,20
1674,195,30
1674,455,20
1674,1803,20
1675,99,51
1675,379,12
1675,393,17
1675,513,12
1675,839,58
1675,1656,23
1675,1754,15
1675,2246,24
1678,138,13
1678,230,23
1678,821,14
1678,983,13
1678,1494,23
1679,103,15
1679,398,14
1680,117,16
1680,965,24
1680,991,3
1681,1161,12
1682,632,7
1683,111,17
1683,130,3
1683,1711,17
1685,11,30
1685,244,18
1685,659,17
1685,977,62
1685,1346,3
1685,1431,20
1686,0,25
1686,53,24
1686,860,10
1686,1548,25
1686,1701,36
1687,101,14
1687,117,14
1687,133,2
1689,12,27
1689,215,27
1690,28,17
1690,47,3
1690,69,29
1691,404,25
1692,134,27
1692,170,30
1692,239,11
1693,0,26
1693,843,13
1694,205,13
1694,246,20
1694,268,17
1694,491,13
1695,57,24
1695,83,3
1696,287,17
1696,1687,18
1698,1383,14
1698,1700,14
1699,405,14
1699,1162,14
1699,1264,14
1700,23,27
1701,87,21
1701,150,18
1701,170,21
1701,110,3
1701,286,25
1701,313,3
1703,58,22
1703,112,13
1703,319,14
1703,653,14
1703,1045,6
1703,1105,14
1705,217,26
1706,89,35
1706,126,35
1706,179,28
1707,41,33
1707,88,33
1707,316,19
1707,353,14
1707,123,3
1707,1204,19
1707,1225,24
1707,1254,25
1707,1343,28
1708,44,13
1710,14,15
1710,184,15
1710,218,24
1710,652,26
1710,680,3
1710,917,15
1712,8,28
1714,10,30
1714,275,23
1714,986,20
1714,1604,24
1715,1031,17
1715,1347,16
1715,1527,17
1715,1624,16
1715,1765,16
1716,581,62
1717,27,24
1717,53,24
1718,51,21
1718,1266,3
1720,69,21
1720,109,21
1720,269,21
1720,293,3
1721,0,23
1722,97,31
1722,172,20
1722,234,50
1722,130,4
1723,53,29
1723,84,29
1723,183,21
1723,206,3
1723,214,22
1723,238,5
1723,115,5
1724,208,39
1724,249,4
1725,0,15
1725,70,15
1725,133,26
1725,173,43
1726,0,20
1726,720,14
1727,996,17
1728,72,20
1728,94,18
1728,115,2
1728,301,2
1728,335,14
1728,482,2
1728,882,2
1730,260,29
1731,118,23
1732,772,48
1732,822,4
1734,403,24
1735,77,21
1735,164,21
1735,188,3
1736,18,25
1736,162,17
1736,200,43
1736,181,3
1736,326,16
1736,381,20
1736,456,23
1736,485,35
1736,1184,11
1737,151,45
1737,230,18
1737,250,2
1739,1524,12
1740,31,16
1740,145,16
1740,163,3
1740,552,15
1740,609,30
1741,175,18
1741,226,25
1741,253,3
1741,532,26
1741,564,18
1742,94,19
1742,115,3
1742,430,13
1743,67,19
1744,354,21
1744,428,3
1744,516,14
1745,60,21
1745,179,21
1745,215,35
1745,202,3
1745,420,3
1746,406,3
1746,1342,3
1747,87,20
1747,214,20
1747,541,15
1747,1312,3
1748,432,8
1748,443,14
1748,460,28
1748,495,25
1748,1543,8
1750,77,18
1750,127,18
1750,148,2
1750,296,2
1750,972,2
1750,1063,18
1751,65,18
1751,330,18
1751,351,2
1751,664,2
1751,898,2
1751,1187,2
1753,61,25
1753,120,25
1753,147,4
1754,83,33
1755,132,25
1755,928,25
1756,0,86
1756,138,28
1756,168,3
1757,61,5
1758,29,21
1759,86,18
1759,107,2
1759,632,27
1759,736,2
1760,429,18
1760,1171,3
1761,25,15
1761,80,41
1761,171,18
1761,308,2
1761,517,25
1761,631,15
1762,165,25
1762,199,26
1762,260,15
1764,85,24
1764,465,16
1764,516,16
1764,1404,11
1767,0,27
1767,72,27
1767,188,30
1767,101,3
1767,386,24
1767,638,32
1767,701,25
1767,672,4
1767,1089,25
1768,97,14
1768,149,28
1768,113,2
1769,70,24
1769,111,38
1769,166,8
1769,96,3
1769,210,13
1769,247,18
1769,299,22
1769,468,21
1769,503,17
1769,589,3
1769,629,22
1770,331,16
1771,718,15
1771,768,18
1771,1037,24
1771,1195,18
1772,183,28
1772,694,24
1774,74,56
1774,135,23
1774,302,24
1774,366,24
1774,543,32
1774,745,23
1774,798,24
1774,834,22
1774,1280,32
1774,1737,24
1774,2004,32
1775,225,20
1775,549,24
1775,948,30
1775,1031,24
1775,1192,20
1775,1289,20
1775,1387,24
1775,1439,31
1776,176,17
1776,195,7
1776,204,12
1776,218,17
1776,261,18
1778,0,31
1778,250,24
1778,294,24
1778,512,18
1778,654,6
1778,598,54
1779,556,19
1780,157,17
1780,345,17
1780,603,17
1780,835,17
1781,85,19
1781,197,26
1781,281,15
1781,423,15
1781,1129,15
1781,1621,19
1782,44,17
1782,1115,21
1783,418,25
1783,629,25
1783,713,43
1783,777,16
1783,975,25
1783,1059,43
1783,1123,16
1784,87,31
1784,120,4
1784,1192,19
1784,1340,6
1785,488,17
1786,491,17
1786,608,17
1786,1516,29
1786,1651,28
1787,329,15
1787,729,15
1788,84,15
1788,244,20
1788,365,12
1788,395,24
1788,580,26
1788,857,15
1788,927,14
1788,1017,14
1788,1042,13
1788,1057,11
1788,1070,8
1788,1112,18
1788,1141,20
1788,1317,20
1788,1396,27
1788,1425,3
1788,1754,12
1789,88,25
1789,245,25
1789,272,3
1790,80,13
1790,147,17
1790,420,13
1790,461,20
1790,564,16
1790,731,13
1791,85,31
1792,158,30
1792,1375,36
1793,1873,25
1794,117,34
1794,204,20
1794,231,28
1794,270,34
1794,226,2
1794,306,4
1794,261,3
1794,1384,35
1795,38,22
1795,62,16
1796,909,17
1797,759,17
1797,1018,17
1798,58,28
1798,100,28
1798,130,3
1800,105,25
1800,1073,15
1800,1216,15
1800,1361,20
1800,1733,25
1801,77,25
1802,376,28
1802,425,28
1803,19,28
1803,133,28
1804,63,25
1804,102,15
1804,1017,16
1805,0,16
1805,52,28
1805,167,25
1806,70,29
1807,70,33
1807,274,22
1807,384,17
1807,859,27
1807,1356,3
1809,36,15
1809,99,15
1809,133,15
1809,373,15
1809,574,15
1809,747,15
1809,1482,17
1809,1580,15
1809,1674,15
1809,1914,31
1810,122,18
1810,142,18
1810,162,3
1813,159,27
1813,188,3
1813,257,15
1813,1195,3
1814,1514,11
1815,17,44
1815,102,14
1815,147,24
1815,233,30
1815,118,2
1815,265,3
1815,896,20
1816,0,17
1816,58,60
1816,136,17
1816,204,18
1816,248,18
1816,314,51
1816,746,22
1816,1246,17
1816,1384,17
1816,1778,22
1817,248,31
1817,1854,18
1818,311,10
1818,888,13
1818,1644,13
1819,62,17
1819,178,25
1819,318,14
1819,362,25
1819,404,7
1819,605,15
1819,793,17
1819,913,17
1820,84,16
1820,218,13
1820,1401,13
1821,36,25
1821,211,14
1821,419,25
1821,937,14
1821,1570,14
1822,28,21
1822,54,33
1822,112,21
1822,188,33
1822,300,21
1822,365,21
1822,391,33
1823,345,15
1823,639,15
1823,1588,17
1825,0,17
1825,21,24
1825,77,24
1825,241,16
1825,103,3
1825,514,21
1825,625,18
1825,882,8
1825,910,24
1825,1052,33
1825,1374,24
1825,1662,3
1825,1667,13
1826,273,24
1826,423,54
1826,483,17
1826,299,3
1826,932,13
1826,1012,13
1826,1624,12
1826,1641,20
1826,1898,22
1826,2083,6
1826,2385,4
1827,69,8
1827,120,14
1827,210,26
1828,111,26
1828,163,16
1828,139,3
1829,0,16
1830,109,24
1830,222,66
1830,135,2
1830,474,30
1831,84,17
1831,209,15
1831,289,15
1831,953,15
1831,1303,25
1831,1357,27
1831,1386,3
1831,1584,13
1831,1750,15
1831,1891,15
1832,24,18
1832,60,21
1832,922,20
1832,1026,18
1832,1164,13
1832,1179,26
1832,1207,19
1832,1228,13
1832,1427,24
1832,1653,18
1832,1806,18
1834,129,17
1834,336,9
1834,148,3
1834,418,35
1834,503,5
1834,455,3
1835,166,18
1835,882,18
1836,999,26
1838,55,20
1838,204,19
1839,569,8
1840,99,6
1840,300,12
1841,46,13
1841,271,20
1841,419,13
1841,462,37
1843,78,27
1843,426,14
1843,482,13
1843,549,26
1845,362,18
1847,760,14
1848,55,20
1848,811,24
1848,837,3
1848,1583,16
1848,1603,22
1849,160,20
1849,292,10
1849,182,3
1849,729,11
1849,969,11
1850,175,20
1850,197,3
1851,31,29
1853,108,26
1853,147,54
1853,136,3
1854,38,20
1854,135,13
1854,198,20
1854,556,20
1855,68,17
1856,543,7
1856,815,33
1856,884,38
1856,1348,14
1856,1859,15
1856,2001,14
1858,56,28
1858,158,28
1861,118,140
1862,223,16
1862,337,15
1862,467,15
1862,649,25
1862,741,15
1862,1204,15
1863,109,37
1864,206,89
1864,631,26
1865,87,26
1866,673,15
1866,721,26
1866,927,15
1867,24,20
1869,0,20
1869,84,20
1869,106,3
1869,658,3
1870,38,35
1871,682,23
1871,786,30
1872,0,24
1872,95,24
1872,132,27
1872,121,3
1872,214,3
1872,272,3
1872,318,13
1872,691,3
1872,1085,28
1872,1770,3
1874,87,53
1874,558,19
1874,819,19
1875,316,24
1876,47,15
1876,64,27
1876,380,24
1876,675,15
1876,719,15
1876,1158,24
1877,19,14
1877,109,13
1878,142,14
1878,231,27
1878,2060,19
1880,150,27
1880,244,20
1881,10,35
1881,144,35
1881,181,3
1882,31,15
1882,76,15
1882,96,13
1882,175,23
1882,380,15
1882,520,15
1882,619,15
1882,972,15
1882,1057,15
1882,1143,15
1882,1184,15
1884,16,13
1884,101,13
1884,191,13
1884,241,20
1884,1415,13
1886,37,24
1886,417,24
1887,103,16
1887,291,16
1887,309,3
1891,46,22
1893,175,37
1894,860,15
1895,235,28
1895,265,3
1897,1359,13
1898,179,15
1898,231,33
1898,196,2
1899,1959,32
1900,36,17
1900,149,17
1900,168,4
1900,705,4
1901,88,17
1901,134,16
1901,107,4
1903,58,23
1903,83,26
1903,205,18
1903,266,23
1903,291,22
1903,448,22
1903,531,62
1903,598,28
1904,574,22
1905,72,17
1905,95,47
1905,266,20
1905,288,3
1905,537,18
1905,723,29
1905,1234,3
1905,1229,3
1905,1545,17
1905,2199,17
1906,525,16
1906,621,18
1906,1336,16
1908,1111,24
1908,1137,22
1909,66,21
1909,126,43
1911,443,43
1911,809,23
1911,1661,13
1913,118,27
1913,188,55
1913,147,3
1913,569,18
1915,66,31
1915,1138,21
1916,333,5
1917,76,30
1917,298,25
1917,482,34
1918,102,11
1918,115,14
1919,0,15
1920,43,28
1920,235,28
1922,260,3
1922,243,15
1922,1852,3
1925,18,22
1925,199,22
1926,150,16
1926,433,16
1926,1510,16
1926,1536,25
1926,1897,11
1927,79,14
1927,1020,14
1928,111,21
1928,134,21
1928,307,18
1928,157,3
1928,1181,3
1929,156,21
1929,491,23
1930,42,14
1930,148,17
1930,430,17
1930,1048,17
1930,1257,17
1931,20,24
1931,95,24
1931,121,3
1932,30,25
1932,57,3
1932,116,25
1932,143,3
1932,1377,21
1933,0,15
1933,62,29
1934,73,24
1934,324,13
1934,511,24
1934,1697,24
1937,17,37
1937,84,37
1938,472,115
1939,166,16
1939,184,16
1940,70,11
1940,199,16
1941,202,20
1941,645,48
1941,1061,6
1941,1717,14
1942,111,24
1942,1309,25
1943,147,18
1943,167,2
1943,317,2
1945,33,26
1945,572,3
1945,795,22
1945,1057,23
1945,1266,16
1945,1347,14
1946,109,29
1946,140,3
1946,644,3
1947,105,13
1947,555,13
1948,46,18
1948,66,18
1948,86,2
1948,204,2
1948,565,2
1948,870,2
1948,898,98
1948,1196,2
1949,70,25
1949,191,27
1949,232,13
1949,97,3
1949,307,3
1949,436,14
1949,454,3
1949,583,25
1950,241,21
1951,47,21
1951,181,30
1951,849,41
1952,169,26
1952,334,27
1952,363,3
1952,424,26
1955,112,13
1955,353,13
1955,368,2
1956,62,3
1957,565,27
1958,62,17
1958,124,87
1958,834,4
1958,1088,20
1959,80,35
1959,117,35
1959,169,28
1959,265,26
1959,154,3
1959,1036,31
1959,1271,18
1960,278,19
1960,395,15
1960,662,15
1960,824,15
1961,115,25
1961,142,4
1962,27,14
1962,62,30
1962,121,30
1962,262,24
1962,471,16
1962,567,13
1962,751,14
1962,1015,14
1962,1034,13
1962,1339,14
1962,1524,14
1963,79,21
1963,102,3
1963,503,21
1963,1576,11
1965,102,27
1965,727,24
1966,374,16
1966,463,26
1967,139,31
1967,172,4
1967,492,5
1968,1105,21
1968,1215,12
1969,270,58
1970,206,17
1970,557,17
1970,1112,20
1970,1356,20
1970,1488,17
1971,77,36
1971,115,3
1971,602,36
1971,640,3
1972,1419,14
1973,175,51
1973,615,15
1973,944,16
1973,1853,60
1976,77,20
1977,0,22
1977,162,22
1977,186,3
1977,361,3
1977,617,3
1977,1230,3
1978,74,24
1978,191,22
1978,100,3
1978,673,18
1978,693,3
1980,62,22
1980,567,29
1981,346,13
1981,477,13
1981,535,6
1981,554,15
1981,738,13
1981,782,16
1981,1274,40
1981,1428,15
1982,438,26
1982,411,3
1983,57,22
1983,165,7
1983,197,5
1984,277,22
1984,302,3
1984,1481,3
1985,102,22
1986,84,12
1986,98,12
1986,263,12
1986,317,17
1986,341,12
1986,466,12
1986,662,12
1986,1256,17
1986,1579,12
1986,1653,12
1987,247,15
1987,2266,15
1988,24,11
1988,37,2
1988,982,21
1988,1045,6
1988,1258,27
1988,1303,20
1989,140,44
1989,186,44
1991,99,86
1991,225,39
1991,953,22
1991,1144,26
1992,121,13
1992,136,41
1992,515,12
1992,587,45
1993,45,28
1993,75,14
1993,281,43
1993,326,14
1995,45,35
1995,82,35
1995,119,3
1995,565,25
1996,166,18
1996,1274,16
1997,55,17
1997,942,17
1999,36,21
1999,124,21
1999,185,23
1999,356,29
1999,387,24
1999,542,23
1999,656,31
1999,800,13
1999,901,22
1999,964,13
1999,1235,27
1999,1336,26
2001,62,23
2001,200,23
2001,225,3
2001,400,21
2002,197,14
2002,1183,14
2003,0,16
2004,207,3
2004,184,21
2005,60,26
2005,88,26
2005,116,3
2008,23,26
2008,51,26
2008,79,4
2009,106,18
2009,139,18
2009,159,2
2009,194,18
2009,329,2
2009,459,2
2009,561,20
2009,594,2
2009,819,28
2009,993,2
2009,1156,2
2010,0,14
2010,167,14
2010,1054,14
2011,110,21
2012,25,27
2014,1418,14
2015,39,26
2015,139,26
2015,167,3
2015,204,30
2015,526,19
2015,547,22
2016,48,17
2017,22,35
2017,160,35
2017,451,35
2017,1255,17
2020,78,6
2020,668,6
2023,289,17
2023,1504,3
2024,40,27
2024,69,3
2026,0,23
2026,62,149
2027,40,21
2027,63,3
2027,437,16
2028,0,20
2028,123,20
2028,822,20
2030,0,48
2030,151,56
2030,209,5
2031,0,27
2031,500,16
2033,0,25
2033,177,18
2033,367,34
2034,61,14
2034,173,30
2034,435,6
2035,58,22
2037,382,18
2039,23,25
2039,50,3
2039,107,25
2039,134,3
2039,718,3
2040,39,27
2042,0,22
2042,168,22
2042,192,2
2042,978,22
2043,36,23
2044,193,18
2044,625,18
2044,783,18
2044,893,35
2044,1033,20
2044,1741,16
2045,573,44
2047,221,10
2048,116,8
2048,138,14
2048,520,13
2049,689,8
2049,819,8
2049,969,8
2049,1067,8
2050,33,18
2050,181,20
2051,74,20
2051,240,20
2052,71,19
2053,116,25
2053,143,3
2054,52,27
2055,129,27
2055,508,37
2055,803,3
2055,811,3
2055,983,3
2055,1082,3
2056,544,27
2056,727,27
2056,756,3
2056,847,33
2057,12,37
2057,196,29
2061,13,40
2062,22,25
2063,15,27
2063,44,27
2063,73,3
2063,83,33
2063,411,3
2063,752,3
2063,1077,3
2064,85,20
2064,107,20
2064,129,3
2065,172,2
2065,150,20
2065,334,2
2065,920,2
2066,0,20
2066,116,22
2066,178,16
2066,809,21
2067,44,14
2067,172,6
2067,354,14
2067,668,14
2069,38,34
2069,234,20
2069,256,3
2071,35,15
2071,190,29
2072,206,15
2072,223,3
2073,661,22
2074,26,20
2075,73,18
2075,93,2
2075,113,40
2077,121,2
2077,99,20
2077,463,2
2077,729,2
2077,913,2
2077,973,2
2078,207,2
2078,452,10
2078,543,2
2078,984,2
2078,1432,2
2080,0,59
2087,32,17
2087,159,21
2087,365,20
2087,389,26
2088,770,18
2091,58,21
2091,474,31
2094,8,27
2095,163,20
2095,257,32
2095,556,12
2095,672,22
2095,757,13
2096,52,41
2097,698,6
2098,55,66
2098,165,31
2098,318,14
2098,334,18
2098,358,14
2100,0,23
2101,9,14
2101,75,14
2101,151,14
2101,1081,14
2102,35,92
2102,212,14
2103,0,29
2103,33,35
2103,94,29
2103,380,20
2104,59,17
2105,63,26
2105,91,26
2105,202,16
2105,233,26
2105,479,26
2105,595,33
2105,839,26
2105,1144,5
2105,1163,26
2106,5,56
2106,137,13
2106,361,14
2106,389,13
2106,787,13
2106,837,15
2109,22,15
2109,534,25
2110,49,18
2110,69,2
2112,88,14
2112,564,9
2112,1070,9
2114,251,3
2114,725,17
2114,767,27
2114,1044,3
2115,62,23
2117,1,30
2118,41,20
2118,63,3
2118,69,30
2118,101,3
2118,137,3
2122,245,16
2122,414,17
2123,48,12
2127,50,22
2127,121,6
2127,164,36
2127,535,6
2127,590,14
2127,609,12
2128,0,33
2128,76,24
2128,102,3
2128,426,21
2128,529,19
2128,637,20
2128,684,29
2128,715,4
2129,0,13
2130,701,51
2131,0,25
2131,73,15
2131,225,28
2131,255,15
2131,817,15
2131,1010,15
2132,31,24
2132,71,34
2132,156,24
2132,359,34
2132,530,17
2133,104,41
2133,323,23
2134,0,71
2135,195,14
2135,211,64
2135,1595,25
2137,29,18
2137,110,18
2137,130,2
2137,414,18
2137,437,16
2138,32,15
2141,587,18
2142,197,39
2144,43,27
2144,72,27
2144,112,21
2144,174,21
2144,667,27
2144,783,18
2145,19,18
2146,53,21
2147,1082,12
2147,1409,23
2149,262,26
2149,775,15
2149,991,15
2149,1256,15
2149,1355,15
2151,0,22
2152,368,51
2153,20,13
2154,104,24
2154,130,3
2154,796,3
2154,961,3
2155,37,24
2155,408,21
2156,490,29
2158,69,22
2158,148,22
2159,48,16
2159,275,23
2160,12,22
2160,36,41
2161,31,14
2161,237,14
2161,923,14
2161,1232,14
2161,1341,14
2162,0,85
2162,1310,12
2162,1757,17
2164,13,47
2164,82,58
2164,181,13
2164,497,52
2164,1075,9
2164,1176,23
2164,2053,12
2164,2171,20
2165,31,19
2166,289,18
2166,704,21
2167,296,16
2167,494,30
2168,245,24
2168,833,14
2169,26,13
2170,16,44
2170,273,25
2170,364,44
2172,97,14
2172,740,39
2173,0,20
2173,372,12
2173,495,12
2175,274,51
2175,1241,18
2176,70,28
2176,202,28
2177,24,18
2177,63,18
2177,83,2
2177,268,17
2177,326,2
2177,393,2
2177,557,2
2177,642,2
2178,26,17
2179,395,16
2179,1040,26
2179,1369,16
2179,1423,33
2180,0,47
2180,70,22
2180,153,34
2180,268,23
2180,791,23
2180,880,32
2180,1099,18
2180,1230,23
2181,0,44
2182,68,14
2182,169,14
2182,279,22
2182,369,14
2182,596,30
2185,48,18
2185,179,27
2186,16,20
2186,96,20
2187,0,20
2187,48,14
2187,69,20
2187,179,16
2188,0,42
2189,0,22
2189,54,22
2189,78,3
2189,450,15
2189,674,22
2190,1070,27
2191,76,14
2191,879,14
2192,1108,27
2194,254,29
2194,310,21
2194,376,20
2195,0,43
2195,96,35
2195,208,18
2195,521,18
2196,646,16
2197,236,14
2197,1542,26
2198,0,21
2198,26,39
2199,69,17
2199,164,17
2199,183,42
2199,231,16
2200,0,26
2200,323,30
2200,606,26
2204,143,21
2208,63,22
2208,435,22
2208,459,2
2208,1600,16
2209,22,16
2209,340,22
2210,20,18
2210,84,36
2210,230,18
2210,339,18
2210,546,18
2210,592,18
2210,843,18
2210,1022,18
2211,807,23
2211,852,49
2213,27,21
2213,118,21
2214,42,22
2214,231,22
2214,255,3
2214,300,18
2214,320,3
2214,575,3
2214,740,3
2214,1115,3
2214,1185,3
2214,1220,3
2214,1441,3
2214,1592,3
2214,1719,3
2214,2036,3
2215,40,25
2217,62,35
2217,122,35
2217,159,3
2218,51,22
2218,332,22
2218,356,2
2218,1598,22
2218,1922,45
2220,209,28
2220,239,3
2221,27,14
2222,0,21
2222,113,21
2222,136,3
2222,207,25
2224,0,45
2225,59,45
2225,188,34
2225,932,45
2226,0,73
2226,75,56
2226,498,23
2228,458,26
2228,1175,13
2228,1376,13
2232,0,35
2233,759,25
2236,51,18
2236,73,45
2237,32,21
2239,0,43
2240,0,15
2240,19,26
2242,0,24
2243,1,42
2243,45,57
2249,23,28
2252,15,28
2253,31,24
2253,861,22
2253,974,24
2255,24,17
2255,140,17
2255,210,14
2255,318,19
2255,537,16
2255,611,17
2255,793,17
2255,840,36
2256,30,13
2257,75,14
2257,237,14
2258,107,20
2268,72,17
2270,40,38
2270,84,42
2274,0,44
2274,79,51
2274,768,14
2274,1178,14
2274,1242,15
2274,1315,18
2276,26,44
2278,17,22
2278,152,22
2278,350,22
2279,42,14
2279,168,14
2279,466,15
2279,679,17
2279,720,16
2279,773,15
2279,835,6
2281,0,22
2281,104,10
2286,93,43
2288,4,28
2288,34,29
2290,0,23
2290,42,18
2293,187,23
2293,244,20
2298,23,57
2298,238,46
2299,79,22
2299,128,22
2299,152,2
2299,857,2
