3,343,3
3,913,6
4,1717,3
9,156,6
10,54,16
10,278,17
13,213,3
13,348,3
13,400,3
13,1430,3
15,2083,6
15,2711,15
19,1293,15
19,1547,14
21,398,15
23,414,3
23,444,3
25,432,3
25,1222,3
25,1708,3
25,1819,3
28,981,2
29,84,18
31,190,3
31,963,3
32,326,3
32,553,3
32,893,3
32,990,3
32,1769,3
35,42,5
35,1921,3
38,226,3
38,261,3
38,396,3
38,927,3
40,51,7
42,190,23
42,1300,20
42,1419,16
48,1123,3
48,959,24
50,518,3
50,878,3
50,1143,3
52,935,14
54,521,2
56,127,27
58,215,18
58,700,27
58,1154,20
58,1205,27
60,1430,15
60,1466,3
62,397,9
62,2930,18
63,275,21
64,299,3
64,1193,3
65,292,3
65,519,3
65,849,3
67,384,2
68,0,31
68,861,31
69,124,44
71,347,3
71,687,3
71,829,3
71,1117,3
71,1567,3
72,655,14
72,1017,14
73,988,3
73,1193,3
77,52,27
77,303,2
77,171,20
77,559,2
77,631,2
77,1037,2
77,1440,2
78,407,2
78,1607,2
80,688,2
80,882,2
80,1042,4
80,1149,2
80,1258,2
80,1459,2
80,1523,4
80,1582,2
80,1624,2
80,1792,2
80,1901,2
81,989,23
83,414,16
83,652,17
86,0,54
86,131,54
87,1077,16
87,1165,14
88,193,5
88,803,17
88,905,5
89,659,3
89,1044,3
91,248,16
91,310,3
91,677,3
91,745,3
91,1090,3
91,1141,3
91,1502,3
91,1622,3
92,320,2
92,386,2
92,641,2
93,86,5
95,342,3
95,995,3
96,673,16
98,159,13
98,1183,13
99,510,3
99,1356,3
100,915,6
100,1438,6
101,394,5
101,587,5
101,788,5
101,847,5
101,1301,5
101,1853,5
102,874,2
107,1009,6
109,230,18
109,417,18
109,679,3
109,751,3
109,1297,3
109,1392,3
109,1419,13
110,197,2
110,109,15
110,701,2
110,819,2
112,288,17
112,745,3
112,1075,3
112,1414,3
124,1511,3
126,329,3
128,276,3
128,566,3
128,688,3
128,769,3
128,1266,3
128,1394,3
128,1497,3
128,1574,3
128,1886,3
130,231,2
130,1262,2
131,895,16
138,56,21
138,597,3
138,670,3
138,988,3
142,603,6
142,1677,21
144,631,4
149,780,19
149,1275,14
150,418,6
150,1457,6
157,278,3
157,1429,8
157,1566,8
158,904,2
159,65,2
159,508,3
159,749,3
159,876,2
160,276,24
160,197,3
160,368,3
161,757,4
161,1332,4
166,360,3
168,154,14
168,554,6
171,211,2
174,145,26
176,1258,13
177,993,2
177,1173,2
177,1314,2
178,288,3
178,1045,3
178,1559,3
178,1577,23
179,239,6
179,1138,27
180,1412,3
184,1275,12
186,823,3
186,1272,3
186,1320,3
187,372,3
187,786,3
188,787,2
188,930,2
190,422,2
190,478,2
190,1194,12
190,1678,2
192,888,2
192,1356,2
194,703,21
194,1664,13
194,1938,13
195,137,13
195,1194,25
195,1237,18
195,1363,6
200,69,6
201,833,3
202,327,13
204,437,17
204,694,21
204,787,13
205,879,4
207,884,12
211,893,3
211,1062,3
211,1395,17
212,0,14
212,503,14
212,652,2
215,394,13
215,1429,13
216,568,4
216,1043,2
218,244,3
218,530,3
218,757,3
218,803,3
220,516,3
221,1216,13
222,570,2
223,79,13
223,359,13
224,357,3
224,212,16
224,455,3
224,572,3
224,623,6
224,1177,6
226,439,6
226,681,13
226,789,14
226,1016,13
226,1537,25
226,1687,24
226,1778,14
227,730,8
228,230,2
229,383,20
230,357,3
230,886,3
230,1000,3
235,300,20
236,311,2
236,1611,2
237,96,3
237,683,3
237,955,3
237,1237,3
237,1661,3
238,1101,12
239,518,3
239,1582,3
239,1840,3
240,1221,3
241,47,25
241,138,25
241,561,3
241,689,3
242,1209,14
242,1899,4
243,280,3
243,441,20
243,838,3
248,442,3
248,573,3
248,851,3
248,1185,3
253,202,13
253,381,14
253,852,36
253,999,14
253,1354,13
255,270,2
255,447,2
255,764,2
258,84,18
258,332,2
258,738,2
258,793,2
258,1135,18
258,1340,18
259,477,4
259,700,3
259,776,3
262,694,5
262,1360,5
262,2015,5
264,561,2
264,591,3
264,1324,3
264,1478,3
264,1615,2
265,354,3
265,1255,3
266,733,6
267,336,3
267,1226,3
268,903,3
270,788,2
270,1461,3
270,1938,2
272,663,3
272,1621,3
273,470,2
273,725,4
273,824,4
273,957,2
273,1110,3
273,1118,4
277,1231,3
280,353,16
280,1159,3
284,1560,4
284,2265,4
286,578,2
287,1392,15
288,1584,15
289,566,26
290,1599,13
294,107,4
294,86,19
294,453,4
294,842,4
295,594,3
297,289,22
297,320,14
297,817,14
297,911,22
297,973,22
298,163,25
299,62,3
299,299,3
303,943,2
304,764,6
305,978,6
306,2342,3
307,86,13
308,318,3
308,612,3
309,505,3
309,631,4
309,746,3
310,818,3
310,984,3
310,1690,2
311,35,14
311,1095,3
311,1210,3
311,1348,3
312,89,4
312,271,4
312,570,15
312,767,3
312,991,4
312,1636,27
315,1282,2
315,1154,12
315,1652,2
315,1982,2
319,19,4
319,776,2
320,136,24
321,253,35
321,1121,16
324,1146,13
324,1483,6
326,208,13
327,748,2
328,474,3
328,890,3
330,825,2
330,847,3
330,955,2
330,1249,2
330,1338,2
330,1854,2
330,1874,3
330,1956,3
330,2024,2
330,2168,2
330,2902,2
334,1072,13
335,232,18
335,1275,4
335,1317,3
335,1587,3
338,441,3
338,562,3
338,321,26
338,1035,3
338,1939,15
339,94,17
341,425,28
341,482,8
341,648,8
341,1343,8
344,299,3
344,399,3
344,1198,3
344,1325,3
345,1062,6
347,342,3
348,852,13
348,891,14
348,1632,13
348,1819,6
349,226,2
349,1084,2
350,553,4
350,661,4
350,946,4
350,1520,4
352,647,27
353,100,15
355,27,19
355,624,13
355,709,2
356,915,2
356,1681,2
358,1142,2
358,1269,2
360,853,18
362,11,25
363,255,6
365,582,23
366,283,2
366,414,2
366,486,2
366,524,2
366,939,2
366,1004,2
366,1094,2
367,1454,3
367,2197,3
367,2379,3
371,459,8
374,298,4
374,65,19
374,389,3
374,438,4
375,1744,36
378,92,22
378,116,22
378,140,3
378,988,3
380,257,2
380,358,2
380,491,2
380,1435,2
380,1594,2
380,2235,21
380,2717,5
381,709,12
381,1531,5
384,735,15
384,1246,3
384,1324,3
385,25,3
385,955,3
385,1696,3
387,1260,2
387,1792,12
388,899,8
393,488,3
393,495,2
393,854,3
393,861,2
394,18,5
394,293,15
394,1521,15
395,81,15
395,231,15
398,376,3
398,419,3
398,1138,3
398,1288,3
401,54,19
403,72,3
403,312,3
403,477,3
403,1522,3
405,861,2
405,901,2
405,1011,2
408,1382,17
410,478,2
410,914,2
416,253,3
416,442,3
416,613,3
418,1013,3
421,206,3
421,515,3
421,874,3
421,922,3
429,304,3
431,447,13
434,269,3
435,1014,19
436,1360,3
438,528,18
438,622,5
440,491,4
440,862,6
440,1191,2
441,879,4
441,1005,4
441,1960,2
441,2033,2
442,382,3
442,400,11
442,522,11
442,559,3
442,737,18
442,1570,3
442,1778,18
442,2008,3
443,178,20
443,434,2
443,703,2
443,744,2
443,836,2
443,886,2
443,988,2
443,1434,18
443,1533,2
443,1578,2
443,1737,2
443,1798,2
443,2473,2
443,2617,23
444,422,15
447,392,4
447,1025,4
447,1219,4
447,1645,4
448,54,36
448,102,24
448,369,36
448,407,4
450,30,3
450,233,3
450,313,3
450,367,3
450,462,16
450,561,3
451,1177,25
453,748,3
453,1186,3
455,319,16
455,536,3
455,1462,3
455,1732,3
456,143,36
456,269,36
456,307,4
457,234,2
457,279,2
457,593,2
457,995,2
458,312,3
458,561,3
458,677,3
458,1090,3
458,1183,6
458,1379,5
458,1668,6
459,587,25
460,374,2
460,326,9
460,678,2
464,519,3
464,593,3
464,785,3
464,884,3
464,1148,3
464,1476,2
464,1586,3
464,1643,3
464,1759,3
464,1825,7
464,1836,3
465,507,7
465,786,7
469,529,3
469,733,3
469,795,3
470,566,3
470,718,21
470,949,15
471,41,3
471,534,3
471,780,3
471,850,3
471,1022,3
471,1416,3
471,1464,4
471,1605,3
476,199,13
476,229,3
476,145,21
476,324,13
476,584,13
478,250,35
478,653,3
479,825,2
483,359,4
483,1474,5
483,1593,5
483,1988,4
483,2180,5
483,2278,4
483,2440,4
484,16,3
484,147,3
484,301,3
484,668,2
484,958,3
484,1070,3
485,1306,3
486,204,6
486,877,4
487,252,3
489,463,3
489,485,3
489,1348,3
490,398,14
490,414,2
493,1125,4
493,1324,4
495,1366,16
496,706,2
496,836,13
497,222,3
497,1035,3
499,212,3
499,99,24
499,272,16
499,520,3
501,4,11
501,127,11
503,715,18
503,793,6
503,819,14
503,945,23
505,258,3
505,199,24
505,431,3
505,544,3
505,891,2
505,969,3
505,1569,3
505,1589,3
505,1677,3
506,995,8
507,984,17
507,1549,16
511,302,17
511,613,3
511,800,3
511,1064,3
511,1069,3
511,1186,3
512,385,4
512,831,4
512,842,4
512,971,5
512,1066,4
512,1075,4
512,1335,4
512,1359,4
512,1512,4
512,1521,4
513,382,2
513,282,15
516,581,20
517,1389,19
518,350,2
518,1154,2
521,40,28
521,703,3
523,224,5
523,392,3
523,643,17
523,742,3
523,926,5
523,1214,5
524,1027,3
524,1128,3
524,1184,3
527,1007,13
528,221,6
529,536,3
529,1468,3
531,131,54
531,187,5
533,516,13
534,336,14
535,457,3
536,271,3
536,452,3
536,740,3
536,1023,3
536,1209,3
536,1384,3
537,946,6
537,1353,2
538,544,12
538,1454,22
539,657,3
539,755,7
539,1393,7
540,651,21
540,1691,13
541,322,3
541,409,3
541,1057,3
541,1390,3
541,1581,3
541,1703,3
542,104,21
543,681,27
543,937,18
543,2001,18
543,3651,3
543,3741,12
547,957,3
547,1845,3
548,345,3
548,396,3
548,468,3
548,1025,3
550,766,3
551,333,13
551,1066,13
551,1226,13
551,1440,13
551,1512,19
551,1612,13
552,31,12
555,285,15
555,853,4
555,1049,4
555,1103,4
555,1412,4
555,1732,15
555,1768,4
555,1787,15
557,1078,15
561,266,3
561,1019,3
561,1111,3
562,408,22
562,1304,22
564,411,4
566,340,3
566,495,3
566,557,3
566,601,3
566,1978,3
566,2020,3
568,860,6
569,99,6
569,1311,3
569,1388,3
569,1802,3
570,732,3
570,951,3
570,1000,2
571,45,6
571,73,5
571,373,3
571,708,3
571,1372,6
571,1400,5
571,1602,6
572,329,2
572,523,2
572,698,2
574,246,3
574,360,3
574,639,28
574,720,18
574,901,43
575,643,3
575,1116,3
576,1430,3
576,1476,4
576,1547,11
578,254,3
578,358,3
578,1201,20
578,1285,5
579,339,2
579,531,2
579,1373,2
580,112,26
584,446,3
584,622,3
584,773,3
584,1049,3
584,1128,3
584,1220,3
584,1431,3
584,1546,3
584,1646,12
584,1725,3
587,217,4
588,113,4
588,225,4
589,1822,15
590,174,22
590,830,4
591,389,3
591,508,3
591,615,3
591,925,3
592,341,4
592,220,33
592,516,33
594,269,5
594,1040,2
594,1410,2
594,2477,2
594,2760,2
596,111,22
596,271,22
596,389,22
596,672,46
597,425,5
598,274,2
598,936,6
598,991,2
598,1243,2
598,1567,2
599,1387,15
600,359,2
600,1019,2
600,1486,2
601,1237,14
605,131,3
607,1214,9
609,292,3
609,483,3
609,772,3
609,839,3
609,894,3
609,980,3
609,2195,3
613,294,3
613,1149,4
613,1237,4
613,1691,3
614,22,20
614,1267,3
614,1351,2
614,1698,3
615,802,17
620,0,63
620,65,63
620,130,6
620,800,6
621,720,2
624,1740,3
624,1813,16
624,1851,3
624,1967,3
624,2034,3
625,248,3
625,305,4
625,645,8
626,654,2
626,1032,2
626,1182,2
626,1899,2
626,2199,2
628,693,4
628,1183,4
631,461,3
631,628,3
631,655,3
631,852,3
631,1105,3
631,1316,5
632,657,3
632,1693,3
633,1306,3
633,1314,3
633,1560,3
633,1568,3
635,346,3
635,857,3
637,597,16
637,1240,16
638,422,6
638,903,14
638,2566,6
640,505,4
642,2011,14
643,78,3
647,59,14
647,193,25
647,75,2
647,266,14
647,381,2
647,621,2
647,863,3
647,1109,3
647,1251,3
647,1466,2
648,78,3
648,103,3
648,379,3
648,425,3
648,532,17
648,588,3
648,648,3
649,204,17
649,335,6
649,645,6
649,697,13
652,261,8
653,597,3
653,934,5
653,1260,3
655,531,4
655,576,14
663,257,7
663,586,3
663,611,3
663,699,3
663,1198,7
665,459,3
665,690,3
665,741,3
672,24,3
682,273,4
682,544,4
683,295,3
683,316,6
688,22,23
691,242,3
691,317,3
691,142,15
691,492,18
691,847,3
691,1199,3
691,1242,3
691,1386,3
695,1123,14
696,765,4
702,571,2
702,1257,2
704,496,2
704,742,2
704,956,2
708,1666,3
709,1281,2
710,549,3
710,643,3
710,1051,3
712,243,3
712,296,3
712,548,2
713,124,25
713,270,3
713,151,3
713,89,24
713,1881,14
715,23,14
715,182,14
715,513,14
717,433,3
717,564,3
717,574,3
717,882,3
717,906,3
717,1269,3
717,1310,3
717,1867,3
717,1970,3
718,249,26
719,36,26
719,1327,3
719,1507,23
720,41,18
720,1042,24
720,1170,14
720,1636,18
720,1748,24
724,318,14
724,395,4
724,1090,3
724,1430,3
724,1490,3
724,1618,3
725,282,3
725,1212,3
725,1347,3
725,1426,3
725,1466,3
725,1582,3
725,1653,3
726,1220,20
727,401,3
727,878,3
727,1035,3
727,1178,3
727,1269,3
729,745,14
730,62,5
731,314,2
731,705,2
731,857,2
732,108,15
732,237,15
734,98,17
738,53,20
739,364,3
739,457,3
739,601,3
739,701,3
739,723,3
739,831,3
739,1208,3
739,1455,3
739,1601,3
739,1825,3
739,1881,3
739,1969,3
740,330,3
740,1578,3
741,138,37
744,234,13
744,1061,13
744,1259,13
745,124,15
745,512,2
745,1084,5
745,1809,5
746,334,42
749,243,4
749,672,4
749,877,4
749,1094,4
749,1387,4
755,338,13
755,576,13
755,744,3
755,903,3
755,1301,24
755,1732,3
755,1775,25
755,2055,3
757,1600,12
758,835,8
759,271,9
760,657,4
762,568,3
762,887,3
762,905,11
762,924,3
762,945,11
762,1283,3
762,1564,11
763,141,23
763,273,3
763,380,3
763,483,3
763,509,3
763,654,3
763,729,3
763,878,3
763,987,3
763,1191,28
763,1270,3
763,1278,4
765,1513,2
765,1651,3
766,429,11
766,701,11
766,1024,11
766,1102,3
766,1353,3
766,1385,35
766,1517,10
766,1576,3
766,1626,3
766,2004,3
766,2048,3
766,2108,3
766,2276,3
766,2359,3
766,2521,10
766,2637,3
771,497,3
772,92,18
773,416,3
773,484,3
773,670,3
773,855,3
773,1140,3
774,256,4
775,1185,3
775,2484,3
775,5275,6
776,33,3
776,344,3
776,461,3
776,580,3
777,30,22
777,100,22
777,124,3
777,429,3
777,837,3
777,919,3
777,1001,3
780,598,4
781,667,3
785,281,21
785,1063,4
786,585,3
786,735,3
788,215,14
790,992,3
790,1136,3
791,1820,21
793,0,22
793,48,22
793,73,3
793,208,3
793,360,3
793,568,3
794,307,3
794,414,15
794,553,9
794,609,3
794,1045,3
794,1312,9
794,1626,3
796,79,15
796,520,6
797,976,3
797,1020,2
799,63,18
799,899,18
799,962,18
799,2115,18
799,2355,15
800,103,25
801,1255,3
801,1460,3
807,149,22
807,173,3
807,388,3
807,411,3
807,644,3
807,687,3
807,1114,3
807,1298,3
807,1649,3
809,192,4
809,616,17
811,694,13
815,274,36
815,1525,16
818,464,3
818,877,6
819,129,6
821,121,9
821,517,2
821,1138,2
821,2625,14
822,818,2
823,40,13
823,312,6
825,569,24
825,1148,16
827,1507,2
827,1651,2
829,632,3
829,1089,3
829,1224,3
829,1318,3
831,717,3
833,429,2
833,633,2
833,791,2
833,1305,2
834,66,16
834,433,2
834,505,6
834,573,2
834,668,2
839,94,3
839,427,3
839,487,3
839,959,3
839,1064,3
839,1247,3
839,1330,3
839,1412,3
839,1560,3
839,1692,3
840,128,26
842,140,16
843,194,25
843,334,21
844,300,16
844,895,16
846,1667,21
847,2180,20
849,30,18
849,579,2
849,901,2
849,1056,2
849,1366,2
851,599,3
851,703,15
851,808,16
851,1047,9
851,1098,2
851,1128,15
852,1118,4
852,1374,5
852,1432,3
852,1467,21
853,249,6
853,264,6
853,986,13
853,1294,6
855,1463,3
855,1740,3
859,32,26
861,612,3
861,1673,3
862,114,34
862,539,3
862,633,24
862,1090,5
862,1242,24
862,1762,20
862,2084,3
863,615,2
864,276,3
864,464,3
864,742,3
864,1076,3
865,234,2
865,432,2
866,1160,4
867,1127,6
867,1308,6
869,480,3
869,877,3
869,1344,9
869,1377,5
869,1615,3
875,492,3
875,1087,3
875,1232,3
877,415,5
877,545,5
877,886,5
877,1318,5
877,1444,27
877,1568,5
878,169,3
878,464,3
878,472,3
878,625,2
879,579,3
879,1286,3
879,1375,3
879,1393,3
882,75,4
882,620,3
882,656,3
882,970,4
882,1453,4
882,1639,4
883,13,22
883,184,33
883,826,23
883,886,22
887,18,13
887,179,13
887,1634,13
887,1782,13
890,4,14
890,134,14
890,272,2
890,318,13
890,480,2
890,641,2
890,735,2
890,956,2
893,21,14
893,301,14
893,336,17
893,1304,4
894,284,2
894,481,2
894,627,2
894,783,2
894,857,2
894,1071,2
894,1177,2
895,411,2
895,1001,2
895,1089,2
897,814,5
897,855,18
899,437,4
899,1084,4
900,599,3
900,656,3
900,719,3
900,1365,3
901,789,15
903,1179,3
903,1367,18
905,806,21
906,1308,3
906,1510,3
907,369,2
907,525,2
907,663,2
907,984,2
907,1153,2
907,1296,2
907,1437,2
907,1538,2
907,1761,2
908,418,5
908,934,5
908,2228,5
908,2337,5
909,503,2
909,1032,2
909,1284,2
911,826,3
912,328,3
912,484,3
912,1180,3
912,1275,3
913,28,15
913,659,15
913,676,2
913,979,2
913,1097,2
913,1357,2
916,1636,3
919,713,2
920,395,3
921,1621,6
923,174,3
923,58,24
923,577,3
923,794,3
923,993,3
924,1908,4
924,2036,2
926,714,3
928,1288,5
930,252,3
932,822,2
932,935,2
932,1371,2
933,31,3
933,429,3
933,1088,3
935,211,9
935,951,3
935,1077,13
935,1258,3
935,1374,3
935,1612,3
936,730,5
936,811,3
936,1073,6
936,1273,3
936,1453,7
938,782,14
939,750,15
941,243,4
941,437,4
941,528,3
941,582,4
941,1160,8
941,1290,4
941,1472,4
941,1667,3
942,296,10
944,324,2
944,341,2
944,364,2
944,665,2
946,25,6
946,756,3
947,315,2
947,245,16
947,495,2
947,1340,2
947,1371,2
947,1479,2
947,1589,2
947,1737,2
948,292,7
948,371,3
948,516,3
948,1258,3
948,1668,3
948,1843,3
952,297,14
952,396,2
952,888,2
953,809,15
954,275,2
955,305,3
956,1060,2
956,1283,2
956,1357,2
956,1496,2
956,1524,2
956,1658,2
956,1798,2
957,592,3
957,1375,2
957,1475,3
957,1769,2
958,296,4
958,330,4
958,444,3
958,339,22
958,482,3
958,734,3
958,847,3
961,639,3
961,1964,3
962,585,3
962,884,3
963,873,3
963,1013,3
963,1090,3
964,304,3
965,2019,26
967,710,12
967,1122,8
969,609,7
969,678,7
969,1443,7
969,1626,15
971,93,2
971,232,2
971,317,2
971,387,2
971,456,2
971,489,2
971,619,2
971,648,2
971,878,2
971,1176,2
971,1292,2
971,1486,2
974,1042,3
974,1318,3
974,1841,3
978,969,13
978,1453,13
978,1767,6
979,1693,6
979,2084,6
980,1025,18
982,37,30
982,472,3
982,528,3
986,319,32
987,708,3
987,917,3
987,1032,3
987,1101,3
987,1586,3
988,753,3
988,842,3
988,1172,3
993,843,4
993,1134,4
993,1171,4
993,1286,4
994,161,5
996,598,6
996,759,13
996,909,6
996,1566,13
996,1705,13
998,371,5
998,416,5
998,1598,5
1000,566,7
1000,651,7
1000,987,7
1001,158,22
1001,422,3
1001,620,16
1001,762,3
1001,966,3
1001,1110,11
1001,1313,3
1001,1370,3
1001,1727,3
1002,287,3
1002,549,4
1002,647,4
1002,953,3
1002,1060,4
1002,1127,4
1002,1180,4
1002,1275,3
1002,1513,4
1006,44,13
1006,1024,13
1007,178,3
1009,707,2
1009,1091,2
1009,1223,2
1010,300,6
1014,88,12
1015,1183,2
1015,1495,2
1017,456,3
1017,1008,5
1017,1509,3
1018,90,9
1019,982,12
1019,1376,12
1019,1485,12
1020,320,3
1020,581,3
1032,384,3
1032,463,3
1032,680,3
1033,40,6
1033,447,5
1034,508,3
1034,808,3
1034,1331,26
1037,26,17
1039,1657,3
1040,1209,16
1042,512,3
1042,631,2
1043,264,3
1043,271,2
1043,423,3
1043,431,2
1043,535,2
1043,696,2
1043,851,3
1043,866,2
1043,1062,2
1043,1095,3
1043,1210,18
1043,1358,3
1043,1366,2
1043,1391,2
1043,1518,2
1043,1581,2
1044,252,5
1046,188,24
1048,167,21
1048,803,20
1052,566,3
1052,491,27
1052,1327,3
1052,1355,3
1052,1391,3
1055,2019,23
1056,194,3
1056,431,3
1056,1107,3
1059,304,2
1059,532,2
1059,635,2
1059,879,2
1059,1064,2
1059,1185,2
1060,1095,7
1060,1111,3
1060,1554,3
1060,1632,7
1061,488,2
1061,628,2
1061,1548,2
1061,1607,2
1063,124,20
1063,180,3
1063,277,17
1063,638,20
1063,785,20
1063,978,20
1063,1042,3
1063,1186,20
1063,1430,20
1064,300,2
1064,517,2
1064,613,2
1064,859,2
1064,1353,2
1064,1570,2
1064,1597,2
1064,2058,3
1064,2364,2
1064,2830,2
1064,2952,2
1064,3140,2
1066,768,2
1066,1457,2
1067,328,3
1067,589,3
1067,673,3
1067,905,3
1067,1576,3
1067,1652,3
1068,669,3
1069,960,17
1071,160,16
1073,434,5
1073,1007,5
1073,1089,5
1073,2070,3
1075,784,3
1075,1545,8
1076,512,3
1076,543,3
1076,895,3
1076,1138,15
1076,1241,24
1076,1792,3
1076,1909,3
1076,1933,29
1076,1996,5
1076,2274,5
1076,2429,17
1076,2485,3
1076,2509,3
1076,2534,4
1077,193,22
1077,217,3
1078,354,3
1078,474,3
1079,426,2
1079,495,2
1079,686,2
1079,1004,2
1079,1275,2
1080,373,2
1080,556,2
1080,586,2
1081,417,13
1081,508,3
1081,578,3
1082,266,12
1083,365,3
1083,1686,14
1086,283,20
1087,352,6
1090,57,3
1090,77,31
1090,110,31
1090,294,17
1090,384,3
1090,502,3
1090,654,3
1090,1091,3
1091,418,3
1091,469,3
1091,1183,3
1091,1333,3
1091,1523,3
1091,1621,3
1091,1737,3
1092,153,3
1092,363,3
1092,525,3
1092,572,3
1092,719,3
1092,817,3
1092,1003,3
1093,939,6
1095,10,30
1096,489,3
1096,1136,3
1099,951,3
1101,313,2
1101,1898,2
1104,2043,12
1105,633,3
1105,779,3
1105,924,3
1105,1032,3
1105,1526,3
1105,1614,3
1105,1724,3
1106,788,19
1110,281,3
1110,94,28
1110,380,3
1110,498,4
1110,514,3
1110,1581,3
1111,699,3
1112,10,13
1112,140,13
1112,189,13
1112,330,13
1112,1042,13
1112,1246,13
1112,1349,14
1117,805,2
1117,813,2
1117,1051,7
1117,1274,2
1117,1392,2
1119,277,3
1119,94,28
1119,458,3
1119,1260,3
1119,1634,3
1119,1945,3
1121,324,2
1121,646,2
1124,586,3
1125,97,12
1130,1317,15
1132,142,3
1132,51,22
1132,358,3
1132,655,3
1132,980,3
1134,33,22
1134,995,16
1134,1616,22
1136,1302,12
1137,327,16
1139,268,32
1139,400,25
1139,1203,32
1140,353,2
1140,1084,2
1141,1450,3
1144,1503,3
1146,110,3
1146,912,3
1146,1364,3
1146,1714,3
1149,710,3
1149,1549,3
1151,423,3
1151,321,17
1151,501,12
1151,545,3
1151,641,3
1151,767,3
1151,841,3
1151,887,3
1151,1166,3
1151,1471,3
1151,1609,3
1151,1724,3
1153,15,12
1153,45,8
1153,517,8
1153,618,8
1153,866,12
1153,956,12
1153,1366,12
1154,365,8
1154,961,13
1155,326,3
1155,507,3
1155,623,3
1155,1200,3
1157,779,2
1158,516,13
1158,845,13
1158,930,13
1159,398,2
1162,277,3
1162,1419,3
1162,1495,3
1165,1101,4
1165,1257,4
1165,1497,4
1166,530,3
1170,120,25
1170,1055,6
1170,1112,6
1171,508,4
1171,543,4
1171,1188,4
1171,1379,4
1171,1473,4
1176,45,15
1176,539,9
1176,691,15
1176,804,15
1177,166,3
1177,563,3
1178,358,3
1178,1234,3
1181,1374,5
1181,1408,16
1190,162,24
1190,261,3
1190,289,25
1190,960,3
1191,377,16
1191,536,16
1191,764,2
1191,861,16
1191,931,25
1191,1204,2
1191,1676,16
1191,1707,2
1192,30,22
1192,327,3
1192,603,17
1192,700,22
1192,864,4
1192,1106,17
1193,406,2
1193,739,3
1193,774,39
1193,1018,3
1194,395,8
1194,1429,2
1194,1449,3
1195,1021,4
1196,345,9
1196,437,2
1196,720,2
1197,270,3
1197,454,3
1197,1146,3
1197,1497,20
1197,1632,3
1197,1844,3
1198,281,14
1198,1886,14
1198,1988,14
1199,575,3
1199,583,3
1199,1123,3
1199,1248,3
1199,1329,3
1202,45,14
1202,282,14
1202,806,6
1203,750,2
1204,236,3
1206,56,3
1206,479,3
1206,501,3
1206,740,6
1206,927,3
1206,1053,3
1206,1137,3
1206,1147,3
1206,1666,3
1208,25,24
1210,415,2
1210,473,2
1210,659,2
1210,846,2
1210,947,2
1210,1350,2
1210,1496,2
1210,1669,2
1213,639,2
1213,1428,2
1213,1591,2
1213,1741,2
1215,527,3
1215,747,3
1215,986,3
1215,1286,3
1217,160,13
1217,536,13
1219,1077,4
1220,1210,7
1221,1444,5
1222,149,14
1222,671,14
1224,436,3
1224,567,3
1224,716,3
1227,0,30
1227,285,10
1227,680,3
1229,24,3
1229,384,3
1229,421,3
1229,719,3
1229,797,3
1229,995,3
1229,1065,3
1229,1290,3
1231,19,14
1231,55,14
1231,71,2
1231,393,2
1231,520,2
1232,460,13
1232,1213,4
1233,258,3
1233,115,21
1233,332,3
1233,826,3
1233,941,3
1233,1037,3
1233,1397,3
1233,1898,3
1237,393,17
1237,416,3
1237,489,17
1237,514,3
1237,276,30
1237,904,17
1237,940,3
1237,1558,3
1242,60,21
1242,271,3
1242,299,21
1242,1054,21
1242,1145,16
1244,260,6
1246,357,2
1246,704,2
1246,898,2
1247,769,2
1247,619,22
1247,1216,2
1247,1448,2
1247,1548,2
1247,1644,2
1247,1723,2
1247,1930,2
1247,1995,2
1248,608,2
1248,616,3
1248,801,3
1248,974,2
1248,992,3
1249,836,15
1249,873,20
1249,1023,20
1250,203,2
1250,568,2
1250,643,2
1250,805,2
1250,899,2
1250,1091,2
1250,1409,2
1251,514,3
1251,703,3
1251,726,3
1251,777,2
1251,861,4
1251,892,4
1251,982,4
1251,1025,3
1251,1088,4
1251,1460,3
1251,1492,3
1252,511,21
1253,571,2
1253,654,2
1253,859,2
1253,1332,2
1254,1014,2
1256,667,2
1256,816,2
1263,471,23
1265,1177,3
1265,1295,3
1266,284,21
1266,852,23
1267,445,3
1267,698,3
1267,1166,3
1267,1210,3
1267,1252,3
1269,660,2
1270,216,13
1270,1270,3
1271,375,17
1273,872,3
1273,906,3
1273,1179,3
1273,1187,3
1273,1276,3
1274,315,17
1274,422,17
1274,700,6
1274,936,6
1274,1527,17
1274,1747,17
1276,473,2
1276,543,2
1276,624,2
1276,739,2
1276,857,2
1276,975,2
1276,1091,2
1276,1138,2
1276,1464,2
1276,1494,2
1276,1541,2
1276,1749,2
1277,231,3
1280,857,2
1280,1120,2
1282,452,3
1282,612,3
1282,767,3
1282,1149,3
1282,1471,3
1282,1688,3
1283,808,19
1283,867,3
1284,225,23
1285,235,13
1285,557,3
1285,919,3
1285,1643,3
1287,253,5
1287,467,5
1287,911,5
1287,1149,5
1287,1313,5
1288,99,21
1288,564,21
1288,587,2
1288,848,13
1288,895,2
1288,994,2
1288,1077,2
1288,1090,3
1292,314,3
1292,697,19
1295,1783,15
1296,284,3
1296,417,3
1296,576,17
1296,641,3
1296,786,3
1296,914,3
1297,209,18
1297,1755,18
1299,1221,3
1300,361,3
1300,561,3
1301,435,2
1301,565,2
1301,851,2
1301,1380,2
1302,492,3
1302,641,3
1302,1567,3
1304,386,4
1304,716,4
1304,995,4
1305,605,2
1305,746,2
1305,838,2
1305,1119,2
1306,327,3
1306,860,3
1306,916,13
1308,948,6
1308,977,3
1308,1439,3
1311,163,20
1311,185,2
1311,253,2
1311,1481,2
1312,457,3
1312,643,3
1312,695,3
1312,1181,3
1313,130,4
1313,885,5
1313,959,3
1313,1123,4
1313,1357,3
1314,96,13
1315,422,3
1315,687,6
1315,854,4
1315,863,4
1315,1132,3
1315,1284,4
1315,1316,4
1315,1372,4
1315,1443,4
1315,1628,6
1315,1687,3
1316,328,7
1316,337,18
1316,819,18
1316,1460,3
1316,1499,2
1316,1600,2
1322,870,6
1324,1647,3
1326,33,14
1326,136,14
1326,1224,21
1326,1437,17
1327,786,7
1328,611,4
1328,684,4
1328,860,3
1328,1088,4
1328,1110,4
1328,1195,3
1329,384,3
1329,1611,6
1329,1677,3
1332,791,2
1332,1169,2
1332,1196,2
1336,311,2
1336,531,2
1336,729,2
1336,931,2
1336,1274,2
1337,1125,22
1339,1183,4
1339,1478,4
1339,1712,4
1340,431,3
1340,839,3
1340,1221,3
1340,1574,3
1340,1641,14
1340,1810,3
1345,836,14
1348,599,7
1348,1925,7
1349,578,2
1349,835,2
1349,892,2
1349,1154,2
1350,369,3
1350,466,3
1350,906,3
1351,578,3
1353,926,3
1355,73,14
1355,208,14
1356,82,6
1356,439,2
1356,1085,16
1356,1281,6
1356,1353,2
1356,1636,2
1356,1660,2
1356,1687,16
1358,181,30
1358,1188,2
1361,242,2
1361,325,2
1361,396,2
1361,653,2
1361,896,2
1361,954,2
1361,1179,2
1362,714,14
1363,249,3
1363,326,3
1363,576,3
1363,1116,3
1364,383,20
1364,405,2
1365,310,7
1365,371,3
1365,514,3
1365,547,3
1365,975,3
1365,1200,3
1365,1256,3
1366,377,5
1366,430,14
1366,474,6
1369,756,3
1369,1574,3
1370,104,3
1370,346,3
1370,959,2
1372,694,3
1374,1013,6
1374,1604,5
1377,569,18
1378,24,13
1380,393,3
1382,641,3
1382,840,3
1382,1433,3
1383,312,3
1383,777,3
1386,775,15
1386,806,3
1386,1397,15
1386,1589,20
1388,17,3
1388,232,3
1388,409,3
1388,437,3
1388,522,3
1388,1092,9
1388,1522,3
1389,338,30
1390,374,3
1390,844,10
1392,305,4
1392,768,4
1392,833,3
1392,1005,3
1392,1065,4
1392,1186,3
1392,1306,3
1392,1333,4
1392,1390,3
1393,934,14
1393,1000,14
1394,380,2
1394,715,2
1396,691,19
1396,1829,17
1397,1575,3
1400,343,2
1400,388,2
1400,482,2
1400,630,2
1400,971,2
1400,1080,2
1401,384,4
1403,440,19
1403,542,27
1404,322,7
1404,662,3
1405,672,2
1407,261,2
1407,430,2
1407,1520,2
1407,1662,2
1409,459,3
1409,632,3
1409,745,3
1409,961,3
1409,1080,3
1409,1318,3
1409,1426,3
1411,170,16
1411,898,16
1411,1336,16
1413,945,3
1413,1249,3
1416,238,20
1417,380,3
1417,555,3
1417,768,3
1419,1169,15
1422,95,3
1422,103,4
1422,149,8
1422,543,3
1422,618,17
1422,793,3
1422,888,3
1422,1118,8
1422,1471,3
1428,983,8
1430,252,3
1430,435,3
1430,559,3
1430,1544,3
1434,135,16
1434,783,25
1434,861,16
1434,963,16
1435,297,8
1435,756,8
1435,1230,8
1438,105,21
1440,718,7
1440,838,7
1442,368,3
1442,820,6
1443,827,4
1443,1318,6
1444,193,2
1444,579,2
1444,733,2
1444,780,2
1444,968,2
1444,1111,14
1445,2116,4
1448,284,6
1450,56,15
1450,276,2
1450,179,15
1450,592,2
1451,400,6
1451,916,6
1451,1542,6
1453,209,26
1453,559,2
1453,921,2
1454,1158,28
1454,1250,28
1455,283,6
1456,1739,3
1457,1336,3
1458,511,3
1458,1017,3
1459,797,17
1459,1058,6
1460,987,6
1462,155,16
1462,574,3
1463,378,2
1463,567,2
1463,1116,2
1463,1259,2
1467,0,3
1467,494,3
1467,1163,3
1469,413,26
1469,1507,26
1470,415,10
1471,720,3
1471,894,3
1471,1125,3
1471,1193,3
1474,380,3
1474,632,3
1474,659,17
1474,856,8
1475,800,5
1475,876,5
1476,837,3
1476,845,4
1476,904,3
1476,1033,3
1476,1160,3
1476,1285,4
1477,640,2
1477,767,3
1477,796,2
1477,1052,2
1477,1387,2
1478,38,13
1482,347,3
1482,406,3
1483,264,18
1484,434,3
1484,597,3
1484,671,3
1484,730,3
1484,851,3
1484,955,3
1490,756,4
1490,765,14
1491,361,6
1494,86,4
1494,534,6
1494,602,3
1494,689,3
1494,990,3
1494,1043,3
1497,110,2
1497,73,18
1497,1295,2
1497,1435,2
1497,1780,2
1497,1887,2
1501,454,13
1502,196,13
1502,507,13
1502,714,13
1502,786,13
1502,808,14
1502,1024,13
1502,1056,14
1502,1089,25
1502,1475,14
1502,1534,13
1503,444,2
1503,523,2
1504,290,16
1504,420,3
1504,612,3
1504,688,3
1504,696,25
1507,703,3
1507,823,3
1507,927,3
1507,1332,3
1507,1737,3
1509,117,14
1512,1921,3
1513,1188,13
1513,1779,14
1516,971,15
1516,1496,15
1517,502,2
1517,643,2
1517,784,2
1517,1725,2
1518,25,23
1518,199,3
1518,642,3
1522,399,5
1525,616,19
1525,809,4
1525,1088,4
1528,409,6
1528,1331,4
1528,1499,4
1528,1638,5
1529,372,4
1531,250,5
1531,799,5
1532,246,3
1532,1578,16
1532,1745,3
1534,289,3
1534,325,2
1534,693,2
1534,793,3
1534,873,2
1534,927,2
1534,1104,3
1534,1233,3
1534,1284,3
1534,1386,9
1535,853,8
1537,198,11
1538,545,4
1538,621,13
1539,0,14
1539,16,14
1539,32,2
1539,519,11
1539,600,2
1539,727,2
1539,993,5
1541,734,13
1542,302,3
1542,352,3
1542,893,3
1545,222,20
1545,930,3
1545,1374,6
1547,172,2
1547,195,2
1547,684,2
1547,871,2
1549,515,5
1549,1612,5
1551,297,2
1551,321,3
1551,500,2
1551,514,3
1551,627,3
1551,716,2
1551,966,2
1551,1061,3
1552,467,3
1552,770,3
1552,812,3
1552,1788,3
1553,109,2
1553,719,3
1554,766,2
1554,815,2
1554,944,2
1554,1252,2
1554,1306,16
1554,1632,10
1554,1730,2
1555,217,3
1555,348,3
1555,432,3
1555,750,3
1555,866,3
1555,1026,3
1555,1222,5
1555,1293,3
1556,354,12
1556,522,3
1556,1057,3
1557,234,2
1557,329,2
1557,442,2
1557,712,2
1562,145,3
1562,603,2
1562,776,2
1562,1324,2
1563,592,13
1567,241,2
1567,175,12
1567,1082,4
1569,267,8
1570,155,25
1570,304,25
1570,796,25
1571,566,3
1571,659,3
1571,1064,3
1571,1402,2
1571,1551,3
1571,1724,3
1572,1623,22
1574,409,18
1574,717,2
1579,533,3
1579,1129,3
1579,1520,3
1581,237,2
1581,166,14
1581,460,2
1581,611,2
1581,921,2
1581,1009,3
1585,1055,27
1587,436,26
1587,637,16
1587,987,28
1587,1224,21
1587,1382,3
1590,291,4
1590,1373,4
1591,187,23
1591,360,3
1591,623,11
1591,677,3
1591,698,11
1591,770,3
1591,836,3
1591,857,11
1591,1133,3
1591,1201,3
1591,1213,11
1591,1337,3
1591,1410,3
1594,221,2
1594,309,2
1594,385,2
1594,1627,2
1594,1715,2
1600,44,25
1600,382,13
1600,434,13
1603,940,23
1605,458,3
1605,1100,3
1608,1841,15
1609,479,12
1609,642,12
1609,1027,12
1612,560,3
1612,684,3
1612,1300,3
1612,1371,12
1612,1407,20
1613,456,3
1613,1457,3
1616,397,3
1616,542,3
1616,649,3
1616,1577,3
1617,446,2
1617,1643,2
1619,223,2
1619,499,2
1619,1072,2
1619,1125,2
1619,1279,2
1619,1399,2
1619,1557,2
1619,1570,2
1619,1598,2
1619,1763,2
1622,149,3
1622,277,3
1622,725,7
1622,1140,3
1622,1331,3
1622,1413,3
1623,11,20
1623,108,20
1623,232,20
1623,519,3
1623,714,20
1623,752,3
1623,798,20
1623,913,3
1627,326,4
1627,1408,4
1627,1796,4
1629,355,3
1629,522,3
1629,678,3
1629,1366,3
1631,208,12
1631,1053,12
1632,99,3
1632,175,3
1632,131,17
1632,316,3
1632,333,13
1632,573,3
1632,689,3
1632,915,3
1632,982,3
1632,1183,3
1632,1322,3
1632,1600,3
1634,809,8
1635,40,16
1635,131,18
1635,1094,14
1635,1184,4
1635,1368,14
1636,241,3
1638,645,15
1642,281,25
1645,1362,14
1647,793,4
1650,177,3
1650,108,17
1650,251,8
1650,358,3
1650,284,24
1650,503,3
1650,579,3
1650,615,16
1650,779,16
1650,893,3
1650,1068,3
1650,1212,16
1650,1263,16
1650,1365,3
1650,1410,3
1650,1473,16
1650,1508,3
1650,1573,3
1650,1753,3
1655,427,22
1657,938,2
1658,0,43
1658,947,13
1658,969,20
1660,623,35
1660,1039,10
1663,741,23
1663,855,30
1664,512,3
1665,1282,21
1669,208,8
1669,323,23
1669,967,17
1670,272,2
1670,349,2
1670,1278,2
1670,1352,2
1670,1449,2
1670,1566,2
1672,237,3
1672,578,3
1672,667,3
1672,805,3
1673,333,3
1673,480,3
1673,731,3
1673,798,3
1673,839,3
1673,1104,28
1673,1271,25
1673,1540,3
1674,1093,16
1674,1803,20
1675,513,12
1675,583,3
1675,800,6
1675,2246,24
1676,476,2
1676,560,2
1676,930,2
1678,983,13
1678,1047,13
1679,378,16
1680,117,16
1680,838,16
1681,560,19
1681,820,22
1682,52,26
1683,160,3
1683,1903,3
1685,982,17
1685,1023,16
1685,1346,3
1685,1406,3
1686,540,3
1687,167,2
1687,117,14
1687,236,2
1687,1878,2
1689,597,4
1689,1150,4
1689,1834,3
1690,726,3
1694,1004,34
1698,90,5
1698,1187,14
1698,2084,14
1699,817,16
1701,235,7
1701,258,3
1701,380,3
1701,573,3
1701,612,3
1701,650,2
1701,782,3
1701,1732,3
1702,325,3
1703,112,13
1703,723,13
1707,369,3
1707,691,3
1707,1343,28
1708,631,4
1709,339,3
1709,367,3
1709,484,3
1709,748,3
1709,768,3
1710,729,3
1710,1478,3
1710,1688,3
1715,17,16
1715,1624,16
1715,1765,16
1716,1130,25
1718,335,3
1718,433,3
1718,514,3
1718,867,3
1718,872,3
1718,1128,3
1718,1137,3
1718,1266,3
1719,232,3
1719,327,3
1720,269,21
1720,565,3
1720,886,3
1720,1708,3
1722,1476,4
1722,1784,4
1723,246,5
1723,536,5
1723,616,5
1723,815,3
1723,840,5
1723,945,3
1723,1248,5
1723,1457,5
1725,953,15
1725,1153,27
1728,301,2
1728,420,17
1728,482,2
1728,882,2
1729,162,3
1729,389,3
1729,444,11
1729,532,11
1733,438,3
1733,777,3
1736,134,3
1736,276,3
1736,162,17
1736,659,3
1736,1184,11
1736,1324,3
1736,1419,3
1737,1025,2
1738,839,3
1738,1480,3
1739,1524,12
1739,1653,16
1740,433,3
1740,552,15
1741,527,3
1742,935,3
1742,1066,3
1742,1265,11
1744,1149,6
1745,420,3
1746,293,3
1746,406,3
1746,620,3
1746,1342,3
1747,472,12
1747,1145,12
1747,1312,3
1747,1343,12
1750,296,2
1750,344,17
1750,972,2
1750,1530,17
1751,664,2
1751,898,2
1751,1187,2
1752,171,35
1753,61,25
1753,444,4
1753,1063,4
1753,1207,4
1753,1282,4
1753,1355,4
1753,1506,4
1753,1563,4
1755,132,25
1756,303,3
1756,944,3
1756,1211,3
1760,781,3
1760,958,3
1760,1171,3
1761,191,2
1761,308,2
1761,705,2
1761,1280,2
1764,465,16
1764,894,8
1764,1103,6
1764,1180,6
1764,1364,5
1767,116,18
1767,638,32
1767,672,4
1767,904,3
1767,1070,3
1769,198,3
1769,286,35
1769,589,3
1769,734,3
1770,236,3
1770,582,3
1770,810,3
1771,325,7
1771,718,15
1774,135,23
1774,745,23
1774,798,24
1774,1280,32
1774,1737,24
1774,2004,32
1775,467,24
1775,549,24
1775,954,24
1775,998,15
1775,1031,24
1775,1108,30
1775,1289,20
1778,512,18
1778,985,6
1780,157,17
1780,296,5
1782,115,40
1784,1340,6
1785,1187,3
1788,365,12
1788,547,12
1788,1457,3
1788,1488,3
1788,1396,27
1788,1580,12
1789,337,3
1789,654,3
1789,805,3
1789,1584,3
1789,1751,3
1790,530,25
1792,1195,3
1793,196,13
1793,1310,6
1794,813,2
1794,1003,4
1794,1170,2
1794,1578,2
1798,413,3
1798,1301,3
1798,1506,3
1798,1583,3
1807,209,3
1807,117,24
1807,248,3
1807,274,22
1807,355,3
1807,757,4
1807,853,4
1807,981,3
1807,1356,3
1807,1398,3
1807,1501,4
1808,661,2
1808,772,2
1809,574,15
1809,973,15
1810,452,3
1810,610,3
1810,655,3
1813,277,14
1813,1195,3
1815,497,3
1815,722,3
1815,791,3
1815,810,2
1815,1246,6
1815,1291,3
1815,1429,3
1815,1436,2
1815,1578,6
1817,186,7
1817,669,2
1817,1722,2
1817,1755,3
1819,341,13
1820,758,4
1820,1057,4
1820,1338,4
1821,937,14
1822,188,33
1824,343,12
1825,0,17
1825,635,8
1825,1134,3
1825,1662,3
1825,1667,13
1826,599,3
1826,708,4
1826,941,4
1826,1021,4
1826,1792,6
1826,2003,4
1826,2040,5
1826,2083,6
1826,2385,4
1827,69,8
1827,120,14
1830,25,24
1831,953,15
1831,1313,15
1831,1480,3
1831,1750,15
1832,420,3
1832,1387,3
1832,1498,3
1832,1689,3
1832,1757,3
1832,1939,3
1834,743,3
1834,977,3
1838,1324,3
1840,318,6
1840,623,3
1840,755,3
1840,837,3
1840,929,3
1840,1289,3
1840,1340,3
1841,1025,13
1844,682,10
1845,264,2
1845,600,2
1845,906,2
1845,997,2
1847,760,14
1848,55,20
1848,1019,21
1848,1078,3
1849,443,3
1849,623,3
1849,932,3
1849,948,3
1856,119,14
1856,1178,14
1856,1348,14
1856,1687,14
1856,1769,14
1856,2001,14
1856,2193,14
1857,236,24
1861,658,3
1861,792,3
1862,304,15
1862,1059,9
1863,444,3
1863,737,4
1863,1241,4
1864,223,25
1864,962,4
1864,1044,4
1865,304,2
1865,653,2
1866,1294,3
1867,349,11
1871,377,7
1871,661,7
1872,214,3
1872,272,3
1872,430,3
1872,550,3
1872,691,3
1872,1312,3
1872,1555,3
1872,1770,3
1874,28,18
1874,1248,27
1876,73,18
1876,225,12
1881,534,3
1881,832,3
1882,1143,15
1885,274,6
1893,801,3
1895,356,3
1895,416,3
1895,1513,3
1895,1641,3
1896,745,3
1896,962,3
1898,326,2
1898,456,2
1898,1430,2
1900,168,4
1900,149,17
1900,439,4
1900,558,4
1900,705,4
1900,859,4
1900,1135,4
1900,1513,4
1900,1650,4
1901,107,4
1901,88,17
1901,192,4
1901,522,4
1901,619,4
1901,1444,4
1905,95,10
1905,1617,26
1911,255,2
1913,530,3
1913,752,3
1915,592,2
1915,930,3
1915,1054,3
1916,522,3
1916,350,26
1916,625,3
1918,1091,2
1918,1276,2
1920,508,3
1920,1286,3
1922,332,3
1922,1593,3
1922,1852,3
1923,95,35
1923,249,35
1923,430,4
1925,251,2
1925,819,2
1925,1542,2
1925,1725,2
1926,1614,3
1928,529,3
1928,690,3
1928,970,3
1928,1181,3
1930,595,17
1930,1048,17
1930,1257,17
1931,486,6
1932,463,4
1934,707,13
1934,1406,6
1934,1642,4
1936,69,21
1936,397,3
1936,684,3
1936,754,3
1938,1464,4
1939,184,16
1941,62,14
1941,202,20
1941,421,2
1941,448,9
1941,507,2
1941,704,6
1941,1061,6
1941,1185,13
1941,1235,2
1941,1717,14
1942,271,3
1942,450,3
1942,617,3
1942,672,3
1942,1318,16
1942,1400,3
1942,1698,3
1943,317,2
1945,263,3
1945,572,3
1945,681,16
1945,1266,16
1945,1525,3
1945,1682,3
1946,294,3
1948,204,2
1948,565,2
1948,870,2
1948,1196,2
1949,307,3
1949,454,3
1952,494,3
1952,1449,14
1955,439,2
1955,569,2
1955,776,2
1955,1001,2
1956,254,3
1956,656,3
1956,916,3
1956,989,16
1958,112,4
1958,93,17
1958,278,4
1958,431,4
1958,478,4
1958,834,4
1958,1534,4
1958,1599,4
1959,625,3
1960,0,17
1960,138,8
1960,278,19
1960,463,3
1960,662,15
1960,774,17
1961,340,4
1961,1373,4
1961,1526,4
1962,471,16
1965,1152,3
1967,50,37
1967,569,4
1967,712,2
1967,1463,4
1970,1112,20
1970,1356,20
1971,347,3
1971,673,3
1973,694,15
1974,0,16
1977,0,22
1977,361,3
1977,617,3
1977,863,3
1977,1059,3
1977,1230,3
1977,1515,3
1978,409,4
1979,166,14
1981,882,19
1982,107,9
1982,1046,21
1983,953,9
1984,869,3
1984,968,3
1984,1041,3
1984,1245,3
1984,1388,3
1984,1481,3
1984,1514,3
1988,1400,3
1989,186,44
1989,471,4
1989,1197,4
1990,755,14
1991,881,13
1992,669,3
1993,296,28
1996,111,2
1996,596,2
1996,754,16
1996,1370,2
1997,278,9
1997,362,3
1997,645,3
1997,691,8
1997,1322,3
1997,1610,9
1997,1668,3
2001,539,3
2004,184,21
2004,207,3
2004,605,3
2004,750,2
2004,795,3
2004,1155,3
2005,300,9
2009,329,2
2009,459,2
2009,594,2
2009,993,2
2009,1156,2
2010,1054,14
2011,855,3
2011,1008,3
2011,1350,3
2011,1685,3
2015,267,3
2015,462,3
2015,978,18
2018,738,2
2020,78,6
2020,581,14
2023,1504,3
2025,365,12
2026,291,14
2027,395,3
2027,574,16
2030,789,5
2032,13,14
2034,115,14
2034,173,14
2034,435,6
2037,295,3
2037,639,8
2037,681,3
2039,718,3
2042,967,6
2042,978,22
2042,1123,2
2044,625,18
2044,977,16
2045,693,3
2045,925,3
2048,224,6
2048,447,6
2049,43,12
2049,94,12
2049,552,8
2049,819,8
2049,952,12
2050,365,3
2050,389,3
2050,270,17
2050,528,3
2050,662,3
2055,626,3
2055,803,3
2055,811,3
2055,983,3
2055,1082,3
2063,411,3
2063,752,3
2063,1077,3
2064,735,3
2065,334,2
2065,920,2
2065,1112,2
2067,274,18
2067,449,6
2067,668,14
2075,19,18
2075,310,2
2075,385,2
2075,549,2
2075,591,2
2077,463,2
2077,729,2
2077,913,2
2077,973,2
2078,207,2
2078,452,2
2078,543,2
2078,801,2
2078,984,2
2078,1432,2
2090,508,2
2090,605,2
2090,1009,2
2097,84,6
2097,753,13
2098,318,14
2098,358,14
2101,841,5
2102,566,3
2102,620,3
2103,94,29
2106,207,14
2106,318,2
2106,361,14
2106,738,2
2106,837,15
2107,80,24
2114,844,3
2114,1044,3
2124,460,3
2127,121,6
2127,590,14
2128,76,24
2128,102,3
2130,391,9
2130,440,2
2134,88,17
2137,531,2
2137,612,2
2137,1160,2
2138,777,9
2143,329,2
2143,811,2
2143,952,2
2144,667,27
2149,1355,15
2154,233,3
2154,313,3
2154,416,3
2154,663,3
2154,796,3
2154,912,3
2154,961,3
2155,37,24
2155,103,24
2155,408,21
2158,408,2
2158,557,2
2158,624,2
2161,635,3
2161,652,3
2161,1486,15
2175,1838,4
2177,393,2
2177,557,2
2177,642,2
2182,564,14
2187,599,9
2189,917,3
2191,76,14
2191,278,14
2191,879,14
2192,67,15
2192,987,2
2198,0,21
2200,83,19
2208,2029,2
2208,2102,2
2208,2200,2
2209,322,3
2214,370,3
2214,300,18
2214,575,3
2214,740,3
2214,1115,3
2214,1185,3
2214,1220,3
2214,1441,3
2214,1592,3
2214,1646,8
2214,1719,3
2214,1748,3
2214,1796,3
2214,2036,3
2218,496,2
2218,542,2
2218,908,4
2218,1570,2
2218,1654,2
2218,1965,2
2222,416,3
2225,1139,6
2225,1215,22
2232,379,35
2232,1129,26
2243,45,8
2257,15,14
2257,75,14
2257,237,14
2258,169,20
2274,49,17
2274,223,8
2274,946,29
2274,1042,8
2274,1242,15
2279,42,14
2279,97,14
2279,168,14
2279,835,6
2299,510,2
2299,616,2
2299,857,2
2299,965,2
