0,159,18
3,4,21
3,68,21
3,91,3
6,568,15
6,585,25
6,612,23
9,67,13
13,39,21
13,62,3
13,68,21
13,91,3
18,345,27
18,374,3
19,1293,15
19,1547,14
21,380,16
23,229,3
23,197,30
23,516,8
25,0,28
25,41,26
25,149,3
25,119,28
25,250,19
25,358,26
25,432,3
25,1155,26
25,1222,3
25,1708,3
25,1819,3
28,61,15
28,78,2
28,981,2
31,74,27
31,155,27
31,184,3
31,190,3
31,1088,3
32,240,21
32,264,3
32,893,3
32,1769,3
37,42,20
38,189,3
38,158,29
38,396,3
39,13,32
41,28,18
41,48,18
41,68,3
41,1289,4
41,1247,40
42,190,23
42,307,16
42,1062,11
44,236,25
46,217,10
47,197,13
47,329,13
50,638,32
51,243,3
51,211,30
52,150,14
52,297,20
52,825,14
52,935,14
52,1914,14
54,105,21
54,128,2
55,12,17
56,75,27
56,127,27
56,536,27
58,18,20
58,245,20
58,339,10
58,634,20
58,1154,20
58,1313,20
59,585,20
62,2134,18
62,2208,18
62,2563,17
63,181,15
64,0,15
64,126,15
65,140,28
65,170,3
65,519,3
65,849,3
66,172,28
67,158,28
67,188,3
68,148,40
69,124,44
69,730,26
71,191,3
71,174,15
71,755,3
71,1117,3
72,1456,6
73,55,13
73,79,13
73,94,3
73,1193,3
73,1644,3
75,493,21
77,193,2
77,303,2
77,171,20
77,559,2
78,254,2
78,261,28
78,232,20
78,1607,2
80,45,18
80,86,18
80,106,2
80,1459,2
80,1582,2
80,1624,2
80,1901,2
81,633,14
81,749,14
81,1052,14
81,1155,24
83,15,16
83,90,16
83,414,16
84,110,26
84,369,27
86,188,5
87,367,16
88,1066,29
88,1128,29
88,1465,13
90,83,14
90,230,14
90,246,2
91,100,24
91,180,24
91,206,3
91,266,28
91,310,3
91,745,3
91,1090,3
92,133,18
92,153,2
92,320,2
92,386,2
94,281,9
94,384,14
94,415,25
95,342,3
95,703,3
95,1244,3
96,0,16
96,68,16
96,673,16
98,208,33
98,1236,33
99,280,3
99,250,28
99,1356,3
100,245,18
100,467,27
100,496,3
101,119,5
101,131,38
101,88,29
101,847,5
105,143,10
105,422,10
106,0,30
106,187,30
106,1107,13
107,2078,12
109,0,24
109,181,24
109,217,8
109,230,18
109,341,24
109,368,3
109,417,18
109,921,12
110,14,26
110,98,26
110,126,2
110,197,2
110,428,9
110,701,2
110,819,2
112,402,12
112,1540,24
113,86,17
113,795,17
124,1133,3
124,1104,27
126,142,27
126,171,3
128,182,3
128,276,3
128,1394,3
129,168,51
129,424,17
129,517,14
129,632,15
129,1032,14
130,121,26
130,149,2
130,231,2
130,318,3
130,284,32
130,1262,2
134,57,19
135,68,28
135,98,3
135,344,3
136,188,12
137,0,24
137,99,24
138,167,3
139,82,36
140,158,33
141,1657,33
142,1677,21
144,100,35
147,101,34
147,202,24
148,1568,15
150,72,15
150,289,15
151,105,18
155,454,27
156,35,20
156,67,14
157,199,8
157,726,12
157,863,19
157,1429,8
157,1566,8
158,630,2
158,904,2
159,109,15
160,141,24
160,171,24
160,197,3
160,276,24
160,368,3
160,1078,24
161,430,14
168,380,26
170,665,21
172,1678,19
176,1258,34
177,1173,2
186,159,18
186,416,3
186,384,30
186,996,18
186,1454,6
187,93,28
187,123,3
187,473,3
187,756,3
187,786,3
188,0,18
188,126,18
190,196,14
190,212,2
190,1678,2
192,103,14
192,119,2
192,370,39
193,126,26
193,154,3
193,526,9
193,1334,20
194,78,13
194,300,13
194,703,21
194,1664,13
194,1938,13
195,137,13
195,396,23
195,1194,25
195,1349,20
201,124,21
202,92,13
203,171,12
203,208,35
203,245,3
203,306,8
203,1336,17
204,42,24
204,95,24
204,388,24
205,693,33
205,729,4
205,879,4
206,932,23
206,957,3
206,1014,3
210,379,21
210,402,2
211,325,3
211,295,28
211,893,3
212,0,14
215,33,28
215,184,13
215,326,28
215,394,13
215,1429,13
215,1520,28
215,1556,13
216,422,2
216,398,22
217,1442,23
217,1698,15
218,116,28
218,146,3
218,244,3
218,501,23
218,530,3
218,803,3
220,91,14
220,107,3
221,335,10
222,225,2
222,203,20
226,99,26
226,265,13
226,620,24
226,681,13
226,789,14
226,1537,25
228,140,2
228,118,20
230,142,17
230,161,3
231,16,18
231,1196,18
235,174,20
236,306,2
236,272,32
236,311,2
236,363,12
237,155,17
237,300,30
237,333,3
237,1085,17
237,1237,3
239,175,14
239,191,3
239,1582,3
240,189,3
240,142,45
242,696,14
242,1209,14
243,67,21
243,177,3
243,186,17
243,205,2
243,154,21
243,441,20
243,466,18
252,78,18
253,0,14
253,235,14
253,999,14
255,128,18
255,149,2
255,447,2
258,135,2
258,114,19
264,92,28
264,271,3
264,387,2
264,591,3
264,1324,3
264,1478,3
265,354,3
267,0,35
267,222,3
267,185,35
270,141,2
271,168,13
271,264,20
271,606,13
272,206,3
272,182,22
272,475,3
272,663,3
272,452,21
272,1373,3
272,1621,3
274,81,5
274,58,21
275,94,18
275,845,2
275,1296,2
278,199,21
278,226,35
283,254,29
285,360,4
285,319,39
286,156,2
286,134,20
289,533,15
289,566,26
290,218,21
290,1599,13
290,1654,12
292,91,15
292,108,3
292,507,15
294,107,4
294,119,46
294,86,19
297,437,15
299,62,3
299,184,11
299,299,3
299,471,11
302,527,16
308,0,28
308,30,28
308,60,3
308,318,3
308,612,3
308,814,11
310,40,27
310,277,23
310,302,3
310,783,27
310,812,3
310,818,3
310,827,3
310,1059,3
310,1147,3
310,1397,24
310,1423,2
311,146,3
311,125,19
311,880,3
311,862,16
312,35,26
312,63,3
312,199,3
312,171,26
312,1636,27
313,73,25
313,135,25
317,91,23
317,207,23
317,657,23
317,685,30
317,928,14
317,955,18
318,796,4
319,716,21
319,739,2
320,136,24
320,504,11
320,1143,24
321,253,35
321,1121,16
323,98,33
324,153,13
324,519,37
327,90,18
327,111,2
327,748,2
330,72,24
330,102,19
330,530,22
330,686,14
330,703,2
330,1854,2
330,1956,3
330,2024,2
330,2168,2
330,2902,2
334,33,18
334,146,18
334,1134,18
335,232,18
335,396,21
335,419,3
338,162,15
338,441,3
338,321,26
338,1035,3
338,1336,15
338,1939,15
338,2203,15
338,2359,15
341,135,24
347,61,24
347,91,24
347,117,3
347,128,25
347,342,3
348,72,13
348,507,26
348,544,13
348,1500,25
348,1809,16
349,109,18
349,129,2
349,1084,2
350,159,26
350,188,4
350,415,4
350,553,4
350,661,4
350,946,4
352,77,26
353,100,15
355,1261,3
356,285,2
356,268,15
357,549,39
358,71,23
359,365,2
359,334,29
360,44,16
360,62,3
360,205,3
360,911,18
363,255,6
363,310,17
363,954,17
366,26,18
366,46,18
366,67,2
366,486,2
366,939,2
368,96,17
368,117,26
368,182,15
368,363,10
368,482,10
368,724,17
368,1236,2
370,767,12
371,79,44
371,489,18
372,207,18
372,227,2
373,849,13
373,1080,26
374,86,4
374,167,3
374,179,46
374,65,19
374,143,22
374,438,4
376,44,15
376,81,15
376,98,3
376,176,3
378,92,22
378,116,22
378,140,3
379,271,14
379,287,9
379,526,9
380,0,21
380,64,21
380,87,2
380,1298,2
380,1349,13
381,86,12
381,299,15
381,461,15
381,1900,12
382,1639,15
383,88,15
383,1394,15
384,35,15
384,735,15
385,136,22
385,160,3
385,955,3
385,1696,3
387,137,12
387,1792,12
390,39,21
393,231,3
393,266,2
393,247,17
393,208,21
394,293,15
394,599,15
394,1750,15
395,145,15
395,162,2
397,730,14
398,212,3
398,181,29
400,494,50
400,546,2
401,310,7
402,94,8
402,133,8
403,0,28
403,72,3
405,112,15
405,129,2
405,366,2
408,147,17
410,121,21
410,173,2
410,156,15
410,478,2
410,726,21
410,784,17
410,803,2
412,66,3
412,43,21
412,1808,3
416,50,15
416,124,15
416,141,3
416,442,3
416,613,3
418,62,22
418,442,22
418,466,3
421,73,3
421,206,3
421,515,3
423,1195,2
431,447,13
433,46,16
433,106,16
434,86,27
434,115,3
434,269,3
435,238,20
435,442,39
438,51,28
438,164,4
438,124,38
440,262,2
440,661,14
440,901,11
440,1036,15
440,1191,2
441,766,3
441,736,28
441,1810,18
441,1830,2
442,0,28
442,30,3
442,152,3
442,122,28
442,254,17
442,559,3
442,675,11
442,1570,3
442,2008,3
443,45,17
443,272,2
443,296,26
443,248,22
443,324,3
443,703,2
443,744,2
443,1578,2
443,2058,2
443,2203,29
444,164,21
448,274,24
450,30,3
450,64,24
450,90,24
450,116,3
450,126,33
450,233,3
450,367,3
451,1177,25
451,1486,13
453,477,3
454,39,15
454,86,24
454,308,15
454,388,24
454,476,24
454,937,24
454,1129,24
454,1339,24
454,1444,24
455,68,24
455,129,24
455,155,3
455,536,3
455,1462,3
455,1732,3
457,20,14
457,36,2
457,159,14
457,176,2
457,995,2
458,40,21
458,123,3
459,218,16
459,343,27
461,137,17
461,298,17
464,165,21
464,234,3
464,211,21
464,884,3
464,1643,3
464,1759,3
464,1836,3
465,123,25
466,308,21
467,66,15
467,320,15
467,834,15
468,82,26
468,115,44
469,131,3
469,108,21
469,733,3
469,795,3
470,0,44
470,90,51
470,540,15
470,1122,15
471,199,3
471,172,25
471,657,3
474,330,17
476,53,13
476,145,21
476,199,13
476,168,3
476,584,13
478,124,16
479,95,26
479,124,2
479,974,2
481,138,8
483,118,40
483,188,35
483,225,4
483,359,4
483,924,4
483,930,40
483,983,39
483,972,4
483,1024,5
483,1988,4
483,2278,4
483,2334,4
483,2440,4
483,2606,4
483,2675,5
484,16,3
484,147,3
484,301,3
484,958,3
484,1070,3
485,601,18
486,71,20
487,48,3
487,24,22
487,252,3
488,64,14
488,80,14
489,86,28
489,116,3
489,463,3
489,1348,3
490,398,14
490,414,2
493,204,4
493,163,39
495,65,24
495,95,32
495,318,26
495,1366,16
497,17,15
497,62,3
499,69,24
499,99,24
499,125,3
499,520,3
500,189,21
500,748,7
501,786,16
503,314,30
503,435,23
503,819,14
503,945,23
505,41,24
505,67,3
505,199,24
505,225,3
505,431,3
505,544,3
505,969,3
505,1569,3
505,1677,3
506,0,8
506,83,8
506,132,12
510,70,15
510,206,15
511,126,3
511,94,30
511,613,3
511,1064,3
511,1386,3
512,26,16
512,831,4
513,299,2
513,382,2
513,282,15
514,48,17
515,535,39
515,647,13
516,581,20
518,104,21
518,128,2
518,1154,2
520,1164,13
521,230,3
521,300,11
521,200,28
523,178,5
523,147,29
523,643,17
523,691,3
523,662,27
523,1380,5
524,485,3
524,461,22
524,688,28
524,718,3
524,1027,3
528,365,6
529,314,3
529,296,16
529,1468,3
531,187,5
531,131,54
534,82,14
534,491,14
535,75,18
537,59,19
537,339,10
537,816,10
537,1353,2
538,48,12
538,530,12
538,544,12
538,1273,5
538,1571,12
539,189,12
540,651,21
540,794,28
540,1576,24
540,1691,13
541,409,3
541,1057,3
541,1581,3
542,104,21
542,127,21
542,150,3
543,153,23
543,178,3
543,227,3
543,306,3
543,3246,3
543,3441,20
543,3651,3
546,0,16
546,299,16
546,457,3
546,422,33
546,927,21
547,49,18
547,593,35
548,109,28
548,139,3
548,345,3
551,333,13
551,718,14
553,117,10
555,209,32
556,482,26
557,0,26
557,369,13
557,1078,15
559,0,20
559,717,23
559,1304,31
559,1353,23
561,48,21
561,131,3
563,19,7
563,60,7
563,347,7
563,959,7
566,135,3
566,111,22
568,214,20
572,120,14
572,277,14
572,293,2
572,329,2
572,698,2
574,701,17
574,901,43
576,275,16
576,524,4
576,580,19
576,601,3
576,619,30
576,651,4
576,499,23
576,719,13
578,132,3
578,101,29
579,69,18
579,89,2
579,339,2
579,531,2
580,110,28
580,1077,2
584,254,3
584,331,25
584,359,20
584,446,3
584,1128,3
584,1646,3
585,401,21
588,24,17
588,124,17
589,1508,15
590,0,33
590,72,33
590,107,4
590,830,4
590,1039,4
591,42,3
591,10,30
591,287,3
591,255,30
591,1238,35
591,1275,4
593,0,15
594,12,19
594,124,31
594,157,2
594,2181,12
597,261,25
598,45,20
598,384,19
598,1032,19
598,1268,19
598,1756,19
599,1387,15
600,92,18
600,139,2
601,1237,14
605,53,17
605,72,3
605,83,46
605,131,3
610,624,19
613,52,22
613,201,22
613,225,3
613,294,3
613,971,6
613,1047,9
613,1102,4
613,1691,3
613,1793,12
614,97,20
614,119,3
620,130,6
620,65,63
621,133,21
621,157,2
622,663,15
625,77,28
625,107,3
625,151,4
625,116,33
625,248,3
625,305,4
626,288,2
626,264,22
626,654,2
626,847,30
628,153,17
628,172,4
628,1183,4
629,1204,25
631,42,21
632,313,3
632,283,28
632,657,3
632,1693,3
633,394,27
633,423,3
633,429,25
633,456,3
633,466,29
633,497,3
635,29,22
635,128,3
635,104,22
635,857,3
636,1377,3
637,58,31
637,293,36
637,597,16
637,1240,16
638,96,15
638,437,21
638,460,2
638,572,10
638,697,27
638,903,14
638,2716,12
638,2801,2
639,0,17
640,427,9
640,717,4
640,778,28
640,808,4
640,1732,9
646,148,12
646,387,20
647,59,14
647,87,48
647,137,7
647,75,2
647,266,14
647,706,17
647,1216,17
648,123,18
650,193,3
650,161,30
653,1012,25
653,1215,3
653,1220,26
655,576,14
655,1218,13
662,53,27
662,103,27
662,132,3
663,13,25
663,86,27
663,115,3
663,124,25
663,151,3
663,586,3
663,611,3
663,699,3
665,57,27
665,110,27
665,139,3
665,403,16
665,459,3
665,690,3
665,741,3
666,12,27
668,42,35
668,79,24
668,333,35
668,371,3
668,399,3
668,652,3
668,1276,3
672,24,3
674,0,18
674,432,18
676,118,33
676,153,4
676,250,27
676,279,3
678,16,44
680,577,8
680,752,8
680,814,21
681,74,15
681,188,15
681,917,15
682,31,25
682,118,25
682,145,4
682,167,29
682,214,22
682,1073,4
683,417,21
685,22,27
685,119,27
685,148,3
688,64,15
691,142,15
691,159,3
695,229,28
696,258,4
696,231,25
697,131,24
697,199,16
697,571,24
697,948,13
698,143,33
698,555,14
702,134,18
702,155,2
703,110,3
703,82,26
703,616,17
708,142,3
708,112,28
708,1666,3
709,155,25
710,283,3
710,251,30
710,1051,3
712,57,26
712,85,3
712,863,3
713,115,3
713,221,16
713,89,24
713,1702,16
715,23,14
715,182,14
715,505,22
717,350,15
717,367,3
717,1970,3
718,193,45
720,124,15
720,414,10
720,499,24
720,671,17
720,1170,14
720,1748,24
722,48,16
722,218,16
722,293,16
724,135,20
724,157,3
724,1090,3
724,1188,21
724,1430,3
725,282,3
725,1212,3
725,1347,3
725,1466,3
725,1653,3
726,1220,20
727,41,21
727,131,3
727,108,21
727,401,3
727,578,24
727,1178,3
729,161,28
729,731,28
729,1531,28
731,0,18
733,129,18
736,964,14
737,1637,4
739,82,3
739,59,21
739,457,3
739,601,3
739,1455,3
739,1601,3
739,1881,3
739,1969,3
740,243,3
740,212,29
740,330,3
740,496,3
740,1347,3
740,1578,3
742,1655,16
743,82,18
743,153,18
743,449,18
743,770,18
745,124,15
745,232,15
746,1126,13
748,1378,27
749,91,17
749,110,17
749,129,4
749,672,4
749,1387,4
755,291,22
755,744,3
757,464,12
757,1600,12
759,4,18
760,70,51
761,108,30
761,332,30
762,168,3
762,178,29
762,138,28
762,568,3
762,791,7
762,887,3
762,924,3
762,1283,3
762,1627,11
763,88,3
763,64,22
763,273,3
763,483,3
763,509,3
763,654,3
763,878,3
763,987,3
763,1270,3
764,101,38
764,141,3
764,149,26
765,1651,3
766,1576,3
766,1626,3
770,87,12
771,311,3
773,171,3
773,143,26
773,484,3
773,670,3
774,48,13
775,1557,6
775,2027,6
775,2049,18
775,2080,18
775,2264,18
775,2292,18
775,2420,6
775,4531,6
775,4654,6
775,5639,20
775,5661,18
775,6007,6
775,6474,6
775,6641,6
776,137,17
776,224,3
776,192,30
776,156,3
776,1447,17
777,30,22
777,100,22
777,124,3
777,1001,3
778,104,18
778,124,2
778,312,2
779,92,13
779,1301,7
780,48,39
780,494,4
781,215,25
781,242,3
782,59,15
782,134,15
782,428,15
785,50,18
785,281,18
785,312,4
786,55,20
786,77,3
786,585,3
788,198,15
788,215,14
788,468,14
788,1006,14
788,1637,15
788,1863,14
788,2136,14
790,349,17
790,369,3
790,1136,3
791,135,18
791,155,2
791,202,15
791,230,14
791,427,4
791,402,23
792,370,14
792,647,14
792,1295,14
793,0,22
793,48,22
793,73,3
793,568,3
794,985,3
794,953,30
796,38,15
796,79,15
796,383,15
796,1335,15
797,288,36
797,327,3
797,906,19
799,172,15
799,377,15
799,2485,15
800,0,25
800,114,14
800,664,21
800,707,15
800,984,14
801,1480,13
807,149,22
807,173,3
807,388,3
807,1649,3
809,61,17
809,616,17
809,907,17
810,124,9
811,480,34
819,129,6
819,658,6
819,1069,6
819,1354,6
821,391,2
821,369,20
821,1435,36
822,764,2
823,40,13
823,1636,13
824,929,16
824,1060,4
825,0,24
825,45,24
825,284,24
825,1182,24
825,1617,24
827,171,2
827,142,27
827,447,2
827,2130,20
828,173,17
831,125,13
831,279,18
831,459,18
831,509,20
831,717,3
831,1505,18
831,2261,18
833,656,2
834,66,16
834,131,16
834,149,2
834,573,2
834,668,2
837,20,18
837,288,41
837,662,10
840,128,26
840,676,15
840,717,42
840,820,28
842,140,16
843,334,21
844,118,16
844,206,26
844,479,14
844,800,12
844,878,12
845,0,22
846,177,15
846,195,3
846,210,21
846,1667,21
849,30,18
849,184,2
849,162,20
851,60,44
851,144,51
851,403,15
851,703,15
851,1098,2
851,1128,15
852,1394,22
852,1418,3
853,801,13
853,986,13
854,363,18
854,969,18
854,1129,18
855,271,24
855,1463,3
857,61,17
857,80,17
857,616,17
858,103,27
858,132,3
858,484,3
858,779,3
859,4,16
859,24,34
859,112,16
860,0,28
861,114,28
861,144,3
861,612,3
861,1228,11
861,1552,11
861,1673,3
862,254,20
862,276,3
864,114,18
865,41,18
865,94,18
865,115,2
867,84,17
867,558,17
868,96,15
868,477,24
869,264,19
869,326,3
869,332,21
869,294,30
869,355,3
872,317,13
872,670,12
875,121,28
875,151,3
875,492,3
875,1087,3
875,1232,3
876,49,17
876,92,17
876,261,17
876,697,17
876,1997,17
877,158,5
877,127,29
877,415,5
877,545,5
877,1318,5
878,44,18
878,625,2
879,94,17
879,113,3
879,1393,3
882,408,28
882,438,3
882,447,18
882,620,3
882,782,4
882,747,33
883,521,25
883,558,27
883,998,27
884,255,16
887,18,13
887,1634,13
887,1782,13
890,4,14
890,27,13
892,0,22
893,40,18
893,76,33
893,154,33
893,189,4
893,562,4
893,1304,4
893,1371,19
894,111,2
894,89,20
894,783,2
894,857,2
894,1203,26
895,30,17
895,58,17
895,78,2
895,411,2
897,342,26
898,156,10
899,1765,22
900,152,21
900,188,3
900,1365,3
901,789,15
902,1761,13
903,115,18
905,214,22
906,301,28
906,331,3
906,408,16
906,426,3
907,30,22
907,289,2
907,265,22
907,754,2
907,1437,2
908,123,5
908,92,29
908,934,5
908,1159,3
908,2228,5
908,2337,5
909,1284,2
910,124,12
910,414,10
910,592,10
911,155,17
912,80,27
912,205,27
912,235,3
912,328,3
912,484,3
912,1180,3
912,1275,3
915,85,14
916,235,3
916,212,21
917,0,24
919,140,15
919,752,15
920,57,13
920,223,13
920,238,3
920,923,13
921,62,18
921,527,17
922,214,26
923,27,24
923,58,24
923,84,3
923,794,3
924,0,22
925,1790,19
926,519,12
927,59,3
927,130,18
927,184,18
928,1063,6
929,237,20
930,87,21
930,110,3
931,65,18
931,429,18
932,254,2
932,233,19
932,1097,2
933,31,3
933,78,30
933,110,3
933,417,8
933,429,3
933,717,8
934,223,2
934,213,8
935,513,3
935,784,17
935,1077,13
935,1391,17
935,1735,13
936,33,17
936,272,17
938,95,51
938,782,14
939,107,3
939,79,26
939,440,18
939,463,24
939,587,3
939,750,15
939,912,15
939,951,3
941,140,37
941,180,4
941,202,30
941,235,3
941,327,17
941,437,4
941,924,19
941,1160,8
941,1472,4
942,107,28
942,137,3
942,267,3
942,353,3
942,1087,3
944,85,2
944,63,20
944,341,2
944,665,2
945,0,22
945,399,10
946,165,3
946,321,17
946,915,24
947,263,2
947,245,16
947,1371,2
947,1479,2
947,1589,2
947,1737,2
948,108,21
948,131,3
948,1668,3
948,1843,3
949,101,3
949,71,28
949,1282,19
953,59,34
953,538,15
955,80,30
955,112,3
956,185,26
956,213,3
956,236,2
956,219,15
956,1283,2
956,1798,2
958,339,22
958,363,3
961,157,24
961,299,24
961,325,3
961,1964,3
962,87,3
962,53,32
962,585,3
962,884,3
963,181,25
964,304,3
967,1566,22
969,0,26
969,155,18
971,23,18
971,93,2
971,387,2
971,1176,2
971,1595,27
974,369,28
974,399,3
975,1126,15
976,169,3
976,146,21
976,788,3
977,2047,29
978,28,13
978,293,13
978,453,25
978,576,13
978,1453,13
978,1851,13
978,2048,13
979,495,6
979,1693,6
980,103,14
980,464,14
980,1123,15
982,69,30
982,101,3
983,1489,4
984,56,15
986,312,39
986,874,22
987,61,16
987,143,30
987,175,3
987,708,3
987,1014,14
987,1032,3
987,1167,14
987,1407,3
988,503,26
988,531,3
992,129,3
992,104,23
993,380,29
995,22,38
995,189,39
995,230,4
995,289,4
995,240,47
996,246,28
996,846,14
998,153,5
998,165,33
998,122,29
998,371,5
998,1598,5
1001,70,27
1001,343,3
1001,620,16
1001,762,3
1001,1172,20
1001,1313,3
1001,1727,3
1002,953,3
1006,128,13
1006,396,14
1006,1407,17
1007,1579,18
1009,62,13
1009,254,13
1009,269,2
1009,1091,2
1009,1223,2
1011,211,28
1013,282,10
1016,232,3
1016,261,2
1016,207,23
1016,241,18
1017,122,3
1017,91,29
1019,183,3
1019,159,22
1020,102,3
1020,72,28
1020,108,28
1020,138,3
1020,320,3
1020,581,3
1021,1180,18
1022,709,18
1026,153,3
1026,124,27
1028,21,44
1028,110,15
1030,180,18
1031,199,3
1032,128,30
1032,160,3
1032,680,3
1034,154,3
1034,133,19
1034,402,14
1035,59,51
1035,529,15
1038,106,18
1039,82,24
1039,120,24
1039,146,3
1039,299,15
1039,1657,3
1039,1710,24
1040,53,16
1040,1209,16
1043,99,3
1043,108,18
1043,128,2
1043,696,2
1043,1518,2
1044,195,5
1044,149,44
1047,425,2
1047,415,8
1048,167,21
1048,458,29
1050,1194,26
1050,1689,26
1052,63,30
1052,254,31
1052,491,27
1052,520,3
1052,720,25
1052,747,3
1052,1327,3
1052,1391,3
1053,304,21
1055,166,13
1055,181,25
1055,732,26
1055,1945,14
1055,2255,14
1056,58,15
1056,100,15
1056,117,3
1056,194,3
1056,431,3
1057,214,21
1058,196,2
1058,178,16
1059,257,2
1059,233,22
1059,532,2
1059,635,2
1060,457,21
1060,480,3
1063,298,17
1063,898,35
1064,300,2
1064,613,2
1065,214,17
1065,233,3
1065,242,25
1065,269,4
1066,536,21
1066,559,2
1066,768,2
1066,1457,2
1066,1677,2
1067,108,15
1067,328,3
1067,589,3
1067,905,3
1067,1652,3
1068,31,27
1068,83,27
1068,112,3
1068,669,3
1069,78,41
1071,32,16
1071,77,17
1071,563,17
1071,715,17
1071,891,26
1073,1742,14
1075,1203,6
1076,63,25
1076,364,31
1076,543,3
1076,694,4
1076,658,34
1076,734,24
1076,1933,29
1076,2128,25
1076,2485,3
1077,193,22
1077,217,3
1078,61,18
1078,81,18
1078,101,2
1078,232,47
1079,254,2
1079,233,19
1079,426,2
1079,1004,2
1081,154,28
1081,184,3
1081,508,3
1081,578,3
1082,266,12
1083,250,28
1083,280,3
1083,365,3
1084,297,4
1086,283,20
1086,308,20
1089,81,22
1089,987,13
1090,57,3
1090,384,3
1090,1091,3
1091,276,3
1091,249,25
1091,469,3
1091,985,17
1092,88,28
1092,153,3
1092,179,11
1092,363,3
1092,469,11
1092,525,3
1092,551,11
1092,572,3
1092,719,3
1092,817,3
1092,1003,3
1095,155,3
1095,123,30
1095,1270,30
1096,81,3
1096,211,27
1096,53,26
1099,0,24
1099,282,24
1099,309,3
1099,951,3
1101,313,2
1103,670,19
1104,1219,13
1105,232,3
1105,208,22
1105,924,3
1105,1032,3
1105,1526,3
1105,1614,3
1109,1231,12
1110,124,3
1110,281,3
1110,94,28
1110,380,3
1110,514,3
1110,1581,3
1111,497,27
1111,526,3
1111,534,25
1111,561,3
1111,714,3
1112,248,13
1112,1349,14
1114,340,18
1116,200,3
1116,177,21
1117,47,14
1117,349,2
1117,334,13
1119,0,28
1119,124,3
1119,94,28
1119,458,3
1119,1260,3
1119,1634,3
1119,1945,3
1120,55,17
1120,101,17
1121,207,27
1121,236,2
1121,324,2
1121,716,2
1124,191,14
1125,360,20
1126,375,17
1126,487,17
1126,522,27
1127,1078,16
1132,51,22
1132,75,3
1132,142,3
1132,195,22
1132,219,3
1134,33,22
1134,197,22
1134,570,22
1134,1616,22
1135,112,19
1135,145,31
1135,178,4
1136,1302,12
1139,268,32
1139,361,21
1139,400,25
1139,903,21
1140,49,17
1140,145,17
1140,164,2
1140,218,18
1140,1084,2
1141,374,3
1141,343,29
1141,674,13
1141,689,13
1141,707,16
1141,1035,13
1141,1082,12
1141,1190,27
1143,595,25
1144,154,3
1144,131,21
1144,867,3
1144,941,3
1145,318,14
1146,368,3
1146,337,29
1147,141,3
1147,120,19
1149,214,3
1149,184,28
1149,710,3
1149,1549,3
1150,1555,19
1150,1737,18
1151,376,3
1151,423,3
1151,321,17
1151,1189,15
1151,1209,28
1152,192,13
1152,707,21
1153,15,12
1153,517,8
1153,618,8
1153,1159,12
1153,1486,12
1154,228,50
1154,348,13
1155,0,21
1155,191,47
1157,174,2
1157,157,15
1157,779,2
1158,845,13
1159,0,20
1159,22,13
1159,37,2
1159,100,3
1159,73,25
1159,667,14
1159,1049,13
1161,623,18
1163,15,44
1163,76,24
1164,1686,10
1165,65,34
1165,280,15
1165,409,15
1166,530,3
1166,649,12
1167,1104,8
1170,120,25
1170,335,16
1170,744,14
1170,1343,13
1170,1552,26
1171,157,4
1171,126,29
1171,384,39
1171,425,4
1171,1379,4
1171,1403,14
1172,464,15
1172,594,15
1172,1186,15
1172,1312,15
1174,68,22
1174,100,22
1174,124,3
1175,322,12
1175,366,24
1176,71,15
1176,691,15
1177,47,21
1178,57,27
1178,86,3
1178,358,3
1178,426,3
1178,1234,3
1180,1220,5
1180,1375,16
1188,1744,4
1190,0,24
1190,261,3
1191,0,16
1191,146,16
1191,215,26
1191,377,16
1191,536,16
1191,861,16
1191,1043,16
1191,1261,16
1191,1676,16
1191,1707,2
1192,111,4
1192,182,3
1192,78,31
1193,739,3
1194,203,13
1194,1261,16
1194,1279,2
1194,1287,20
1194,1309,3
1194,1429,2
1196,176,18
1196,197,2
1197,116,20
1197,813,3
1197,1146,3
1197,1844,3
1198,146,5
1198,281,14
1199,21,3
1199,389,32
1199,583,3
1199,1123,3
1199,1248,3
1200,1143,10
1202,45,14
1202,282,14
1204,64,28
1204,94,3
1205,0,22
1205,124,22
1206,56,3
1206,82,20
1206,270,20
1206,292,3
1206,1666,3
1208,25,24
1208,207,24
1208,1031,24
1210,176,2
1210,154,20
1210,659,2
1210,1496,2
1210,1669,2
1211,1306,15
1214,14,17
1215,32,21
1215,460,23
1217,160,13
1217,1085,13
1219,0,45
1219,132,45
1219,179,4
1220,192,39
1220,1052,8
1220,1065,18
1221,783,21
1222,149,14
1222,671,14
1224,362,3
1224,338,22
1224,567,3
1225,679,13
1226,974,21
1227,0,30
1227,148,30
1227,180,3
1227,285,10
1227,598,15
1228,97,18
1229,24,3
1229,131,15
1229,148,3
1229,384,3
1229,995,3
1229,1290,3
1230,37,6
1231,19,14
1231,55,14
1231,71,2
1232,186,13
1232,460,13
1233,32,21
1233,115,21
1233,138,3
1233,258,3
1233,826,3
1233,1898,3
1237,90,3
1237,208,3
1237,308,3
1237,180,26
1237,276,30
1237,904,17
1237,1268,14
1238,170,27
1238,199,3
1240,1128,15
1241,81,18
1242,60,21
1242,299,21
1242,1054,21
1243,44,18
1243,391,18
1243,605,19
1243,1730,18
1243,1782,15
1246,77,18
1246,97,2
1247,62,22
1247,643,2
1247,619,22
1247,1775,9
1247,1930,2
1248,45,16
1248,103,16
1248,121,2
1249,67,20
1250,85,17
1250,104,2
1250,203,2
1250,805,2
1250,1091,2
1250,1409,2
1251,82,19
1251,358,20
1251,381,3
1251,400,19
1251,422,3
1251,861,4
1251,1025,3
1251,1088,4
1252,105,21
1252,354,8
1252,644,21
1253,245,2
1253,221,22
1253,654,2
1254,495,2
1254,473,20
1256,226,2
1256,78,18
1259,71,23
1259,100,23
1259,125,3
1259,157,24
1259,438,3
1263,0,30
1264,66,15
1264,525,15
1264,1321,15
1266,284,21
1266,852,23
1267,72,17
1268,29,17
1268,115,17
1268,475,30
1268,507,3
1268,545,17
1268,705,17
1269,40,21
1269,63,2
1269,274,2
1270,0,21
1270,216,13
1270,311,21
1271,337,10
1271,375,17
1271,1453,15
1271,1605,17
1273,128,3
1273,145,3
1274,112,2
1274,92,18
1274,1447,17
1274,1527,17
1274,1747,17
1274,1778,23
1276,0,22
1276,271,2
1276,247,22
1276,473,2
1276,624,2
1276,975,2
1276,1464,2
1276,1749,2
1277,222,3
1277,190,30
1277,319,3
1277,291,26
1277,1387,19
1278,350,42
1278,620,21
1282,71,21
1282,102,21
1282,125,3
1282,452,3
1282,612,3
1282,767,3
1282,1471,3
1282,1688,3
1283,26,19
1283,374,3
1283,342,30
1285,89,21
1285,235,13
1285,253,6
1285,357,21
1285,380,3
1287,127,5
1287,96,29
1287,253,5
1287,467,5
1287,911,5
1287,1313,5
1288,81,13
1288,546,13
1288,848,13
1290,35,14
1290,145,14
1290,161,3
1292,0,20
1293,59,25
1295,97,13
1295,214,13
1295,1634,13
1295,1856,13
1296,0,18
1296,42,17
1296,73,18
1296,246,17
1296,583,17
1296,1096,17
1298,0,13
1298,95,13
1298,1148,13
1298,1412,13
1299,229,20
1299,453,20
1299,994,20
1300,128,18
1300,148,3
1301,60,18
1301,148,18
1301,168,2
1301,565,2
1302,135,27
1302,164,3
1302,641,3
1302,1567,3
1304,4,39
1304,105,39
1304,146,4
1304,995,4
1305,349,21
1305,372,2
1305,549,2
1305,1537,2
1306,152,3
1306,124,26
1307,822,18
1308,141,25
1308,168,3
1308,522,3
1308,1031,20
1308,1439,3
1312,135,3
1312,111,22
1313,1206,4
1314,96,13
1315,61,16
1315,278,16
1315,296,3
1315,687,6
1316,1093,3
1316,1072,19
1320,153,26
1321,202,20
1321,603,18
1321,749,18
1322,544,8
1322,1851,8
1322,1983,8
1323,112,14
1323,244,14
1324,526,3
1324,502,22
1326,136,14
1331,70,18
1331,100,18
1331,696,27
1331,1565,18
1332,350,14
1332,367,2
1332,1169,2
1335,114,18
1335,135,2
1336,57,18
1336,144,18
1336,165,2
1336,376,2
1336,1274,2
1338,239,28
1339,68,33
1339,173,33
1339,209,4
1339,1183,4
1339,1478,4
1339,1712,4
1340,117,21
1340,140,21
1340,163,3
1340,431,3
1340,1312,30
1341,583,13
1341,645,13
1343,242,22
1343,1446,19
1344,94,40
1344,136,4
1344,406,3
1344,383,21
1344,1362,4
1345,25,16
1345,551,16
1345,591,7
1345,947,20
1348,173,25
1349,99,3
1349,69,28
1349,339,2
1349,328,9
1351,285,28
1351,316,3
1351,504,3
1351,706,18
1352,425,28
1352,1052,18
1353,105,28
1353,140,28
1353,926,3
1356,439,2
1356,1687,28
1357,143,25
1357,608,25
1358,144,3
1358,112,30
1359,64,27
1361,174,18
1361,195,2
1361,325,2
1361,954,2
1361,1179,2
1362,341,14
1362,642,28
1362,1320,15
1363,153,3
1363,178,42
1363,1116,3
1365,61,21
1365,84,21
1365,107,3
1365,371,3
1365,514,3
1365,547,3
1366,73,14
1367,71,13
1367,86,3
1367,667,3
1368,89,27
1369,121,30
1369,153,3
1369,354,15
1369,756,3
1369,1574,3
1370,959,2
1371,91,18
1372,237,24
1372,263,3
1373,190,8
1373,273,2
1374,1290,6
1376,303,3
1376,397,3
1376,368,27
1376,279,22
1376,681,3
1378,158,13
1379,0,25
1379,73,25
1379,100,3
1379,223,27
1380,91,14
1380,107,3
1381,268,3
1381,234,32
1383,161,21
1383,240,3
1383,213,25
1383,184,3
1383,312,3
1383,777,3
1385,158,19
1386,69,22
1386,93,5
1387,87,18
1387,118,18
1388,107,30
1388,139,3
1388,185,17
1388,697,22
1388,820,20
1389,86,26
1389,114,16
1389,137,28
1390,32,10
1390,374,3
1390,844,10
1393,1000,14
1394,74,26
1394,102,2
1394,282,9
1394,348,9
1394,715,2
1396,1956,19
1397,1718,12
1398,171,26
1400,136,2
1400,1029,2
1400,1080,2
1401,1085,4
1402,96,15
1402,363,15
1402,427,15
1402,644,15
1404,59,40
1404,189,27
1404,218,3
1404,226,25
1404,253,3
1404,662,3
1405,125,2
1405,99,24
1406,93,20
1407,138,2
1407,118,18
1407,1662,2
1409,56,22
1409,104,3
1409,80,22
1409,459,3
1409,632,3
1409,745,3
1409,961,3
1409,1426,3
1411,223,3
1411,197,24
1413,120,21
1415,237,15
1415,257,21
1417,18,21
1417,287,21
1417,311,3
1417,380,3
1417,555,3
1417,768,3
1419,0,10
1419,49,37
1419,88,51
1419,727,15
1419,888,10
1419,1052,10
1419,1169,15
1422,149,8
1422,211,3
1422,179,30
1422,543,3
1422,618,17
1422,1118,8
1422,1230,8
1422,1631,8
1425,284,14
1425,769,14
1426,612,20
1427,174,3
1427,144,28
1428,173,4
1428,134,37
1428,415,4
1428,868,4
1428,1013,4
1430,97,28
1430,127,3
1430,252,3
1431,655,21
1434,135,16
1434,783,25
1435,175,8
1435,297,8
1435,756,8
1435,991,8
1436,608,12
1437,119,19
1438,105,21
1438,214,21
1440,1043,32
1440,1621,21
1441,1165,10
1442,132,16
1442,161,28
1442,207,19
1442,150,3
1444,50,26
1444,78,2
1444,193,2
1444,579,2
1444,733,2
1444,780,2
1444,1111,14
1445,2116,4
1449,554,15
1449,982,15
1450,196,2
1450,179,15
1452,1346,15
1453,188,2
1453,197,38
1453,166,20
1453,559,2
1454,540,12
1454,930,12
1456,245,25
1456,272,4
1456,529,6
1456,897,24
1456,923,3
1458,62,17
1458,81,3
1458,1017,3
1459,98,17
1459,496,17
1461,17,15
1461,79,15
1461,199,19
1461,405,15
1462,25,24
1462,80,24
1462,106,3
1462,125,16
1462,574,3
1463,118,14
1463,134,2
1463,378,2
1463,567,2
1463,1116,2
1463,1259,2
1467,278,3
1467,248,28
1468,0,12
1469,302,2
1469,281,19
1470,392,3
1470,373,17
1471,231,3
1471,195,34
1473,35,14
1473,949,13
1474,342,3
1474,310,30
1474,356,14
1474,856,8
1474,1038,8
1475,87,15
1475,385,12
1475,445,15
1476,164,27
1476,193,3
1476,241,38
1476,281,4
1476,904,3
1476,1160,3
1477,185,22
1477,209,3
1477,767,3
1479,162,13
1479,207,16
1481,0,22
1482,190,3
1482,166,22
1482,347,3
1482,406,3
1484,116,22
1484,597,3
1484,851,3
1486,0,11
1487,0,22
1490,78,14
1490,595,36
1490,633,4
1490,726,14
1490,765,14
1491,71,13
1491,702,13
1491,1089,13
1493,256,23
1494,261,22
1494,285,3
1494,463,3
1495,51,5
1495,850,39
1495,891,5
1497,73,18
1497,93,2
1497,259,18
1497,280,2
1497,1295,2
1497,1780,2
1498,17,14
1498,126,14
1498,241,14
1498,461,14
1499,108,20
1499,443,24
1500,739,12
1501,93,13
1501,108,13
1502,69,13
1502,196,13
1502,714,13
1502,786,13
1502,1024,13
1502,1056,14
1502,1089,25
1502,1330,14
1503,185,2
1503,167,16
1503,444,2
1503,523,2
1504,39,24
1504,126,24
1504,152,3
1504,239,16
1504,420,3
1507,33,22
1507,103,22
1507,127,3
1507,1737,3
1509,117,14
1512,1921,3
1513,128,33
1513,163,4
1513,533,15
1517,164,2
1517,143,19
1517,387,2
1517,1725,2
1518,59,23
1518,84,3
1522,128,3
1522,106,20
1522,399,5
1525,568,24
1525,1488,4
1528,191,5
1528,160,29
1528,409,6
1529,147,4
1529,101,44
1529,372,4
1529,894,4
1530,19,13
1531,85,5
1531,54,29
1531,250,5
1531,799,5
1532,23,20
1532,163,20
1532,186,3
1532,722,18
1532,743,2
1532,1745,3
1534,87,17
1534,213,2
1534,194,17
1534,455,6
1534,873,2
1534,927,2
1536,46,7
1536,55,7
1536,694,7
1536,834,11
1537,0,21
1537,25,24
1538,316,14
1538,357,14
1538,621,13
1538,1633,13
1539,0,14
1539,16,14
1539,32,2
1541,734,13
1542,113,18
1543,198,27
1544,489,17
1544,888,17
1544,1345,17
1545,56,20
1547,61,18
1547,81,18
1547,102,2
1547,172,2
1547,195,2
1547,871,2
1549,141,5
1549,110,29
1549,515,5
1549,1612,5
1551,56,17
1551,77,21
1551,175,17
1551,194,2
1551,224,3
1551,201,21
1551,297,2
1551,966,2
1552,121,24
1552,147,3
1552,467,3
1552,1008,3
1553,46,2
1553,109,2
1554,126,2
1554,109,15
1554,591,15
1554,1646,12
1555,1026,3
1555,1311,3
1556,182,18
1559,670,18
1559,693,29
1559,724,3
1560,921,20
1562,145,3
1563,71,31
1563,182,14
1563,402,14
1563,592,13
1563,727,13
1563,853,13
1563,1358,30
1565,104,14
1569,267,8
1569,1000,26
1571,196,3
1571,164,30
1572,1263,9
1574,0,18
1574,83,18
1574,103,2
1576,1572,17
1576,1591,18
1576,1658,18
1578,0,39
1579,423,14
1579,485,3
1579,461,22
1579,533,3
1579,599,3
1579,634,17
1579,576,21
1579,1129,3
1579,1344,3
1579,1520,3
1582,0,24
1582,105,15
1582,200,14
1584,0,13
1584,256,22
1584,638,16
1584,852,14
1584,885,16
1587,0,20
1587,53,3
1587,31,20
1587,692,21
1587,1382,3
1588,25,8
1588,35,23
1591,170,3
1591,140,28
1591,360,3
1591,623,11
1591,677,3
1591,770,15
1591,836,3
1591,968,15
1591,1133,3
1591,1201,3
1591,1337,3
1591,1410,3
1591,1448,3
1592,0,20
1592,255,20
1592,277,3
1594,0,17
1594,68,17
1594,87,2
1594,221,2
1594,309,2
1594,510,17
1594,1627,2
1595,1418,4
1596,37,20
1600,1418,13
1603,940,23
1604,0,20
1607,1023,30
1607,1055,3
1608,103,15
1608,256,15
1608,1841,15
1609,479,12
1609,635,19
1609,770,12
1609,1027,12
1610,155,23
1612,184,3
1612,282,11
1612,1371,12
1612,1431,14
1613,43,25
1613,103,25
1613,130,3
1615,149,3
1615,221,10
1615,277,3
1616,179,3
1616,299,3
1616,155,22
1616,276,21
1616,649,3
1616,1344,3
1616,1577,3
1616,1743,3
1617,76,14
1617,92,14
1617,108,2
1617,446,2
1617,1643,2
1619,45,15
1619,108,15
1619,125,2
1619,455,2
1619,432,21
1621,10,8
1621,24,25
1621,51,8
1621,439,8
1621,452,14
1622,149,3
1622,1140,3
1622,1331,3
1622,1413,3
1623,560,3
1623,526,32
1624,34,15
1624,105,26
1624,405,15
1624,480,26
1624,658,15
1624,1191,15
1627,125,14
1627,1741,2
1627,1715,24
1628,0,20
1628,152,9
1628,744,20
1630,220,20
1630,242,3
1631,96,12
1631,208,12
1631,1053,12
1632,316,3
1632,689,3
1632,1600,3
1633,0,13
1633,600,18
1634,809,8
1635,153,4
1635,159,35
1635,1473,4
1636,0,27
1636,29,27
1636,58,3
1636,241,3
1637,260,18
1638,292,15
1638,645,15
1639,125,16
1640,88,26
1642,281,25
1642,1471,26
1645,152,35
1645,189,3
1647,35,15
1647,52,15
1647,69,2
1647,479,15
1647,1415,15
1650,177,3
1650,108,17
1650,251,3
1650,503,3
1650,893,3
1650,1149,3
1650,1365,3
1650,1508,3
1650,1649,20
1653,164,18
1653,484,18
1653,1114,18
1657,139,2
1657,126,11
1657,722,2
1658,0,43
1658,969,20
1662,80,22
1663,741,23
1663,855,30
1665,1564,17
1665,1590,14
1665,1919,15
1668,241,25
1669,107,8
1670,110,14
1670,210,2
1670,192,16
1670,272,2
1670,349,2
1670,1278,2
1670,1352,2
1670,1449,2
1670,1566,2
1672,66,27
1672,95,3
1672,237,3
1672,578,3
1672,667,3
1672,805,3
1673,112,29
1673,144,3
1673,480,3
1673,554,21
1673,839,3
1673,1423,21
1673,1540,3
1674,43,20
1675,583,3
1675,2246,24
1678,230,23
1678,1494,23
1679,103,15
1679,128,16
1679,398,14
1679,640,32
1680,75,24
1680,605,14
1680,856,6
1680,965,24
1680,991,3
1681,48,12
1681,567,12
1681,946,12
1681,1161,12
1683,111,17
1683,130,3
1684,83,13
1685,11,30
1687,101,14
1687,117,14
1687,133,2
1687,167,2
1687,236,2
1687,1878,2
1689,245,14
1690,288,3
1690,762,5
1691,191,30
1692,239,11
1694,205,13
1694,491,13
1694,1042,13
1695,0,24
1695,57,24
1695,83,3
1696,2411,10
1701,87,21
1701,110,3
1701,258,3
1701,380,3
1701,612,3
1703,112,13
1705,48,43
1705,217,26
1707,41,33
1707,88,33
1707,123,3
1707,369,3
1707,1235,14
1707,1713,26
1708,118,13
1709,484,3
1710,14,15
1710,184,15
1710,218,24
1710,324,4
1710,291,31
1710,652,26
1710,680,3
1710,1478,3
1710,1688,3
1714,190,20
1714,986,20
1715,17,16
1715,659,19
1715,1765,16
1716,457,15
1716,838,2
1716,855,9
1717,27,24
1717,53,24
1718,51,21
1718,156,3
1718,133,21
1719,176,3
1719,232,3
1719,327,3
1720,269,21
1720,293,3
1722,1476,4
1722,1784,4
1723,115,5
1723,206,3
1723,183,21
1723,84,29
1723,246,5
1723,536,5
1723,1457,5
1724,208,39
1724,249,4
1725,0,15
1725,70,15
1725,396,15
1725,1099,15
1728,94,18
1728,115,2
1728,482,2
1729,162,3
1729,309,11
1729,389,3
1729,905,11
1733,66,18
1733,359,18
1735,188,3
1736,381,20
1736,510,10
1737,230,18
1737,250,2
1739,219,15
1739,357,15
1739,1151,10
1739,1653,16
1740,145,16
1740,163,3
1740,552,15
1741,226,25
1741,253,3
1741,527,3
1742,115,3
1742,94,19
1744,502,28
1744,1277,3
1745,60,21
1745,179,21
1745,202,3
1746,203,22
1746,227,3
1746,293,3
1746,406,3
1746,1342,3
1747,121,50
1747,472,12
1747,541,15
1747,656,12
1747,1145,12
1747,1312,3
1747,1343,12
1748,432,8
1748,443,14
1748,603,8
1748,1543,8
1749,117,30
1749,149,3
1750,127,18
1750,148,2
1751,330,18
1751,351,2
1751,1187,2
1752,171,35
1752,209,4
1753,61,25
1753,1425,4
1754,269,33
1754,304,4
1755,132,25
1756,0,28
1756,138,28
1756,168,3
1756,303,3
1758,29,21
1759,86,18
1759,107,2
1760,135,25
1760,162,3
1760,418,9
1760,429,18
1760,1171,3
1761,25,15
1761,54,15
1761,71,2
1761,308,2
1761,705,2
1762,0,18
1762,104,18
1764,199,21
1764,894,8
1764,1019,10
1764,1044,8
1767,0,27
1767,72,27
1767,101,3
1767,518,14
1767,638,32
1767,672,4
1767,795,4
1769,0,24
1769,70,24
1769,96,3
1769,225,16
1769,589,3
1771,57,7
1771,664,7
1771,1195,7
1772,345,2
1773,350,28
1773,1091,28
1774,366,24
1774,798,24
1775,132,4
1775,225,20
1775,98,32
1776,195,7
1776,204,12
1776,237,19
1778,210,19
1778,512,18
1780,38,17
1780,157,17
1781,85,19
1781,423,15
1781,1129,15
1781,1621,19
1782,115,40
1784,0,19
1784,87,31
1784,120,4
1786,491,17
1787,381,3
1787,349,30
1788,365,12
1788,1042,13
1788,1141,20
1788,1396,27
1788,1425,3
1788,1580,12
1789,88,25
1789,245,25
1789,272,3
1790,80,13
1790,530,25
1790,638,16
1791,338,31
1791,371,4
1792,1195,3
1793,196,13
1793,935,13
1793,1873,25
1794,746,2
1794,905,10
1797,12,17
1797,118,17
1797,493,17
1797,596,17
1797,759,17
1797,886,30
1797,1018,17
1800,1073,15
1800,1216,15
1800,1361,20
1800,1847,7
1802,0,28
1804,131,32
1805,0,16
1805,52,28
1807,0,24
1807,117,24
1807,143,3
1807,355,3
1807,981,3
1807,1356,3
1809,36,15
1809,99,15
1809,133,15
1809,373,15
1809,574,15
1809,676,15
1809,747,15
1809,973,15
1809,1674,15
1810,122,18
1810,142,18
1810,162,3
1810,452,3
1811,405,3
1813,43,38
1813,159,27
1813,188,3
1813,738,15
1813,1195,3
1815,265,3
1815,233,30
1815,1291,3
1815,1436,2
1816,0,17
1816,136,17
1816,204,18
1816,1107,17
1816,1246,17
1816,1384,17
1816,1458,21
1816,1485,17
1817,76,14
1818,47,13
1818,1644,13
1819,178,25
1819,318,14
1820,110,4
1820,84,24
1820,1401,13
1821,211,14
1822,112,21
1824,343,12
1825,21,24
1825,77,24
1825,103,3
1825,463,3
1825,1134,3
1825,1662,3
1825,1667,13
1826,100,24
1826,273,24
1826,299,3
1826,458,19
1826,634,18
1826,1624,12
1826,1641,20
1827,299,8
1829,0,16
1830,25,24
1830,109,24
1830,135,2
1830,346,9
1831,84,17
1831,209,15
1831,289,15
1831,552,15
1831,953,15
1831,1313,15
1831,1386,3
1831,1357,27
1832,60,21
1832,193,21
1832,216,3
1832,1498,3
1832,1689,3
1832,1939,3
1833,187,15
1834,129,17
1834,313,7
1834,148,3
1834,226,85
1835,63,6
1835,412,6
1835,882,18
1835,904,27
1838,55,20
1839,91,8
1839,215,8
1839,569,8
1840,363,3
1840,336,25
1840,755,3
1840,1340,3
1841,46,13
1841,73,13
1841,293,23
1841,419,13
1841,1025,13
1843,497,9
1844,718,20
1845,49,17
1845,87,2
1845,68,17
1845,264,2
1847,760,14
1849,40,21
1849,160,20
1849,182,3
1850,175,20
1850,197,3
1853,108,26
1853,136,3
1853,548,3
1853,684,3
1853,746,3
1854,38,20
1854,198,20
1854,556,20
1856,20,15
1856,119,14
1856,1178,14
1856,1859,15
1856,2001,14
1857,236,24
1861,83,28
1861,293,28
1861,323,3
1861,658,3
1862,337,15
1862,467,15
1862,1204,15
1863,148,30
1863,181,3
1863,559,37
1863,599,4
1864,214,4
1864,193,19
1865,87,26
1865,115,2
1865,304,2
1865,653,2
1867,24,20
1869,0,20
1869,84,20
1869,106,3
1869,301,14
1872,95,24
1872,121,3
1874,558,19
1874,819,19
1876,719,15
1878,68,14
1878,1740,14
1881,564,4
1882,31,15
1882,76,15
1882,380,15
1882,520,15
1882,972,15
1882,1143,15
1884,16,13
1884,823,13
1886,354,41
1887,291,16
1887,309,3
1891,26,15
1893,801,3
1895,265,3
1895,235,28
1895,356,3
1895,1513,3
1895,1641,3
1896,118,3
1896,99,17
1896,962,3
1898,179,15
1898,196,2
1900,36,17
1900,149,17
1900,168,4
1900,558,4
1900,705,4
1901,0,17
1901,88,17
1901,107,4
1901,522,4
1902,692,4
1902,661,29
1903,266,23
1903,448,22
1903,531,30
1905,537,18
1906,0,26
1906,205,16
1906,553,16
1906,621,18
1909,66,21
1910,1184,4
1911,78,13
1911,93,2
1913,147,3
1913,118,27
1915,230,14
1915,1054,3
1917,298,25
1918,115,14
1918,459,2
1918,434,23
1918,1091,2
1920,266,3
1920,508,3
1922,42,15
1922,260,3
1922,243,15
1922,1593,3
1922,1852,3
1923,95,35
1923,430,4
1925,224,2
1925,819,2
1926,150,16
1926,1510,16
1928,111,21
1928,134,21
1928,157,3
1928,364,12
1928,529,3
1928,690,3
1928,1181,3
1929,491,23
1929,1468,23
1933,0,15
1933,29,24
1936,69,21
1936,331,21
1936,355,3
1936,684,3
1936,754,3
1937,17,37
1937,84,37
1938,1029,3
1938,1136,3
1940,70,11
1940,833,11
1940,1176,11
1941,62,14
1941,1717,14
1942,111,24
1942,141,24
1942,168,3
1942,450,3
1942,617,3
1943,52,18
1943,147,18
1943,167,2
1945,65,24
1945,92,3
1945,823,8
1945,1266,16
1946,22,29
1946,140,3
1946,118,20
1946,294,3
1946,644,3
1947,555,13
1948,46,18
1948,66,18
1948,86,2
1948,204,2
1948,870,2
1948,1196,2
1949,70,25
1949,97,3
1949,178,40
1949,583,25
1950,24,17
1950,141,2
1950,120,19
1955,112,13
1955,353,13
1955,368,2
1955,569,2
1955,776,2
1956,105,3
1957,230,4
1957,244,31
1957,192,36
1958,62,17
1958,93,17
1958,112,4
1958,1599,4
1959,80,35
1959,117,35
1959,154,3
1959,625,3
1960,329,14
1961,115,25
1961,142,4
1962,62,30
1962,121,30
1962,471,16
1962,633,30
1962,1339,14
1962,1524,14
1964,32,21
1964,354,21
1967,50,37
1967,139,31
1967,172,4
1967,612,2
1967,596,14
1969,74,23
1969,270,9
1969,372,38
1970,557,17
1970,1035,29
1970,1186,29
1973,175,51
1973,615,15
1973,694,15
1974,20,16
1976,77,20
1977,0,22
1977,186,3
1977,162,22
1978,0,24
1978,74,24
1978,100,3
1978,161,28
1978,191,22
1978,275,36
1978,313,4
1979,166,14
1979,438,6
1980,567,29
1984,277,22
1984,302,3
1984,1481,3
1986,98,12
1986,263,12
1986,341,12
1986,1256,17
1986,1653,12
1987,2266,15
1988,0,11
1989,186,44
1989,233,4
1989,1197,4
1993,75,14
1993,326,14
1994,427,4
1996,732,16
1996,1274,16
1997,155,3
1997,254,19
1997,362,3
1997,489,37
1997,691,8
1997,942,17
1997,981,8
1997,1707,17
1999,336,18
1999,356,29
1999,387,24
1999,542,23
2001,539,3
2003,0,16
2004,54,21
2004,184,21
2004,207,3
2009,106,18
2009,139,18
2009,159,2
2009,1156,2
2010,0,14
2010,167,14
2010,1054,14
2011,110,21
2011,679,3
2014,52,16
2014,177,16
2014,257,23
2014,654,18
2014,724,3
2014,690,32
2016,48,17
2020,266,12
2023,289,17
2023,309,3
2024,40,27
2024,69,3
2026,0,23
2026,25,33
2026,805,23
2028,0,20
2031,0,27
2031,102,7
2033,0,25
2034,173,14
2034,191,12
2035,58,22
2037,4,28
2037,686,13
2039,23,25
2039,50,3
2039,107,25
2039,134,3
2042,0,22
2042,192,2
2042,168,22
2042,978,22
2043,930,22
2045,80,30
2045,276,17
2049,689,8
2050,289,3
2050,270,17
2051,367,14
2055,626,3
2056,727,27
2056,756,3
2056,847,33
2057,174,16
2063,15,27
2063,44,27
2063,73,3
2063,411,3
2063,752,3
2065,172,2
2065,150,20
2066,184,10
2067,354,14
2069,234,20
2069,256,3
2072,206,15
2072,223,3
2075,19,18
2075,93,2
2075,73,18
2075,310,2
2076,81,17
2077,121,2
2077,99,20
2078,543,2
2078,801,2
2087,32,17
2087,389,26
2088,770,18
2090,125,2
2090,108,15
2094,8,27
2095,72,24
2095,556,12
2098,318,14
2098,334,18
2100,0,23
2102,314,3
2102,282,30
2102,620,3
2103,370,8
2104,59,17
2105,95,22
2105,483,22
2106,5,15
2106,22,13
2106,53,8
2106,361,14
2106,787,13
2106,837,15
2109,22,15
2109,142,15
2112,927,28
2118,41,20
2118,63,3
2118,69,30
2118,101,3
2121,30,21
2122,0,20
2123,48,12
2124,0,21
2124,201,21
2124,224,3
2124,460,3
2127,590,14
2127,609,12
2127,949,5
2128,0,33
2128,76,24
2128,102,3
2128,684,29
2128,715,4
2129,0,13
2130,823,38
2132,31,24
2136,485,14
2137,531,2
2138,32,15
2138,362,9
2140,568,27
2140,597,3
2141,587,18
2144,43,27
2144,72,27
2144,197,16
2144,667,27
2144,763,16
2144,984,16
2149,775,15
2152,368,51
2154,15,24
2154,104,24
2154,130,3
2154,796,3
2154,912,3
2154,961,3
2155,408,21
2158,172,2
2160,12,22
2160,36,19
2161,263,3
2161,237,24
2161,796,33
2161,1058,15
2161,1486,15
2168,56,10
2168,183,10
2168,332,16
2168,708,10
2170,16,44
2170,147,44
2170,364,44
2173,0,20
2174,238,15
2177,63,18
2177,83,2
2177,393,2
2177,642,2
2179,41,33
2179,77,33
2179,1423,33
2180,153,34
2181,0,44
2182,68,14
2182,169,14
2182,369,14
2182,564,14
2185,179,27
2187,0,20
2187,128,14
2188,44,33
2189,0,22
2189,54,22
2189,78,3
2190,1070,27
2194,310,21
2194,333,29
2196,145,23
2197,236,14
2197,375,4
2197,340,33
2198,0,21
2200,0,26
2200,92,17
2201,129,12
2204,143,21
2208,63,22
2208,459,2
2208,435,22
2208,2029,2
2209,340,22
2210,20,18
2210,1022,18
2211,686,22
2213,27,21
2213,118,21
2214,255,3
2214,231,22
2214,575,3
2214,1185,3
2218,51,22
2218,130,9
2218,356,2
2218,332,22
2218,542,2
2220,239,3
2220,209,28
2222,0,21
2222,113,21
2222,136,3
2223,39,22
2225,188,45
2225,932,45
2232,0,35
2236,51,18
2243,58,44
2253,31,24
2253,133,24
2253,974,24
2257,75,14
2257,237,14
2259,1,14
2270,40,38
2274,0,44
2274,79,51
2274,1242,15
2276,26,44
2279,42,14
2279,97,14
2279,168,14
2281,0,22
2289,28,44
2293,93,10
2293,212,14
2299,152,2
2299,128,22
2299,510,2
