0,54,38
0,159,18
1,605,32
1,1064,25
1,1232,36
1,1359,18
2,17,30
3,91,3
3,68,21
3,392,13
3,1554,3
5,30,31
5,65,36
6,522,15
6,612,23
7,19,9
9,53,12
9,67,13
9,104,6
9,156,6
9,240,14
9,1350,12
9,1614,13
10,54,16
10,167,26
10,278,17
10,355,17
11,131,31
11,164,3
11,240,15
12,87,21
13,39,21
13,62,3
13,91,3
13,137,18
13,188,23
13,68,21
13,348,3
13,1430,3
14,53,19
15,74,15
15,708,14
15,1021,15
15,1770,12
15,1819,12
15,2083,6
15,2108,15
17,33,19
18,47,8
18,145,51
18,276,9
18,306,30
18,345,27
18,374,3
18,383,12
18,451,13
18,642,18
18,844,8
18,995,3
18,1361,18
18,1498,18
19,162,51
19,1547,14
20,1377,43
21,50,15
21,166,13
21,296,27
21,369,9
21,418,37
21,1459,15
22,26,14
22,97,22
22,180,14
22,262,31
22,1433,22
23,11,16
23,134,22
23,197,30
23,229,3
23,244,16
23,300,26
23,331,18
23,466,16
23,547,19
23,717,16
25,0,28
25,111,2
25,119,28
25,149,3
25,97,12
25,301,27
25,1169,12
25,1222,3
25,1290,12
25,1691,12
25,1708,3
25,1819,3
26,412,23
28,78,2
28,61,15
28,269,19
28,491,15
29,88,14
29,2174,14
30,482,14
31,74,27
31,155,27
31,184,3
31,190,3
31,963,3
32,0,15
32,167,3
32,264,3
34,231,27
34,275,13
35,51,7
35,142,7
35,719,6
35,1864,6
37,42,20
38,158,29
38,189,3
38,396,29
38,499,21
39,23,22
39,74,21
40,78,21
41,126,26
41,460,16
41,649,12
41,1133,9
41,1247,40
41,1289,4
41,1296,17
41,1315,33
41,1389,32
42,0,6
42,31,9
42,190,11
42,235,28
42,317,6
42,370,15
42,547,9
42,847,6
42,1067,39
42,1221,20
42,1274,11
42,1300,20
43,361,9
43,497,14
43,625,18
43,853,35
43,1068,22
43,1177,15
43,1410,17
44,150,23
44,243,18
44,263,2
44,676,10
44,724,24
46,94,9
46,154,4
46,217,10
46,1567,18
47,127,28
47,157,14
47,349,28
47,496,28
47,992,18
47,1018,3
47,1252,54
48,717,9
49,239,16
49,260,9
49,1387,14
50,0,21
50,1034,9
51,211,30
51,243,3
51,476,3
51,614,14
52,150,14
52,257,22
52,297,20
52,378,14
52,413,22
52,825,14
52,935,14
52,1914,14
53,1179,23
54,128,2
54,105,21
54,1026,6
54,1324,2
56,75,27
56,536,27
58,215,18
58,245,20
58,339,10
58,634,20
58,851,20
58,940,20
58,1031,21
58,1154,20
58,1313,20
60,67,35
60,104,35
60,151,20
60,257,89
60,141,3
61,261,29
61,293,50
61,467,50
61,1026,21
62,0,27
62,31,43
62,131,18
62,274,53
62,645,18
62,835,18
62,1215,16
62,1463,18
62,2134,18
62,2208,18
62,2661,16
62,2758,27
62,2930,18
63,85,30
63,117,41
63,275,21
63,298,44
63,160,4
63,1283,13
64,0,15
64,126,15
64,299,3
65,110,28
65,140,28
65,170,3
66,1,31
66,99,31
66,132,3
66,237,24
66,403,20
67,158,28
67,188,3
67,197,19
67,218,2
67,376,3
68,120,15
68,148,40
69,52,18
69,124,44
71,0,24
71,165,24
71,191,3
71,206,23
71,1293,3
71,1623,13
72,90,6
72,243,6
72,945,6
72,1127,6
72,1168,6
72,1264,12
72,1456,6
73,79,13
73,94,3
73,103,37
73,160,23
73,374,3
73,438,3
73,701,13
73,988,3
73,1179,17
73,1644,3
75,465,20
75,493,21
75,525,15
76,959,3
76,934,23
77,193,2
77,239,36
77,303,2
77,277,5
77,171,20
77,559,2
77,631,2
77,1440,2
78,254,2
78,232,20
78,407,2
78,1607,2
79,43,12
80,45,18
80,86,18
80,106,2
80,688,2
80,724,3
80,754,14
80,844,4
80,701,21
80,809,33
80,882,2
80,1107,4
80,1055,50
80,1258,2
80,1582,2
81,0,23
81,121,23
81,262,23
81,329,23
81,408,14
81,578,23
81,749,14
81,858,23
81,989,23
81,1052,14
81,1155,24
81,1266,24
81,1322,23
83,15,16
83,33,22
83,61,13
83,163,15
83,183,19
83,326,37
83,365,6
83,496,3
83,691,11
83,876,16
83,894,22
83,922,23
84,54,18
84,172,30
84,369,27
86,0,54
86,131,54
86,1213,17
87,464,12
87,479,14
87,935,23
88,65,17
88,348,17
88,409,14
88,491,17
88,690,17
88,803,17
88,926,17
88,1078,17
88,1465,13
89,55,21
89,284,3
89,261,21
89,337,28
89,424,22
89,659,15
89,973,3
89,1044,3
90,21,9
90,83,14
90,184,11
90,230,14
90,246,2
90,413,11
90,504,18
91,180,24
91,206,3
91,248,16
91,277,17
91,338,25
91,1141,3
91,1502,3
91,1622,3
92,0,18
92,133,18
92,153,2
92,249,22
92,320,2
92,641,2
92,1515,2
93,162,23
93,420,13
93,445,23
93,660,5
94,0,12
94,14,14
94,51,13
94,66,13
94,81,9
94,99,23
94,281,9
94,292,16
94,310,12
94,361,13
94,384,14
94,422,18
94,446,22
95,99,17
95,118,3
95,703,3
95,1244,22
96,0,16
96,68,16
96,673,16
97,14,11
98,159,13
98,220,37
98,1183,30
98,1248,37
99,250,28
99,280,3
100,64,18
100,135,6
100,245,18
100,378,5
100,616,8
100,583,31
100,683,18
100,718,6
100,915,6
100,1035,6
100,1438,6
100,1677,18
100,1884,17
100,1934,31
101,57,29
101,587,5
101,598,31
101,788,5
101,1024,35
101,1332,13
103,99,25
103,126,19
103,147,4
104,237,24
105,122,10
105,143,10
105,422,10
105,850,10
106,75,14
106,285,23
106,408,14
106,1180,16
106,2238,14
107,604,5
107,783,33
107,897,21
107,1332,5
107,1398,18
107,2040,22
107,2099,18
109,679,3
109,1297,3
110,14,26
110,98,26
110,126,2
110,399,13
110,428,9
112,337,10
112,392,3
112,402,12
112,441,21
112,464,3
112,364,26
112,1540,24
113,131,8
113,165,26
113,214,19
113,398,23
113,502,9
113,518,17
114,623,19
117,826,22
119,790,33
119,2419,28
120,177,15
121,187,12
122,524,27
122,553,3
123,25,10
123,187,7
123,202,42
123,772,18
124,50,39
124,186,43
124,350,23
124,622,26
124,775,62
124,1114,17
124,1133,3
124,1190,12
124,1204,3
124,1221,9
124,1278,17
124,1511,30
124,1702,20
124,1990,12
126,142,27
126,171,3
126,423,19
128,4,23
128,140,23
128,182,3
128,265,3
128,276,3
128,566,3
129,107,43
129,168,51
129,249,18
129,424,17
129,517,14
129,1032,14
130,121,26
131,73,21
131,96,32
132,1007,8
134,37,16
134,85,9
134,109,13
134,181,18
134,229,14
134,335,14
134,381,16
134,1311,9
134,1413,16
134,1608,22
135,68,28
135,98,3
136,63,26
136,188,12
136,202,5
136,270,32
136,341,18
136,566,48
136,1566,22
137,99,24
138,56,21
138,126,16
138,143,21
138,167,3
139,82,36
139,565,36
139,811,36
140,164,27
140,193,3
141,305,19
141,517,4
141,493,22
141,776,33
141,1184,11
141,1657,33
142,515,16
142,1125,6
142,2383,6
143,355,15
143,1774,15
143,1849,15
144,100,35
144,1036,11
146,56,16
146,281,9
147,10,59
147,101,34
147,202,24
147,304,40
149,206,20
149,513,15
149,780,44
149,1275,14
149,1435,27
150,72,15
150,289,15
150,1221,2
151,85,18
152,32,6
153,332,6
155,384,68
155,454,27
155,1174,7
155,1558,7
156,35,20
156,67,14
157,23,23
157,50,30
157,211,9
157,640,14
157,1672,21
158,201,2
158,181,18
159,109,15
159,211,28
159,397,3
159,749,3
159,774,2
160,141,24
160,171,24
160,197,3
166,28,8
166,257,30
166,654,14
167,254,16
167,1205,21
168,28,25
168,238,25
168,380,26
168,554,6
168,638,25
170,0,38
170,120,21
170,143,40
170,381,20
170,440,18
170,665,21
172,775,3
172,734,39
173,5,24
173,192,26
174,14,26
174,145,26
174,2045,26
176,1276,16
176,1459,14
177,37,18
177,161,20
177,254,13
177,348,18
177,453,13
177,468,2
177,1108,18
178,151,28
178,180,21
178,204,3
179,97,7
179,274,10
179,324,5
179,614,27
179,667,16
179,818,21
179,848,17
179,1138,27
180,186,39
180,227,3
181,46,25
181,80,42
185,440,25
186,26,17
186,116,3
186,159,18
186,384,30
186,416,3
186,505,10
186,694,17
186,730,7
186,892,17
186,951,3
186,996,18
186,1053,6
186,1288,17
186,1454,6
187,93,28
187,123,3
187,189,20
188,126,18
188,146,2
188,787,2
188,930,2
189,81,13
189,680,13
190,111,14
190,127,40
190,196,14
190,212,2
190,422,21
190,478,21
190,1575,35
190,1678,2
191,223,25
192,87,14
192,103,14
192,119,2
192,160,5
192,258,26
192,370,39
192,286,3
193,115,9
193,126,26
193,154,3
193,253,20
193,348,20
193,526,9
193,787,54
193,1150,12
193,1318,12
193,1334,20
194,78,13
194,106,13
194,179,23
194,333,13
194,427,24
194,847,20
195,920,20
196,516,36
197,111,13
197,1205,16
197,1259,13
197,1403,35
202,45,22
203,15,32
203,64,26
203,208,35
203,245,3
203,92,3
203,319,10
203,413,5
203,442,3
203,485,12
204,42,24
204,302,20
204,343,19
204,388,24
204,437,17
204,643,31
204,694,21
205,4,33
205,693,33
205,729,4
206,100,3
206,80,18
206,565,24
206,918,37
206,957,3
207,765,12
207,890,6
207,964,6
207,1067,18
207,1090,19
209,78,22
209,102,15
209,714,15
209,1374,15
209,1503,15
209,1582,24
210,73,19
210,402,2
210,409,20
210,379,21
211,295,28
211,325,3
211,1308,19
211,1426,25
211,1469,22
211,1505,9
211,1598,22
213,222,29
214,147,4
214,191,36
214,296,17
214,338,18
214,119,26
215,33,28
215,123,13
215,184,13
215,326,28
215,394,13
215,900,24
215,1520,28
215,1556,13
216,173,7
216,339,7
217,170,7
217,1581,24
218,86,28
218,116,28
218,146,3
218,402,2
218,390,10
218,513,11
219,0,27
219,29,3
219,698,27
219,727,3
220,91,14
220,107,3
221,32,85
221,136,91
221,245,28
221,335,10
221,1216,13
221,1300,13
221,1393,13
221,1495,27
222,225,2
222,203,20
222,570,2
224,230,3
224,212,16
224,1195,5
225,276,12
226,72,25
226,99,26
226,265,13
226,509,25
226,620,24
226,1011,18
226,1092,14
226,1281,14
226,1537,25
226,1625,13
226,1687,24
226,1778,14
226,1924,25
227,22,48
227,236,29
227,267,4
227,702,36
228,0,20
228,73,21
228,118,20
228,140,2
228,177,17
230,86,17
230,142,17
230,161,3
230,216,27
230,1000,3
231,97,18
231,142,28
231,1196,18
233,169,18
234,1348,34
235,174,20
235,273,17
235,300,20
236,139,26
236,167,5
236,286,18
236,306,2
236,338,19
236,1611,2
236,1681,2
236,1701,5
237,625,3
237,1237,3
239,135,25
239,175,14
239,191,3
239,432,25
239,767,25
240,224,14
240,240,4
240,733,4
240,683,48
240,1182,6
240,1404,3
242,112,51
243,67,21
243,154,21
243,205,2
243,186,17
243,177,3
243,466,18
244,50,34
244,242,34
244,278,4
244,1663,4
245,152,39
245,193,6
245,283,46
245,616,8
245,1215,27
245,1591,11
245,1707,8
247,620,25
248,130,16
248,147,21
248,170,3
248,442,3
248,851,3
250,49,48
250,1000,41
250,1276,19
252,78,18
252,123,39
252,175,19
252,1059,18
253,97,4
253,63,32
253,202,13
253,722,7
253,852,36
253,1302,25
255,81,18
255,128,18
255,149,2
255,447,2
255,764,2
255,1261,18
256,108,21
256,134,13
256,581,7
257,2014,26
258,84,18
258,278,26
259,75,9
259,361,4
259,331,28
260,63,41
260,260,39
260,470,12
260,856,11
260,1231,12
260,1628,17
260,1739,23
261,254,14
262,53,42
262,214,42
262,258,5
262,580,28
262,620,30
262,947,20
263,47,38
263,397,23
263,524,22
263,548,3
263,1395,28
263,1582,28
264,215,53
264,387,2
264,561,2
264,1478,3
264,1615,2
265,17,31
265,82,3
265,105,24
265,354,3
265,381,24
265,490,31
265,523,3
266,117,35
267,0,35
267,185,35
267,222,3
267,286,26
267,336,3
267,314,3
267,1191,6
268,0,24
268,259,31
268,314,24
268,340,3
268,404,8
269,43,35
269,108,35
269,255,42
269,145,3
271,67,19
271,264,20
271,565,25
271,641,19
271,1471,15
272,0,22
272,182,22
272,206,3
272,452,14
273,31,16
273,219,27
273,248,2
273,375,24
273,401,3
273,470,2
273,577,28
273,607,4
273,957,2
274,28,51
274,116,32
274,150,3
274,825,32
275,59,18
275,94,18
275,128,27
275,795,48
275,845,2
275,1164,43
275,1270,22
275,1296,2
276,94,20
276,198,20
276,417,18
276,554,7
276,1497,21
277,71,8
277,111,28
277,141,4
277,1070,17
277,1201,9
280,247,3
280,400,25
282,107,26
282,286,26
282,726,15
282,743,11
282,836,40
283,44,26
283,254,29
283,343,52
283,479,26
283,1155,26
283,1400,17
285,221,23
286,156,2
286,134,20
286,578,2
286,587,15
287,363,68
287,579,39
289,533,15
289,936,15
289,1017,6
289,1324,20
289,1392,39
290,67,21
290,218,21
290,324,32
290,974,23
290,1070,7
290,1201,13
290,1458,13
290,1748,13
291,116,25
291,202,12
291,335,47
292,91,15
292,108,3
292,158,47
292,507,15
293,26,26
294,107,4
294,86,19
294,453,4
295,93,22
295,117,3
295,202,16
296,112,39
296,153,4
297,18,18
297,39,38
297,189,16
297,297,14
297,320,14
297,437,15
297,749,16
297,817,14
297,919,14
297,981,14
298,241,5
299,108,56
299,233,14
301,92,36
302,200,57
302,266,25
302,350,12
302,527,16
302,836,12
302,853,12
303,0,20
303,27,32
303,107,32
303,141,3
303,202,30
303,564,12
303,619,19
303,828,19
303,893,19
303,1009,19
304,65,9
304,164,18
304,303,10
304,624,18
304,1266,17
305,67,25
305,172,36
306,527,3
306,500,25
307,15,19
307,80,19
307,104,15
307,178,22
307,509,10
307,559,19
307,611,19
307,788,12
307,885,12
307,962,19
308,0,28
308,30,28
308,60,3
308,169,5
308,179,9
310,154,27
310,277,23
310,302,3
310,780,30
310,812,3
310,862,2
310,842,18
310,1144,2
310,1363,8
310,1394,27
310,1423,2
310,1763,2
311,125,19
311,146,3
311,880,3
311,862,16
311,1606,14
312,35,26
312,63,3
312,171,26
312,199,3
312,805,15
312,1636,27
313,239,36
314,23,34
314,257,25
314,419,16
315,1168,2
315,1303,55
315,1154,12
316,239,31
316,1735,21
317,91,23
317,453,27
317,955,58
317,1039,27
318,111,52
318,165,6
318,758,33
318,793,7
319,353,5
319,739,2
319,716,21
320,284,6
320,597,20
320,1743,12
321,253,65
321,838,2
321,815,21
321,1121,16
321,1357,35
321,1557,23
322,92,5
322,204,16
322,429,3
322,408,19
322,882,20
322,1254,49
322,1501,13
322,1779,4
322,1807,5
323,98,33
323,138,27
323,213,42
323,287,14
323,382,3
323,771,19
324,26,23
324,69,23
324,317,23
324,361,23
324,508,48
324,684,4
324,831,7
324,976,13
324,1434,4
324,1527,13
324,1679,23
326,84,24
326,156,23
326,311,13
326,398,24
326,605,18
327,90,18
327,111,2
327,748,2
328,1593,43
329,80,9
329,91,17
329,286,18
329,321,10
329,566,9
329,1013,17
330,72,24
330,530,22
330,555,38
330,2185,14
330,2472,24
332,52,25
332,86,25
332,113,2
332,162,4
332,126,34
332,428,9
334,33,18
334,126,18
334,146,18
334,171,27
334,402,11
334,545,18
334,716,35
334,905,18
334,971,18
334,1134,18
335,335,23
335,396,21
335,419,3
335,469,4
335,360,3
335,428,39
335,1587,3
336,165,12
337,1414,8
338,69,36
338,321,26
338,349,3
338,585,24
338,2359,15
339,1108,16
340,1015,22
341,84,24
341,114,19
341,135,24
341,308,24
341,349,8
341,384,24
341,425,8
341,482,8
341,560,24
341,648,8
341,714,15
341,790,8
341,1152,15
341,1302,24
341,1343,8
341,1453,19
342,41,4
343,371,66
344,70,3
344,106,3
345,416,7
346,588,22
347,61,24
347,91,24
347,117,3
348,72,13
348,133,13
348,197,35
348,399,36
348,507,26
348,852,13
348,1500,25
349,109,18
349,129,2
349,226,2
349,609,8
350,773,20
352,287,8
352,647,27
353,100,15
354,246,6
354,1786,6
355,51,18
355,86,16
355,107,21
355,186,16
355,204,49
355,451,16
355,471,21
355,624,13
355,879,25
355,1803,9
355,1819,17
357,70,22
357,242,32
357,549,39
357,971,24
357,1222,14
357,1287,24
358,71,23
358,240,65
358,307,4
358,557,2
358,532,23
359,334,29
359,365,2
359,418,30
359,855,2
359,908,2
360,26,16
360,44,16
360,62,3
360,205,3
360,672,28
360,911,18
360,1026,17
362,11,25
364,1351,8
365,9,35
365,159,23
365,184,35
365,221,3
365,582,23
365,1075,2
365,1067,6
365,2221,23
366,26,18
366,46,18
366,67,2
366,283,2
366,414,2
366,1004,2
368,0,37
368,96,17
368,117,26
368,182,15
368,228,26
368,363,10
368,433,26
368,475,17
368,519,26
368,591,26
368,641,17
368,724,17
368,1132,26
368,1208,26
368,1236,2
368,1317,26
368,1491,26
368,1578,35
368,1834,26
369,460,19
370,64,12
370,172,40
370,767,12
371,82,41
371,125,4
371,152,15
371,193,41
371,489,18
372,117,17
372,160,17
372,227,2
372,207,18
372,179,3
373,999,25
373,1080,26
373,1964,5
374,86,4
374,132,33
374,167,3
374,65,19
376,81,15
376,98,3
376,129,36
376,176,3
377,162,45
378,92,22
378,116,22
378,140,3
378,418,18
378,438,3
379,20,29
379,271,14
379,287,9
379,298,15
379,526,9
379,562,15
380,40,9
380,54,8
380,87,2
380,101,11
380,160,21
380,228,6
380,64,21
380,257,29
380,319,21
380,411,42
380,476,9
380,491,2
380,1349,13
380,1435,2
380,1467,15
380,2105,20
380,2127,3
380,2176,2
380,2745,2
381,66,16
381,299,15
381,461,15
381,1880,16
382,366,9
382,462,22
382,877,11
382,1512,21
382,1616,12
382,1728,12
382,2145,30
383,130,16
383,731,15
383,1229,24
383,1394,15
384,483,15
384,604,26
384,632,3
385,160,3
385,136,22
388,81,42
388,442,53
390,39,21
390,136,10
391,113,19
391,155,20
391,292,30
391,631,18
391,656,16
391,1858,21
392,242,48
393,231,3
393,266,2
393,247,17
393,208,21
393,495,2
393,854,3
393,861,2
393,1515,25
394,599,15
394,656,18
394,1606,6
394,1735,30
395,81,15
395,145,15
395,162,2
395,323,15
395,1143,8
395,1232,8
395,1373,8
395,1454,8
395,1785,15
395,2361,6
395,2372,8
396,227,37
397,114,5
397,151,7
397,925,6
398,181,29
398,212,3
398,499,4
398,466,31
398,595,36
398,1288,3
399,18,26
399,81,26
399,135,28
400,514,30
400,546,2
400,1370,25
401,54,19
401,256,18
402,64,8
402,94,8
402,147,17
402,394,8
402,470,17
402,683,8
402,829,8
402,1168,8
403,0,28
405,21,23
405,112,15
405,201,45
405,129,2
405,545,10
405,782,2
405,853,10
405,901,2
405,1165,10
406,78,21
408,275,17
408,612,19
409,649,29
409,680,4
410,82,34
410,121,21
410,173,2
410,280,13
410,295,22
410,156,15
410,698,49
410,784,17
410,803,2
410,914,2
410,1708,18
412,43,14
412,194,14
412,305,20
413,11,18
414,27,18
414,591,14
414,1021,15
414,1302,22
416,50,15
416,124,15
416,141,3
416,349,24
416,613,3
416,663,24
418,466,3
418,442,22
419,737,18
419,841,18
420,388,13
420,541,39
421,25,22
421,49,22
421,90,39
421,248,22
421,274,14
421,1138,8
422,1983,13
423,175,6
424,32,20
424,156,20
425,7,22
425,216,29
425,290,14
425,1714,29
427,65,13
427,175,19
427,247,13
427,315,31
427,371,28
427,1716,13
429,168,30
429,909,14
430,565,8
430,714,3
430,680,32
431,309,13
431,447,13
432,310,14
432,403,11
432,810,10
433,46,16
433,106,16
433,128,17
433,409,16
433,610,16
433,949,15
433,1565,25
433,1707,17
433,1937,17
433,2045,16
434,86,27
434,115,3
434,152,19
435,70,17
435,152,36
435,455,26
435,484,15
435,716,10
435,1134,33
435,1411,23
436,134,6
436,1296,48
437,580,12
437,598,23
437,684,34
438,124,38
438,164,4
438,464,19
439,70,27
439,226,24
439,260,33
439,339,31
439,551,21
440,242,18
440,262,2
440,862,6
441,0,33
441,766,3
441,736,28
441,1118,21
441,1249,47
441,1810,18
441,1830,2
441,2033,2
441,2147,19
441,2516,14
442,0,28
442,30,3
442,122,28
442,152,3
442,233,5
442,243,9
442,675,11
442,795,3
442,1702,18
443,0,41
443,45,17
443,248,22
443,272,2
443,277,9
443,288,6
443,296,26
443,324,3
443,703,2
443,744,2
443,778,11
443,836,2
443,988,2
443,1044,30
443,1331,51
443,1506,9
443,1517,3
443,1533,2
443,1600,3
443,1605,9
443,1619,6
443,1629,16
443,1798,2
443,1938,28
443,2058,2
443,2166,21
443,2203,29
443,2327,23
443,2362,9
443,2473,2
443,2493,9
443,2507,3
443,2575,2
444,164,21
444,256,6
447,71,34
447,107,4
447,118,38
447,1352,10
448,274,24
448,369,36
448,407,4
449,597,15
449,690,10
449,1079,13
449,1263,15
450,30,3
450,64,24
450,90,24
450,116,3
450,134,25
450,177,19
450,210,21
450,313,3
450,367,3
450,422,15
450,451,27
451,44,24
451,476,28
451,1229,21
451,1340,13
451,1562,18
453,458,16
453,477,3
453,748,3
453,1186,3
454,196,24
454,222,8
454,308,15
454,388,24
454,476,24
454,1129,24
454,1339,24
455,129,24
455,155,3
455,164,27
455,319,16
455,536,3
455,1247,42
455,1462,3
455,1732,3
456,269,36
456,307,4
456,467,22
456,756,7
457,20,14
457,36,2
457,159,14
457,593,2
457,611,22
458,123,3
458,250,30
458,728,9
458,1235,9
458,1333,29
458,1544,7
459,92,23
459,281,17
459,412,17
459,477,25
459,534,17
459,778,17
459,810,36
459,914,23
459,976,16
459,1098,23
460,0,37
460,221,52
460,337,2
460,326,9
461,137,17
461,167,13
461,298,17
462,156,18
463,28,30
463,244,26
463,338,17
463,451,17
463,747,10
463,1109,16
464,165,21
464,234,3
464,211,21
464,941,2
464,925,14
464,1476,2
465,96,25
465,123,25
467,23,15
467,66,15
467,320,15
467,573,41
467,965,15
469,0,29
469,48,21
469,108,21
469,131,3
469,795,3
469,803,19
470,90,51
470,491,24
470,517,3
470,730,9
470,949,15
471,314,30
471,346,4
474,59,42
474,124,51
474,178,5
474,621,17
476,168,3
476,199,13
476,229,3
476,145,21
476,584,13
476,1039,13
476,1567,13
476,1670,13
478,68,17
478,105,16
478,239,46
480,98,47
480,930,29
480,1658,17
481,63,17
481,138,8
481,196,10
481,243,44
483,53,105
483,188,35
483,225,4
483,629,3
483,591,36
483,930,40
483,972,4
483,983,39
483,1024,5
483,1683,4
483,1645,36
483,2675,5
484,236,7
484,386,2
484,779,28
484,983,7
485,47,11
485,207,11
485,236,37
485,388,19
485,601,18
485,1306,3
486,48,15
486,127,29
486,204,6
486,374,4
486,361,11
486,494,14
488,21,22
488,64,14
488,101,40
488,143,8
488,157,18
488,388,12
488,421,8
488,471,16
489,56,28
489,86,28
489,116,3
489,360,2
489,433,33
489,337,21
489,1130,2
489,1112,16
490,398,25
491,190,21
491,635,19
491,993,31
491,1088,16
493,63,24
493,163,39
493,204,4
493,329,20
493,387,23
493,1031,24
494,56,37
494,172,50
494,224,5
495,145,31
495,626,24
495,1366,16
496,372,2
496,348,22
496,581,23
496,836,13
496,893,21
497,17,15
497,115,47
498,8,15
499,69,24
499,125,3
499,99,24
499,520,3
500,118,15
500,1306,16
500,1557,5
501,127,11
501,786,16
502,276,58
503,200,33
503,314,30
503,435,23
503,819,14
503,901,18
503,945,23
504,220,34
505,41,24
505,67,3
505,161,17
505,199,24
505,225,3
505,544,3
505,969,3
506,22,13
506,70,11
506,117,13
506,132,12
506,185,18
506,286,13
506,325,11
506,716,13
506,749,11
506,1034,14
507,0,27
507,89,17
507,691,26
507,974,27
507,1270,25
507,1445,17
507,1629,27
508,1078,16
509,52,25
510,70,15
510,206,15
510,251,15
511,4,23
511,126,3
511,168,13
511,94,30
511,521,9
512,26,16
512,62,3
512,44,16
512,263,4
512,283,4
512,831,4
512,858,12
512,971,5
512,1017,5
513,271,26
513,1319,14
514,48,17
515,19,17
515,473,23
515,512,87
515,647,13
515,666,15
515,776,12
516,551,26
517,97,16
517,1094,24
518,104,21
518,128,2
518,1154,2
520,78,13
520,381,6
520,630,13
520,729,13
520,809,23
520,894,13
520,1041,23
520,1164,13
520,1522,14
520,1584,13
520,1663,21
521,230,3
521,200,28
521,703,3
521,910,29
521,962,3
523,93,29
523,286,5
523,357,21
523,380,3
523,392,3
523,438,3
523,443,26
523,496,3
523,643,17
523,691,3
523,662,27
523,926,5
523,1104,5
524,1507,18
525,37,13
525,101,12
525,977,16
525,1074,13
526,292,26
526,563,35
526,2066,6
527,70,45
527,500,23
527,559,13
527,666,13
527,1007,13
528,268,37
528,1386,6
530,81,30
531,75,54
531,131,54
531,187,5
531,240,46
533,105,48
533,257,48
533,456,13
533,516,13
533,609,13
533,743,13
533,1357,13
533,1473,13
533,1515,13
533,1693,13
534,54,26
534,216,36
534,254,4
534,917,16
534,1234,33
536,106,21
536,129,3
536,203,22
536,664,2
536,651,11
536,740,3
536,1370,17
537,193,27
537,222,4
537,339,10
537,796,18
537,816,10
537,879,23
537,1353,2
538,196,46
538,491,12
538,505,23
538,530,12
538,747,39
538,796,53
538,944,13
538,1288,20
538,1519,12
538,1533,6
538,1541,21
539,252,3
539,232,18
540,112,21
540,211,28
540,458,13
540,651,21
541,184,3
541,233,31
541,165,17
541,322,9
541,611,6
541,754,6
542,104,21
542,127,21
542,150,3
543,153,23
543,178,3
543,227,3
543,306,3
543,431,3
543,416,13
543,673,3
543,681,27
543,777,25
543,960,15
543,1064,20
543,2377,23
543,2495,54
543,3156,15
543,3441,20
543,3741,12
544,37,20
545,22,28
546,32,18
546,457,3
546,511,16
546,422,33
546,580,18
547,49,18
547,211,22
547,235,3
547,556,22
547,593,35
547,643,39
547,684,5
547,630,4
547,872,3
548,78,28
548,109,28
548,150,25
548,186,29
548,139,3
548,396,3
549,31,18
551,175,13
551,718,14
551,1066,13
551,1226,13
551,1241,2
551,1440,13
551,1455,2
551,1975,13
551,2054,13
552,122,2
552,31,12
553,1025,41
554,274,79
555,100,25
555,142,52
555,216,25
555,243,4
555,1732,15
556,0,26
556,482,26
556,514,26
556,1058,12
557,219,13
557,414,4
557,433,26
557,535,20
557,574,34
557,369,43
557,669,4
557,1078,15
558,649,23
559,717,23
559,1353,23
559,1397,34
560,0,49
560,70,33
560,242,32
560,667,29
560,904,21
561,48,21
561,107,21
561,131,3
562,452,74
562,680,55
562,937,16
562,1403,12
563,60,7
563,214,18
563,841,27
563,959,7
565,838,18
565,2081,21
565,2148,17
565,2560,18
566,73,11
566,135,3
566,146,38
566,111,22
566,211,4
566,186,23
566,507,11
566,1269,9
566,1851,9
566,2034,12
567,48,6
567,208,21
568,214,20
568,515,16
568,1548,7
569,480,6
569,490,9
569,502,14
569,745,17
569,767,9
569,784,24
569,810,3
569,1311,3
569,1449,9
569,1588,34
571,123,42
571,167,5
571,178,40
571,288,3
571,271,15
571,716,6
572,120,14
572,277,14
572,293,2
573,241,20
573,450,30
573,556,12
573,605,6
574,246,3
574,360,3
574,639,28
574,931,53
574,990,14
575,919,11
576,266,25
576,580,19
576,601,3
576,651,4
576,609,40
576,719,13
576,752,6
576,769,12
576,787,17
576,814,14
576,837,6
576,1029,11
576,1174,16
576,1547,11
576,1585,6
577,22,12
578,24,29
578,55,3
578,101,29
578,132,3
578,358,3
579,69,18
579,89,2
579,531,2
579,1373,2
580,46,29
580,260,15
580,804,29
581,650,8
581,1022,23
584,338,18
584,384,17
584,504,17
584,622,3
584,1128,3
584,1725,3
585,379,20
585,433,23
585,875,4
585,1283,20
585,1780,4
586,110,15
586,127,15
586,147,24
586,601,15
587,0,32
587,90,32
587,124,4
590,0,33
590,72,33
590,201,25
590,107,4
590,363,34
590,430,10
590,741,13
590,1166,19
591,287,3
591,255,30
591,972,8
591,1041,29
591,1074,15
591,1238,35
591,1275,4
592,44,46
592,220,33
592,255,4
592,341,4
592,516,33
593,0,15
593,695,3
594,12,48
594,124,31
594,157,2
594,821,6
594,2181,12
594,2201,24
595,994,4
596,397,14
596,524,24
596,722,30
596,769,26
596,912,21
597,261,25
597,348,7
597,689,16
597,1694,7
598,8,19
598,45,20
598,128,20
598,150,2
598,180,19
598,281,19
598,384,19
598,500,19
598,646,17
598,1032,19
598,1243,2
598,1268,19
598,1483,18
598,1635,19
598,1756,19
599,209,8
599,1039,17
599,1387,15
600,38,18
600,92,18
600,116,20
600,139,2
600,359,2
601,648,35
601,1063,5
601,1161,13
601,1232,19
601,1742,5
602,12,15
603,162,4
603,132,28
604,782,3
604,752,28
605,72,3
605,83,46
605,53,17
606,24,35
607,47,35
607,87,35
607,124,3
607,378,20
607,829,18
608,13,43
608,210,49
608,1167,15
609,244,3
609,217,25
609,448,18
609,1050,49
610,277,26
610,624,19
610,2086,22
611,655,2
611,631,22
612,86,25
612,119,7
612,373,13
612,465,6
612,778,25
612,1114,25
613,201,52
613,294,3
613,622,29
613,1079,65
614,97,20
614,119,3
614,146,60
614,274,15
615,101,17
615,240,20
615,751,14
615,896,34
615,1135,9
615,1218,17
615,1283,12
617,266,14
618,198,6
620,0,63
620,65,63
620,130,6
620,546,2
620,523,21
621,34,21
621,133,21
621,157,2
622,0,15
622,51,8
622,71,15
622,501,14
622,517,20
623,65,50
623,242,50
623,294,6
624,0,24
624,798,24
624,1740,3
625,42,33
625,77,28
625,116,33
625,151,4
625,107,3
625,452,15
626,69,22
626,264,22
626,288,2
626,847,22
626,910,22
626,1032,2
626,1182,2
626,1899,2
628,172,4
628,195,16
628,153,17
629,95,20
629,361,39
629,402,4
631,42,21
631,152,21
631,176,3
632,81,28
632,283,28
632,313,3
633,89,18
633,331,18
633,394,27
633,423,3
633,429,25
633,456,3
633,466,29
633,497,3
633,917,18
633,1114,23
633,1142,15
633,1306,3
633,1314,3
633,1392,15
633,1568,3
633,1896,15
634,1360,16
635,139,39
637,40,16
637,58,50
637,114,19
637,515,17
637,597,16
637,679,18
637,699,32
637,737,8
637,1240,16
638,0,26
638,96,15
638,116,17
638,283,3
638,351,23
638,437,21
638,255,26
638,460,2
638,637,31
638,903,36
638,1020,17
638,1051,20
638,1091,10
638,1206,18
638,1413,32
638,1849,14
638,1879,10
638,2034,20
638,2361,18
638,2566,6
638,2590,3
639,65,18
639,180,3
639,152,26
639,283,18
639,948,18
639,1116,7
639,1314,37
639,1517,21
640,108,4
640,72,34
640,293,9
640,427,9
640,808,4
640,817,41
640,891,24
640,931,20
640,772,34
640,1138,35
640,1732,9
640,1743,24
641,750,23
641,838,11
642,24,34
642,128,17
642,223,16
642,975,42
642,1107,33
642,1650,56
642,2011,14
643,379,20
643,491,39
643,532,4
646,122,23
646,387,20
646,430,7
646,629,36
646,688,22
647,11,14
647,29,28
647,87,48
647,137,7
647,258,6
647,706,17
647,1216,17
647,1450,7
647,1554,14
648,150,3
648,325,8
648,588,3
648,648,3
649,127,53
649,204,17
649,697,13
649,933,7
649,1114,17
650,161,30
650,193,3
651,184,14
652,278,27
652,743,5
653,335,3
653,340,30
653,569,18
653,760,25
653,1012,25
654,275,20
654,498,25
655,78,7
655,147,16
655,636,24
655,672,13
655,830,17
655,1218,13
656,44,28
656,164,27
657,33,28
657,674,11
657,770,20
658,1128,15
660,107,16
660,992,16
662,53,27
662,103,27
662,132,3
663,0,38
663,86,27
663,115,3
663,124,25
663,151,3
663,586,3
663,611,3
663,699,3
663,708,21
663,985,16
663,1202,3
665,57,27
665,110,27
665,139,3
665,165,39
665,459,3
665,690,3
666,12,27
668,42,35
668,79,24
668,344,24
668,371,3
669,11,26
672,24,3
672,111,34
673,34,18
673,233,18
673,913,18
674,0,18
674,432,18
676,118,33
676,153,4
676,250,27
676,279,3
677,149,14
678,16,44
679,58,22
679,250,20
680,398,8
681,43,46
681,188,15
681,205,17
681,575,13
682,31,25
682,118,25
682,145,4
682,214,22
682,241,25
683,210,40
683,316,6
683,394,44
683,440,25
683,471,32
683,524,6
683,801,7
685,22,27
685,119,27
685,148,3
685,666,7
686,0,39
688,64,15
690,81,19
691,102,15
691,142,15
691,159,3
691,439,13
691,940,15
691,1386,3
692,42,25
692,136,44
695,156,17
695,234,23
695,445,6
695,548,6
695,630,6
695,691,6
695,808,13
695,1114,23
695,1219,17
695,1277,12
695,1603,19
695,2012,12
695,2034,12
695,2254,24
697,25,24
697,131,24
697,860,18
697,881,13
698,379,18
698,555,14
699,694,17
701,296,28
701,592,18
701,1004,28
702,134,18
702,155,2
702,571,2
702,1257,2
703,82,26
703,110,3
703,616,17
704,38,23
704,140,13
704,632,40
704,1110,13
704,1171,84
705,323,11
705,452,29
706,434,23
707,75,20
707,301,20
708,153,34
708,240,44
708,1587,10
709,136,17
709,155,25
709,228,55
709,370,2
709,353,15
709,660,4
709,592,66
709,1140,11
710,251,30
710,283,3
710,549,3
710,683,17
711,290,26
712,20,26
712,57,26
712,85,3
713,115,3
713,124,25
713,174,29
713,151,3
713,89,24
713,1684,16
713,1720,17
713,1754,18
714,452,25
715,182,14
716,30,67
716,256,7
716,268,48
716,368,15
716,410,37
716,528,32
716,733,57
717,350,15
717,367,3
717,574,3
717,906,3
717,929,3
717,1721,11
718,193,52
719,152,22
719,176,3
719,291,22
719,431,42
719,527,3
719,583,17
719,499,26
720,41,18
720,124,15
720,1042,24
720,1161,23
720,1636,18
720,1748,24
721,102,14
721,130,16
721,193,62
721,367,14
722,81,17
722,184,23
722,218,16
722,239,27
722,386,58
722,753,32
722,791,23
723,325,19
724,59,16
724,157,3
724,135,20
724,479,17
724,498,3
724,698,16
724,806,11
724,997,3
724,1353,9
724,1409,9
724,1430,3
725,79,25
725,115,38
725,155,3
725,163,3
725,1426,3
725,1653,3
726,945,15
727,21,16
727,108,21
727,131,3
727,337,16
727,419,35
727,987,19
727,1075,16
728,140,18
728,160,19
728,181,17
728,206,12
728,746,42
728,833,28
728,1213,15
729,161,28
731,314,2
732,1071,6
732,1137,20
732,1489,15
733,129,18
733,333,4
733,301,30
734,141,16
734,283,40
734,325,6
734,414,6
734,1815,6
736,0,59
736,65,11
736,144,26
736,172,5
736,593,29
736,633,23
736,835,10
736,860,29
736,939,20
736,964,14
737,225,17
738,98,20
738,120,3
738,537,3
738,790,20
739,82,3
739,112,16
739,59,21
739,601,3
740,212,29
740,243,3
740,496,3
740,695,21
740,1179,21
740,1394,22
740,1520,16
740,1578,3
741,217,29
742,1655,16
742,1709,16
743,82,18
743,153,18
743,177,13
743,370,6
743,449,18
743,770,18
743,1343,18
744,136,23
744,234,13
744,322,22
744,357,33
744,459,23
744,1259,13
744,1767,24
745,15,14
745,232,15
745,533,5
745,569,14
745,780,15
745,1257,6
745,1350,6
745,1428,6
745,1493,16
745,1590,5
745,1676,11
746,0,13
746,151,13
746,709,12
746,1071,13
746,1126,13
748,1378,27
749,110,17
749,129,4
749,672,4
749,1094,4
750,0,14
751,0,23
751,156,22
751,288,14
755,27,26
755,86,24
755,213,26
755,1203,24
756,77,35
756,252,24
758,549,8
760,70,51
760,134,31
761,82,20
761,206,34
761,260,20
762,15,28
762,138,28
762,168,3
762,190,17
762,945,11
762,1076,11
762,1441,11
762,1528,5
763,0,24
763,302,32
764,52,37
764,101,38
764,141,3
765,0,26
765,1257,12
765,1387,13
765,1402,3
765,1428,12
765,1474,12
766,0,24
766,28,25
766,100,38
766,170,30
766,255,11
766,349,17
766,429,3
766,489,3
766,701,11
766,1102,10
766,1189,11
766,1202,12
766,1272,14
766,1288,14
766,1353,9
766,1521,6
766,1541,17
766,2048,9
766,2145,24
766,2201,11
766,2521,10
767,362,20
767,1098,21
769,1915,31
769,1948,4
770,110,29
770,381,22
770,548,13
770,578,45
770,664,22
770,712,20
770,844,12
770,1514,18
771,311,3
771,1243,3
772,92,18
772,140,18
773,108,26
773,171,3
773,143,26
773,416,3
773,558,3
773,544,12
773,978,10
773,1411,14
774,48,13
774,67,34
774,103,4
774,179,50
775,293,12
775,307,6
775,866,32
775,900,3
775,1199,17
775,1218,17
775,1723,15
775,2080,18
775,2208,25
775,2264,18
775,2292,18
775,2657,18
775,4818,25
775,5618,19
775,5639,20
775,5661,18
775,6162,31
776,33,3
776,137,17
776,156,3
776,224,3
776,233,41
776,276,5
776,192,30
776,639,30
776,953,17
776,1447,17
777,30,22
777,100,22
777,124,3
777,491,18
778,29,18
778,104,18
778,124,2
778,500,2
779,229,22
779,327,7
779,738,17
779,1146,7
779,1301,7
780,494,4
782,134,15
782,170,16
782,428,15
783,227,25
784,10,17
784,74,20
784,304,31
784,740,16
784,1010,20
785,50,18
785,70,3
785,281,18
785,441,18
786,17,20
786,77,3
786,55,20
786,506,18
787,1322,19
788,56,15
788,198,15
788,215,14
788,272,6
788,468,14
788,528,5
788,644,13
788,745,15
788,943,15
788,1006,14
788,1094,5
788,1281,14
788,1453,15
788,1569,6
788,1637,15
788,1774,15
788,1863,14
788,2136,14
788,2300,14
789,28,36
789,123,16
789,191,23
789,380,46
789,489,36
790,204,8
790,369,3
791,85,36
791,135,18
791,155,2
791,189,11
791,202,15
791,219,5
791,230,14
791,620,32
791,869,36
791,907,4
791,1556,63
791,1660,13
791,1820,21
792,50,14
792,647,14
792,890,14
793,48,22
793,73,3
794,553,9
794,1229,14
794,1686,20
795,75,15
795,145,16
796,38,15
796,383,15
796,520,6
796,803,26
796,1335,15
797,53,25
797,180,2
797,288,36
797,894,2
797,938,21
797,1068,14
799,63,18
799,172,15
799,219,21
799,532,38
799,781,20
799,962,18
799,1041,36
799,1564,15
799,2124,9
799,2355,15
800,11,14
800,114,14
800,198,25
800,262,28
800,646,13
800,664,21
800,707,15
800,800,12
800,814,28
800,984,14
801,0,26
801,135,26
801,163,3
801,730,11
801,838,17
801,942,10
801,985,13
801,1365,16
801,1480,13
802,0,71
802,111,35
802,151,35
802,188,3
802,565,21
803,203,19
803,224,10
803,236,12
803,284,15
803,865,10
803,1408,35
803,1526,30
804,528,28
804,1011,20
804,1088,9
804,1290,25
804,1590,24
804,1710,38
805,43,55
805,103,21
807,149,22
807,173,3
807,191,52
809,192,4
810,93,11
810,532,13
810,572,27
810,1064,24
811,25,24
811,261,24
811,406,24
811,480,34
811,591,35
811,793,24
811,1437,24
811,1597,24
812,474,13
813,219,26
813,654,21
813,677,3
814,19,6
814,31,22
815,283,27
815,1514,27
817,886,11
818,63,36
818,151,19
818,362,19
818,400,5
818,777,36
818,841,26
818,877,6
818,1073,36
818,1122,36
818,2104,5
818,2285,35
819,890,24
819,1236,13
819,1287,13
821,71,9
821,121,9
821,391,2
821,399,23
821,424,3
821,369,20
821,469,9
821,972,9
821,1082,14
821,1170,26
821,1254,13
821,1293,10
821,1461,10
821,1531,5
821,1833,46
821,2080,30
821,2124,10
821,2630,9
821,2669,27
822,302,35
822,339,4
823,40,13
823,483,21
823,746,33
823,992,13
823,1066,24
823,1197,27
823,1636,13
824,0,26
825,0,24
825,1108,25
825,1169,11
825,1272,15
825,1326,18
826,808,24
827,110,29
827,142,27
827,171,2
827,409,23
827,526,44
827,2130,20
829,160,20
829,182,3
829,632,3
829,1089,3
831,103,20
831,279,18
831,459,18
831,494,13
831,1045,13
831,1108,18
831,1783,18
831,2261,18
832,196,16
832,256,2
832,239,15
833,98,29
833,305,29
833,336,2
833,364,2
833,1083,2
833,1454,2
834,33,8
834,131,16
834,149,2
834,181,18
834,236,32
834,299,36
834,366,14
834,468,28
834,505,6
834,832,20
834,913,8
834,932,23
834,1286,13
835,10,59
835,111,32
835,161,21
835,275,22
835,413,21
835,485,22
835,692,32
835,748,48
835,840,23
835,1308,20
836,553,27
837,288,41
837,332,5
837,650,22
837,874,21
837,906,21
837,1628,7
839,124,3
839,1623,3
840,128,26
840,176,29
840,250,16
840,717,23
840,742,17
840,764,17
840,820,28
840,1222,10
841,72,34
841,491,3
841,474,15
841,948,14
842,23,19
842,140,16
842,208,42
843,161,3
843,138,21
843,460,40
843,745,4
844,87,16
844,206,26
844,300,16
844,409,45
844,479,14
844,800,12
844,817,8
844,855,35
844,1047,30
846,177,15
846,195,3
847,95,20
847,249,20
847,437,20
847,2180,20
848,745,24
849,115,4
849,84,29
849,184,2
849,162,20
849,579,2
849,901,2
849,1366,2
850,279,8
851,60,82
851,144,51
851,215,11
851,403,15
851,436,24
851,462,3
851,552,16
851,599,3
851,703,15
852,1418,3
852,1394,22
853,36,16
853,63,7
853,249,6
853,460,34
853,550,26
853,671,16
853,721,22
853,801,13
853,986,13
853,1010,7
853,1215,23
853,1379,16
854,51,18
854,448,20
854,701,18
854,764,20
854,969,18
855,271,24
855,1463,3
855,1538,14
856,81,25
856,246,25
856,727,25
856,1594,10
856,1720,16
856,1821,10
856,1906,6
856,1950,6
856,1995,6
856,2042,6
856,2388,25
856,2697,17
857,405,26
858,74,27
858,103,27
858,132,3
859,4,16
859,112,16
859,137,19
859,196,17
859,215,18
859,425,18
859,472,18
859,719,16
860,0,28
861,114,28
861,144,3
861,210,41
861,1747,8
862,124,24
862,254,20
862,276,3
862,539,3
862,633,24
863,0,29
863,152,29
863,2195,29
864,114,18
864,257,3
864,659,26
865,41,18
865,94,18
865,115,2
865,234,2
865,432,2
866,197,32
866,346,24
866,1576,22
866,1689,15
867,280,10
867,310,21
867,653,6
867,1238,6
867,1308,6
869,112,3
869,93,17
869,192,42
869,236,5
869,294,30
869,355,3
869,326,3
869,332,21
869,761,3
869,769,27
869,834,41
869,1000,9
869,1125,23
869,1489,9
869,1683,6
869,1894,9
871,237,62
871,458,15
872,317,13
872,432,62
872,544,6
872,658,24
872,1342,27
873,69,10
874,13,40
874,192,40
875,121,28
875,151,3
876,49,17
876,1325,17
877,86,20
877,190,35
877,886,5
877,1358,13
878,23,18
878,44,18
878,63,2
878,104,18
878,625,2
879,94,17
879,113,3
879,253,3
879,1286,3
879,1375,3
880,137,32
880,278,27
880,450,121
880,576,8
880,663,12
882,329,33
882,376,30
882,408,28
882,467,4
882,438,3
882,747,33
882,782,4
883,146,17
883,319,31
883,521,25
883,975,14
883,998,27
884,67,27
884,96,27
884,134,40
884,313,27
884,516,22
884,685,3
884,1403,27
886,0,14
886,25,28
887,18,13
887,893,8
887,1634,13
890,27,13
890,134,14
890,187,13
890,581,6
890,782,13
890,1103,14
891,227,12
891,758,3
892,168,22
892,201,21
892,1205,22
893,0,20
893,40,18
893,76,33
893,154,33
893,268,20
893,301,14
893,358,43
893,189,4
893,500,34
893,1174,18
893,1280,20
893,1338,11
893,1351,18
893,1371,19
893,1396,17
893,1450,22
894,111,2
894,256,21
894,89,20
894,284,2
894,481,2
894,783,2
894,857,2
894,926,21
894,1071,2
894,1203,26
895,78,2
895,151,38
895,411,2
895,1001,2
896,681,27
897,466,11
897,855,18
897,1497,11
898,0,47
898,49,24
898,122,20
898,156,10
898,1161,37
899,18,34
899,105,34
899,141,4
899,280,8
899,474,8
899,523,25
899,752,8
899,1318,80
899,1586,23
899,1634,21
899,1765,44
899,2006,27
899,2306,9
900,117,21
900,1089,18
900,1135,12
900,1291,10
900,1365,3
901,789,15
902,240,26
902,1761,13
903,54,5
903,115,18
903,135,25
903,162,3
903,250,19
903,677,3
903,654,21
903,1418,20
904,37,25
904,104,22
904,128,41
904,977,19
904,1061,12
905,101,32
905,199,10
905,214,22
905,135,3
905,465,37
905,806,21
906,131,24
906,231,31
906,408,16
906,426,3
906,796,24
906,896,24
907,30,22
907,95,9
907,223,24
907,265,22
907,289,2
907,369,2
907,525,2
907,663,2
907,984,2
907,1437,2
907,1761,2
908,378,23
908,1004,3
908,1159,3
908,2337,5
909,312,3
909,292,18
909,895,20
909,1311,13
909,1463,13
909,1529,33
910,52,33
910,200,39
910,414,10
910,430,27
910,494,28
910,719,32
910,958,15
911,155,17
911,396,27
911,425,3
912,205,27
912,235,3
912,328,3
912,1275,3
913,180,15
913,659,15
913,676,2
914,103,28
914,1366,5
915,56,20
915,170,31
916,235,3
916,212,21
916,788,15
916,1024,16
918,171,6
918,403,3
918,388,13
918,596,15
918,942,6
918,1406,15
919,140,15
919,201,15
919,218,2
919,752,15
920,57,13
920,223,13
920,238,3
920,395,3
920,651,3
920,746,3
920,923,13
921,47,33
921,599,25
921,990,20
921,1445,26
921,1476,18
921,1621,6
921,1695,35
921,1958,18
922,214,26
922,1310,15
922,1506,15
923,27,24
923,58,24
923,84,3
923,577,3
923,993,3
924,169,30
925,0,18
925,475,40
925,1281,22
925,1385,30
925,1458,10
925,1568,15
925,1854,17
925,2273,17
926,102,21
926,187,13
926,221,23
926,570,23
926,840,12
926,888,5
926,1189,12
926,1343,12
926,1475,11
927,130,18
927,184,18
927,315,9
927,514,38
927,848,19
927,963,19
927,1126,9
928,70,15
928,100,7
928,214,15
928,234,6
928,328,5
928,471,15
928,544,15
928,1063,6
930,110,3
930,87,21
930,252,3
930,328,9
930,469,36
931,65,18
931,230,18
931,1971,18
932,233,19
932,254,2
932,471,34
932,507,4
932,822,2
933,78,30
933,206,3
933,221,3
933,110,3
933,178,26
933,308,5
933,270,36
933,705,10
933,871,9
934,213,23
934,456,10
934,480,13
935,117,3
935,86,29
935,407,3
935,1057,18
935,1077,13
935,1319,24
935,1391,17
935,1496,24
935,1612,3
936,33,17
936,272,17
936,413,20
936,889,31
936,1362,30
936,1488,7
938,95,51
939,21,26
939,79,26
939,107,3
939,578,12
939,750,58
939,912,15
939,942,12
941,35,37
941,140,37
941,582,4
941,1290,4
941,1399,14
942,0,28
942,53,14
942,107,28
942,137,3
942,148,27
942,243,4
942,353,3
942,562,14
942,581,3
942,661,14
942,749,11
942,1087,3
942,1113,14
943,14,26
944,0,20
944,37,24
944,63,20
944,85,2
944,120,17
944,162,24
944,188,2
944,302,2
944,341,2
944,573,28
945,0,22
945,388,9
945,399,10
945,581,23
945,637,14
945,656,12
946,341,3
946,410,7
946,902,37
947,105,16
947,245,16
947,263,2
948,23,9
948,108,21
948,131,3
948,149,15
948,301,38
948,1782,9
949,71,28
949,101,3
949,323,28
949,370,25
950,131,13
950,149,14
950,203,16
950,339,43
950,684,11
950,1008,11
951,1570,5
952,629,47
953,200,27
953,243,7
953,677,15
953,709,26
953,809,15
953,1416,2
953,1547,16
954,0,30
954,128,2
954,110,16
954,304,19
954,334,47
954,395,26
954,462,2
954,466,77
954,383,5
954,1455,21
955,0,38
955,44,24
955,80,30
955,112,3
955,305,3
955,317,9
955,356,18
955,415,16
955,457,24
955,520,19
955,656,29
956,115,26
956,185,26
956,244,18
956,264,2
956,213,3
957,173,2
957,163,8
957,303,3
957,344,25
957,371,3
957,408,18
957,443,20
957,478,2
957,1439,17
958,18,22
958,150,39
958,339,22
958,363,3
958,482,3
959,214,7
959,226,6
960,4,21
961,157,24
961,299,24
961,325,3
961,429,5
961,392,35
961,1964,3
962,87,3
962,53,32
962,276,3
962,585,3
962,884,3
963,181,25
963,600,3
963,570,28
963,781,3
963,1090,3
964,271,30
964,304,3
965,4,15
965,2019,26
966,0,27
966,32,47
966,81,4
967,76,30
967,205,17
967,572,17
967,1122,8
967,1439,29
968,605,24
969,374,18
971,232,2
971,317,2
971,387,2
971,619,2
971,648,2
971,1176,2
971,1292,2
971,1486,2
972,603,12
972,617,3
973,322,18
974,1434,17
975,108,26
975,145,28
975,310,25
975,828,15
975,1126,15
976,31,14
976,146,14
976,411,25
977,27,24
977,332,54
977,430,24
977,829,16
977,1363,16
977,1655,16
977,1860,16
978,28,13
978,293,13
978,453,25
978,576,13
978,718,13
978,876,13
978,1153,6
978,1279,22
978,1694,12
978,1767,6
978,2125,22
979,174,4
979,147,25
979,406,3
979,365,39
979,2084,6
980,67,14
980,130,16
980,277,14
980,464,14
980,1025,60
982,37,30
982,69,30
982,101,3
982,319,52
982,472,3
983,148,21
983,171,4
983,755,10
983,1275,10
984,22,32
984,326,15
984,543,6
986,42,32
986,97,6
986,187,32
986,319,32
986,874,22
987,61,16
987,99,30
987,175,3
987,193,35
987,286,18
987,322,17
987,143,30
987,456,14
987,676,16
987,1167,14
987,1268,17
987,1318,17
987,1376,27
987,1407,3
987,1501,11
988,503,26
988,531,3
990,338,3
990,852,35
991,606,6
991,680,6
992,129,3
992,218,19
992,104,23
993,4,22
993,102,33
993,1043,21
994,81,41
994,416,5
994,1217,28
995,289,4
995,240,47
995,666,19
995,755,25
995,782,4
996,121,36
996,598,6
996,846,14
996,1635,14
997,44,23
998,91,29
1000,323,7
1000,372,14
1000,279,42
1000,566,7
1000,598,7
1000,651,7
1000,987,7
1001,234,31
1001,269,26
1001,422,9
1001,762,3
1001,905,5
1001,1110,11
1001,1213,14
1002,111,9
1002,160,17
1002,179,3
1002,211,26
1002,239,4
1002,1513,16
1006,20,37
1006,396,14
1006,506,28
1006,606,14
1006,1407,17
1006,1664,18
1007,522,10
1007,538,23
1007,566,18
1007,624,18
1007,845,6
1007,1280,6
1007,1702,20
1008,1672,26
1009,62,13
1009,107,27
1009,254,13
1009,269,2
1009,313,27
1009,342,3
1009,1144,19
1011,169,28
1011,584,4
1011,534,48
1013,273,19
1014,94,6
1015,705,22
1015,774,21
1015,797,22
1015,1905,16
1016,52,23
1016,98,17
1016,196,63
1016,261,2
1016,380,6
1016,390,26
1016,531,2
1016,645,20
1016,752,17
1016,791,15
1016,874,3
1016,1322,5
1017,91,29
1017,122,3
1017,1202,14
1018,107,5
1018,276,5
1018,937,15
1018,960,3
1019,24,31
1019,150,31
1019,183,3
1019,236,14
1019,982,12
1019,1376,12
1019,1485,12
1020,72,28
1020,102,3
1020,108,28
1020,138,3
1020,172,17
1021,70,9
1021,180,9
1021,197,5
1021,1180,18
1022,151,27
1022,261,20
1022,180,4
1022,709,18
1022,877,12
1022,910,20
1026,59,31
1026,124,27
1026,153,3
1030,180,18
1032,96,30
1032,128,30
1032,296,3
1032,160,3
1032,268,26
1032,977,3
1033,947,18
1034,154,3
1034,169,35
1034,217,60
1034,133,19
1034,354,21
1034,385,15
1034,402,14
1034,456,27
1034,562,25
1035,59,51
1035,136,16
1035,279,47
1035,464,19
1035,529,15
1035,795,17
1037,26,17
1037,107,14
1037,192,15
1037,557,14
1037,766,18
1038,416,33
1038,523,3
1038,624,12
1038,680,4
1038,508,13
1038,659,19
1038,1095,3
1038,1076,17
1038,2392,24
1039,82,24
1039,120,24
1039,146,3
1039,1710,24
1040,246,3
1043,47,21
1043,128,2
1043,108,18
1043,431,2
1043,535,2
1043,644,12
1043,696,2
1043,866,2
1043,1062,2
1043,1226,2
1043,1366,2
1043,1518,2
1043,1581,2
1044,30,44
1044,149,44
1044,195,5
1044,252,5
1044,1122,5
1044,1612,25
1045,0,65
1047,183,41
1047,415,8
1047,425,2
1048,117,14
1048,167,21
1048,458,29
1048,750,24
1049,496,5
1050,1194,26
1050,1233,19
1050,1532,35
1050,1689,26
1052,254,31
1052,491,27
1052,520,3
1052,720,25
1052,747,3
1052,829,3
1052,1012,18
1052,1223,13
1052,1348,3
1052,1355,3
1052,1391,3
1054,162,29
1055,0,25
1055,166,13
1055,191,15
1055,1945,14
1055,2019,23
1055,2255,14
1056,100,15
1056,117,3
1056,141,37
1057,23,13
1057,72,53
1057,214,21
1058,620,3
1058,689,3
1058,675,12
1058,1609,3
1059,120,22
1059,233,22
1059,257,2
1059,437,4
1059,1064,2
1059,1185,2
1060,134,27
1060,288,18
1060,480,3
1060,457,21
1060,1452,18
1060,1632,7
1061,9,32
1061,141,17
1061,814,19
1062,4,34
1062,40,4
1063,124,20
1063,277,17
1063,298,17
1063,709,21
1063,904,29
1063,1099,15
1063,1178,28
1064,379,26
1064,517,2
1064,1543,5
1064,1506,35
1065,33,34
1065,214,17
1065,233,3
1065,242,25
1065,269,4
1065,538,20
1065,703,3
1065,707,4
1066,536,21
1066,559,2
1066,1457,2
1066,1665,14
1067,108,15
1067,125,15
1067,142,3
1067,777,4
1067,727,48
1068,31,27
1068,83,27
1068,112,3
1068,669,3
1069,78,41
1071,32,16
1071,160,16
1071,189,35
1071,431,13
1072,1,22
1073,104,42
1073,159,42
1073,203,5
1073,247,28
1073,394,3
1073,377,15
1073,1691,45
1073,1742,14
1073,1799,6
1073,1822,6
1073,1942,3
1073,1919,21
1073,2050,6
1073,2074,6
1075,38,21
1075,77,45
1075,124,45
1075,186,37
1075,738,13
1075,770,17
1075,1026,16
1075,1094,14
1075,1137,18
1075,1203,6
1075,1215,10
1075,1338,21
1075,1485,14
1075,1501,14
1075,1545,22
1076,71,17
1076,105,25
1076,201,17
1076,319,31
1076,382,13
1076,411,12
1076,512,9
1076,938,17
1076,1138,15
1076,1259,6
1076,1442,3
1076,1696,15
1076,1909,3
1076,1978,23
1076,2170,11
1076,2256,23
1076,2509,3
1076,2626,17
1076,2745,17
1077,193,22
1077,217,3
1078,61,18
1078,81,18
1078,101,2
1078,142,18
1078,265,14
1078,284,19
1079,233,19
1079,254,2
1079,360,28
1079,426,2
1079,686,2
1079,1004,2
1080,223,2
1080,201,20
1080,903,24
1080,1903,6
1081,154,28
1081,184,3
1081,508,3
1081,1097,31
1081,1206,21
1082,266,18
1083,91,28
1083,250,28
1083,280,3
1083,1157,15
1083,1645,3
1083,1686,14
1084,297,15
1084,399,20
1084,633,15
1084,801,15
1085,66,31
1085,99,5
1085,336,6
1085,289,45
1085,729,18
1086,57,15
1086,308,20
1088,49,15
1089,66,13
1089,81,22
1089,131,13
1089,789,11
1089,987,13
1090,57,3
1090,94,14
1090,179,16
1090,384,3
1091,276,3
1091,249,25
1091,282,35
1091,418,3
1091,469,3
1091,609,3
1091,821,4
1091,771,48
1091,1183,3
1091,1333,3
1091,1523,3
1091,1621,3
1092,363,3
1092,525,3
1092,1003,3
1093,599,13
1093,635,6
1093,939,6
1094,507,8
1095,123,30
1095,155,3
1095,324,10
1095,1270,30
1096,0,26
1096,53,26
1096,146,104
1096,81,3
1096,703,60
1098,286,19
1098,759,39
1098,827,19
1098,1377,21
1098,1457,21
1099,309,3
1099,951,3
1100,183,30
1100,716,4
1100,666,48
1101,180,31
1101,213,2
1101,1386,15
1101,1793,23
1103,46,11
1103,280,11
1103,534,40
1103,765,29
1103,977,14
1103,1042,38
1103,1130,24
1103,1975,35
1103,2068,12
1103,2082,24
1103,2112,11
1104,316,7
1104,508,8
1104,829,29
1104,860,4
1104,1433,16
1104,1885,7
1104,1932,37
1104,1983,15
1104,2049,6
1104,2165,21
1104,2387,16
1104,2405,40
1104,2593,8
1105,0,50
1105,107,22
1105,208,22
1105,232,3
1105,633,3
1105,924,3
1105,1032,3
1105,1526,3
1105,1614,3
1105,1724,3
1106,179,24
1106,572,2
1106,562,8
1106,824,22
1106,1059,34
1106,1649,27
1108,86,14
1108,392,14
1109,105,12
1109,181,48
1109,489,12
1109,744,10
1109,826,12
1109,906,12
1110,94,28
1110,124,3
1110,904,23
1110,1605,9
1111,329,4
1111,497,27
1111,526,3
1111,534,25
1111,561,3
1111,279,48
1112,10,13
1112,140,13
1112,248,13
1112,784,2
1112,1042,13
1112,1057,2
1112,1094,23
1112,1119,2
1112,1246,13
1112,1349,14
1113,126,4
1113,258,14
1113,97,27
1113,508,15
1114,196,5
1114,325,6
1114,340,18
1115,122,3
1115,109,11
1116,22,14
1116,80,14
1116,177,14
1116,1573,22
1117,47,14
1117,130,25
1117,327,20
1117,349,2
1117,531,25
1117,585,21
1117,1051,7
1117,1392,2
1117,1659,17
1117,1805,25
1119,94,28
1119,124,3
1120,55,17
1121,207,27
1121,236,2
1122,85,25
1123,21,46
1123,143,46
1124,191,14
1125,265,23
1125,313,21
1125,336,20
1125,389,21
1125,807,35
1125,859,26
1126,375,17
1126,487,17
1126,522,27
1126,739,3
1126,723,14
1126,911,29
1126,1097,14
1127,251,4
1127,233,16
1127,258,36
1127,908,15
1127,935,29
1127,1100,12
1130,97,37
1130,301,16
1131,0,18
1131,1181,16
1131,1411,18
1132,219,3
1132,280,17
1132,336,20
1132,195,22
1133,903,3
1134,1258,12
1134,1278,12
1136,775,31
1136,1302,12
1137,225,26
1137,253,4
1137,1391,20
1138,641,23
1139,48,43
1139,1203,32
1140,164,2
1140,218,18
1140,145,17
1140,815,20
1140,1084,2
1140,1852,6
1140,1811,39
1141,68,26
1141,107,21
1141,133,29
1141,179,39
1141,296,29
1141,343,29
1141,374,3
1141,674,13
1141,689,13
1141,707,16
1141,1035,13
1141,1082,12
1141,1190,27
1141,1450,3
1141,1724,21
1142,214,8
1143,84,5
1143,303,5
1143,595,25
1143,1009,22
1143,1039,7
1143,1238,6
1144,0,39
1144,78,10
1144,131,14
1144,663,2
1144,641,20
1145,305,27
1146,337,29
1146,368,3
1146,1364,3
1147,99,19
1147,231,42
1147,424,14
1148,632,10
1149,214,3
1149,184,28
1149,860,21
1150,223,27
1150,252,4
1150,1529,24
1150,1579,41
1151,90,29
1151,243,29
1151,274,3
1151,340,3
1151,376,3
1151,321,17
1151,1209,28
1151,1242,3
1151,1621,11
1152,176,7
1152,192,13
1152,210,17
1152,356,6
1152,707,21
1152,783,7
1153,290,10
1153,475,8
1153,1396,8
1153,1486,12
1154,228,50
1154,735,13
1155,111,21
1155,134,3
1155,203,17
1155,258,6
1155,623,3
1155,1124,3
1155,1200,3
1157,183,15
1158,98,13
1158,260,17
1158,516,13
1158,568,17
1158,765,7
1159,0,20
1159,22,13
1159,37,2
1159,73,25
1159,100,3
1159,398,2
1159,462,17
1159,631,11
1159,649,15
1159,667,14
1159,687,28
1159,951,49
1159,1092,21
1159,1185,9
1160,61,18
1160,215,18
1161,105,25
1161,540,9
1161,623,18
1162,340,24
1163,76,24
1164,0,58
1164,156,58
1164,283,28
1164,1003,13
1164,1076,12
1164,1091,3
1164,1283,3
1164,1654,29
1164,1686,10
1164,1703,9
1164,1811,20
1164,2045,25
1164,2078,18
1165,223,35
1165,280,15
1165,299,38
1165,409,15
1166,473,35
1167,85,8
1167,169,8
1167,198,25
1167,241,39
1167,929,6
1167,1104,8
1169,57,46
1170,120,25
1170,744,14
1170,1552,26
1171,157,4
1171,126,29
1171,384,39
1171,458,19
1171,482,12
1171,425,4
1171,1069,41
1172,222,2
1172,204,16
1172,464,15
1172,481,21
1172,522,27
1172,574,14
1172,594,15
1172,1186,15
1172,1203,21
1172,1244,27
1172,1296,14
1172,1312,15
1172,1333,24
1174,100,22
1174,124,3
1174,746,24
1175,98,13
1175,113,53
1175,291,13
1175,322,12
1175,366,24
1175,890,13
1176,13,15
1176,71,15
1177,284,17
1177,302,21
1177,326,3
1178,57,27
1178,86,3
1178,358,3
1178,371,14
1178,426,3
1178,821,15
1178,1234,3
1181,1408,16
1183,27,15
1184,336,9
1184,840,40
1184,882,9
1184,2379,16
1185,43,25
1185,88,25
1185,147,6
1185,367,25
1185,497,25
1188,19,39
1188,178,39
1188,219,4
1190,0,24
1190,261,3
1190,960,3
1191,215,26
1191,596,25
1191,623,2
1191,977,26
1191,1136,12
1191,1261,16
1191,1707,2
1192,38,14
1192,182,3
1192,550,27
1192,700,22
1192,1018,20
1192,1172,13
1193,123,2
1193,152,3
1193,191,17
1193,131,19
1193,739,3
1193,824,71
1194,27,13
1194,54,15
1194,113,11
1194,126,8
1194,136,27
1194,169,18
1194,203,13
1194,281,22
1194,395,8
1194,471,13
1194,535,29
1194,581,19
1194,669,13
1194,786,39
1194,866,18
1194,1261,16
1194,1279,2
1194,1287,20
1194,1309,3
1194,1429,2
1194,1449,3
1194,1486,13
1195,133,21
1195,156,4
1195,1399,15
1196,176,18
1196,197,2
1196,437,2
1196,720,2
1197,60,20
1197,270,3
1197,681,15
1197,1327,15
1197,1632,3
1198,60,25
1198,118,25
1198,433,25
1198,539,6
1198,953,6
1198,1027,6
1198,1839,6
1198,1876,24
1198,1988,14
1199,102,47
1199,237,23
1199,357,5
1199,415,6
1199,623,75
1200,32,24
1200,60,11
1200,89,7
1200,195,10
1200,734,22
1200,1117,21
1200,1143,10
1200,1360,10
1200,1791,24
1200,1819,15
1202,105,5
1202,282,14
1202,355,17
1202,806,6
1203,331,24
1204,6,9
1204,34,28
1204,64,28
1204,94,3
1204,163,5
1204,173,9
1204,401,9
1204,516,9
1204,529,16
1204,619,20
1205,0,22
1206,82,20
1206,213,17
1206,270,20
1206,292,3
1206,232,3
1206,827,7
1206,886,10
1210,176,2
1210,154,20
1210,378,22
1210,415,2
1210,473,2
1210,644,17
1210,791,6
1210,947,2
1210,1151,22
1210,1350,2
1210,1496,2
1210,1669,2
1210,1793,11
1211,1245,23
1211,1306,15
1213,97,25
1213,278,16
1213,304,25
1213,331,2
1213,589,17
1213,1528,17
1213,1748,22
1214,14,17
1215,126,8
1215,150,13
1215,244,3
1215,623,13
1215,986,3
1215,1032,8
1215,1092,16
1216,89,20
1217,304,13
1217,393,13
1217,422,5
1217,536,13
1217,688,13
1217,876,13
1217,1233,13
1218,171,27
1219,132,45
1219,191,28
1219,334,15
1219,179,4
1219,1519,5
1220,192,39
1220,924,20
1220,1052,31
1221,509,16
1221,1650,16
1222,213,13
1222,671,14
1224,32,14
1224,91,22
1224,136,14
1224,237,23
1224,338,22
1224,362,3
1224,436,3
1224,567,3
1224,694,25
1225,289,35
1225,557,20
1225,1657,33
1226,68,24
1226,261,15
1226,309,14
1226,336,19
1227,0,30
1227,148,30
1227,180,3
1227,285,10
1227,553,9
1227,564,22
1227,598,15
1227,640,12
1228,76,9
1228,212,40
1228,263,21
1228,290,13
1228,524,13
1228,978,39
1228,1041,13
1229,131,15
1229,148,3
1231,19,14
1232,114,24
1233,1630,21
1233,1656,15
1235,339,16
1235,417,15
1235,571,9
1235,623,30
1236,24,38
1236,67,18
1237,180,26
1237,231,17
1237,276,30
1237,340,19
1237,393,17
1237,514,23
1237,570,14
1237,208,3
1237,308,3
1237,593,6
1237,904,17
1237,1231,19
1237,1558,3
1237,1648,19
1238,13,15
1238,101,38
1238,170,27
1238,199,3
1239,28,9
1240,249,7
1240,1136,7
1241,81,18
1242,60,21
1242,240,5
1242,299,21
1242,218,20
1242,351,32
1242,1054,21
1242,1145,16
1242,1239,32
1243,44,18
1243,296,29
1243,391,18
1243,473,15
1243,490,16
1243,535,12
1243,605,19
1243,626,33
1243,864,17
1243,883,11
1243,896,20
1243,1185,43
1243,1730,18
1244,260,6
1244,560,17
1244,681,6
1244,813,6
1244,920,7
1246,31,18
1246,77,18
1246,97,2
1246,704,2
1246,898,2
1247,62,22
1247,619,22
1247,643,2
1247,1216,2
1247,1548,2
1247,1644,2
1247,1754,30
1247,1930,2
1248,45,16
1248,67,22
1248,121,2
1248,130,16
1248,162,12
1248,103,16
1248,204,22
1248,228,3
1248,1636,18
1248,1831,31
1249,455,20
1249,697,4
1250,66,17
1250,85,17
1250,104,2
1250,568,2
1250,899,2
1250,1091,2
1250,1409,2
1251,82,19
1251,422,3
1251,444,21
1251,743,24
1251,1492,3
1252,0,19
1252,23,39
1252,644,21
1253,59,22
1253,221,22
1253,245,2
1253,571,2
1253,654,2
1253,790,22
1254,214,23
1254,473,20
1254,495,2
1254,1014,2
1255,768,19
1255,1170,24
1256,121,49
1256,206,18
1256,226,2
1256,667,2
1256,695,2
1256,711,65
1257,165,13
1257,1010,17
1257,1098,21
1257,1353,24
1258,57,18
1259,71,23
1259,100,23
1259,125,3
1259,157,24
1259,438,3
1260,45,63
1260,218,63
1260,283,4
1262,0,21
1262,35,21
1262,103,19
1262,350,34
1263,55,18
1263,88,11
1263,206,3
1263,211,51
1263,277,11
1263,185,19
1263,581,3
1263,560,19
1263,787,11
1263,847,14
1263,994,18
1263,1527,18
1263,1560,11
1263,1718,22
1264,49,15
1264,525,15
1264,836,17
1264,1321,15
1265,25,18
1265,45,2
1265,49,18
1265,145,18
1265,411,10
1266,48,28
1266,120,30
1266,284,21
1266,852,23
1267,293,3
1267,274,17
1267,986,3
1268,169,24
1268,465,5
1268,475,30
1268,421,42
1268,507,3
1268,705,17
1268,972,17
1269,63,2
1269,77,17
1269,226,6
1269,40,21
1269,274,2
1269,317,6
1269,340,13
1270,216,13
1270,335,3
1271,128,26
1271,165,8
1271,375,17
1271,452,26
1271,1336,15
1271,1453,15
1271,1470,10
1271,1482,17
1271,1538,15
1271,1592,30
1273,128,3
1273,137,33
1273,1179,3
1273,1187,3
1274,112,2
1274,234,31
1274,92,18
1274,829,6
1274,936,6
1274,1391,8
1274,1407,23
1274,1818,2
1276,0,22
1276,96,10
1276,247,22
1276,271,2
1276,473,2
1276,739,2
1276,857,2
1276,975,2
1276,1464,2
1276,1541,2
1276,1749,2
1277,65,17
1277,145,27
1277,190,30
1277,222,3
1277,231,12
1277,270,47
1277,481,6
1277,425,54
1277,770,5
1277,1188,5
1277,1345,23
1278,123,35
1278,172,35
1278,209,3
1278,620,21
1280,71,8
1280,173,8
1280,307,14
1280,323,2
1280,1194,8
1281,294,22
1282,102,21
1282,125,3
1282,452,3
1282,705,27
1282,1471,3
1283,26,19
1283,96,32
1283,342,30
1283,374,3
1283,452,18
1283,480,9
1284,1213,9
1284,1261,24
1285,89,21
1285,235,13
1285,357,21
1285,380,3
1285,637,30
1285,1165,19
1285,1710,13
1287,65,29
1287,536,12
1287,1027,18
1288,81,13
1288,99,21
1288,316,7
1288,517,18
1288,546,13
1288,564,21
1288,587,2
1288,707,14
1288,1289,18
1290,283,4
1290,265,16
1291,154,36
1291,342,7
1291,589,30
1291,677,21
1291,756,22
1292,55,20
1292,229,4
1292,188,39
1292,414,20
1292,706,40
1292,830,20
1293,24,31
1293,59,10
1293,74,10
1293,86,40
1293,141,22
1293,360,25
1293,1103,22
1295,97,13
1295,214,13
1295,233,53
1295,1393,15
1295,1856,13
1296,42,17
1296,64,7
1296,100,3
1296,199,19
1296,246,17
1296,437,8
1296,583,17
1296,979,5
1296,1096,17
1298,0,13
1298,95,13
1298,369,13
1298,459,13
1298,888,13
1298,1148,13
1298,1412,13
1299,79,20
1299,229,20
1299,453,20
1299,926,5
1299,994,20
1300,128,18
1300,148,3
1301,60,18
1301,148,18
1301,168,2
1301,565,2
1301,851,2
1302,135,27
1302,164,3
1302,343,3
1302,357,10
1302,310,31
1302,492,3
1302,641,3
1302,1133,10
1302,1214,3
1302,1408,32
1302,1457,18
1302,1567,3
1304,146,4
1304,195,19
1304,250,23
1304,300,8
1304,105,39
1304,772,14
1305,92,9
1305,134,19
1305,372,2
1305,349,21
1305,722,2
1305,777,18
1305,838,2
1305,1135,2
1305,1341,13
1305,1407,15
1305,1502,13
1305,1520,13
1305,1537,2
1306,54,26
1306,167,28
1306,551,24
1307,63,18
1307,237,6
1307,226,9
1307,584,18
1307,822,18
1307,916,18
1308,94,45
1308,141,25
1308,168,3
1308,179,36
1308,522,3
1308,597,37
1308,670,7
1308,1129,62
1308,1257,7
1308,1492,44
1309,44,15
1309,145,17
1310,39,14
1310,122,24
1310,234,14
1310,718,24
1310,744,3
1311,82,39
1311,185,2
1311,163,20
1311,1531,20
1312,21,22
1312,78,31
1312,111,22
1312,199,14
1312,135,3
1312,756,23
1313,53,32
1313,140,38
1314,51,26
1314,405,14
1314,1031,7
1315,138,6
1315,296,3
1315,278,16
1315,625,39
1315,666,4
1315,687,6
1315,1021,6
1315,1112,6
1316,140,7
1316,152,32
1316,361,32
1316,468,2
1316,506,2
1316,496,8
1316,454,12
1316,819,78
1316,1093,3
1316,1072,19
1316,1717,7
1316,1729,15
1316,2062,40
1317,31,19
1320,153,26
1320,1164,7
1320,1438,3
1321,49,30
1321,227,23
1321,375,23
1321,581,20
1321,968,20
1321,1290,20
1322,83,15
1322,110,14
1322,425,14
1322,469,22
1322,544,8
1322,870,6
1322,952,6
1322,1226,6
1322,1240,21
1322,1526,11
1322,1543,16
1322,1569,16
1322,1983,8
1322,2043,32
1323,132,16
1323,432,27
1323,461,3
1323,668,3
1323,846,3
1324,59,22
1324,101,14
1324,181,18
1324,502,22
1324,526,3
1325,40,16
1325,105,19
1325,208,26
1325,427,25
1325,735,16
1325,1071,16
1326,1013,20
1326,1070,52
1326,1207,38
1326,1344,12
1326,1437,17
1327,103,17
1327,190,57
1327,410,18
1327,641,13
1327,909,39
1329,686,7
1329,698,16
1329,1120,17
1329,1264,24
1330,44,15
1330,295,22
1331,70,18
1331,100,18
1331,696,27
1331,1030,18
1331,1068,18
1331,1565,18
1332,23,16
1332,206,18
1332,350,14
1333,651,19
1333,1921,22
1335,114,18
1335,135,2
1336,144,18
1336,165,2
1336,531,2
1336,729,2
1336,1281,18
1337,107,22
1337,261,44
1338,42,22
1338,82,36
1338,147,36
1338,245,22
1338,546,9
1338,572,23
1338,644,22
1338,784,20
1338,956,22
1338,1485,13
1338,1846,21
1339,68,33
1339,173,33
1340,117,21
1340,140,21
1340,163,3
1340,212,19
1340,1221,3
1340,1608,19
1340,1641,14
1340,1661,12
1341,223,20
1341,276,21
1341,326,78
1341,583,13
1341,724,46
1343,0,19
1343,280,29
1343,311,3
1343,479,9
1343,655,20
1343,1122,9
1343,1156,9
1343,1446,29
1343,1498,18
1343,1632,20
1344,74,18
1344,94,40
1344,136,4
1344,620,2
1344,588,30
1344,835,18
1344,859,21
1345,25,16
1345,92,57
1345,604,24
1345,836,14
1345,855,13
1345,901,15
1345,918,49
1345,994,28
1346,252,29
1346,283,2
1346,536,18
1346,556,3
1348,27,25
1348,173,25
1349,18,29
1349,99,3
1349,69,28
1349,282,20
1349,339,2
1349,328,9
1349,921,11
1350,44,28
1350,74,28
1350,104,3
1351,102,28
1351,285,28
1351,474,27
1351,504,3
1351,660,9
1351,772,21
1352,79,26
1352,148,26
1352,176,3
1352,249,36
1352,425,28
1352,553,40
1352,1359,19
1352,1390,18
1353,140,28
1353,223,9
1353,237,9
1354,236,18
1354,1611,8
1355,73,14
1356,186,22
1356,210,2
1356,1215,24
1356,1435,7
1356,1479,7
1356,1519,7
1356,1735,7
1357,143,25
1357,608,25
1358,36,39
1358,103,39
1358,144,3
1358,163,11
1358,176,2
1358,310,11
1358,489,8
1358,499,13
1358,690,5
1358,1340,11
1359,64,27
1359,270,37
1361,195,2
1361,242,2
1361,325,2
1361,457,24
1361,653,2
1361,954,2
1362,34,14
1362,404,36
1362,462,7
1362,518,19
1362,642,28
1362,1157,25
1362,1320,15
1362,1726,37
1362,1765,4
1363,100,28
1363,129,21
1363,153,3
1363,249,3
1363,326,3
1364,405,2
1364,476,20
1364,383,20
1364,859,5
1364,814,43
1364,1174,12
1364,1275,3
1364,1254,19
1365,61,21
1365,84,21
1365,107,3
1365,193,18
1365,235,18
1365,255,12
1365,1256,3
1365,1408,27
1365,1437,3
1366,73,14
1366,189,14
1366,365,5
1366,327,36
1366,430,14
1366,594,96
1366,1327,103
1367,71,13
1367,86,3
1367,275,18
1367,299,3
1367,459,3
1367,667,3
1367,1404,2
1367,1413,3
1367,1391,11
1368,1122,27
1369,121,30
1369,258,3
1369,153,3
1369,230,26
1369,269,40
1369,354,15
1369,1337,3
1369,1574,3
1370,959,2
1370,1252,2
1371,118,3
1371,128,16
1371,1380,23
1372,158,3
1372,166,16
1372,209,23
1372,292,60
1372,137,19
1372,479,25
1373,43,2
1373,103,30
1373,524,11
1374,99,12
1374,128,7
1374,602,5
1374,763,15
1374,787,6
1374,1013,6
1374,1076,38
1374,1134,7
1374,1228,6
1374,1290,6
1374,1360,5
1374,1604,5
1374,1701,7
1375,0,26
1375,31,18
1376,0,26
1376,53,56
1376,122,12
1376,154,26
1376,279,22
1376,328,10
1376,358,30
1376,303,3
1377,20,8
1377,64,17
1377,177,8
1377,187,19
1377,263,8
1377,366,8
1377,569,18
1377,1078,19
1377,1418,17
1378,24,13
1378,278,13
1378,385,32
1378,438,13
1378,471,14
1378,521,22
1378,634,13
1379,279,25
1380,75,14
1380,232,25
1381,59,32
1381,234,32
1381,268,3
1381,1332,8
1382,83,48
1382,308,18
1382,407,6
1382,461,3
1382,433,26
1382,684,4
1382,660,22
1382,2046,10
1383,54,25
1383,213,25
1383,240,3
1383,380,6
1383,572,6
1383,604,6
1385,123,17
1385,158,19
1385,443,17
1385,518,17
1385,574,4
1385,612,17
1385,731,17
1385,1075,9
1385,1109,9
1385,1375,6
1385,1648,17
1385,1849,17
1386,38,29
1386,585,12
1386,661,3
1386,667,17
1386,702,21
1386,638,21
1386,775,15
1386,806,3
1387,87,18
1387,140,3
1388,64,30
1388,107,30
1388,185,17
1388,139,3
1388,800,15
1388,857,35
1388,1450,3
1388,1522,3
1389,61,51
1389,194,22
1389,286,12
1389,532,35
1390,32,10
1390,64,30
1390,387,17
1390,603,10
1391,13,25
1392,216,26
1392,244,4
1392,387,28
1392,417,3
1392,1005,3
1393,191,24
1393,934,14
1394,282,9
1394,303,15
1394,348,9
1395,31,14
1396,46,17
1396,465,17
1396,1829,17
1398,48,32
1398,171,26
1399,77,28
1399,72,3
1400,25,29
1400,104,29
1400,136,2
1400,343,2
1400,388,2
1400,630,2
1401,707,7
1401,716,13
1401,1205,22
1402,96,15
1402,813,14
1402,1281,15
1402,1437,29
1402,1548,15
1403,95,6
1403,191,82
1403,889,18
1404,59,40
1404,189,27
1404,218,3
1404,226,25
1404,253,3
1404,662,3
1405,61,24
1406,93,20
1406,547,7
1406,717,7
1406,774,14
1407,68,18
1407,118,18
1407,138,2
1407,1520,2
1407,1662,2
1408,0,50
1408,349,15
1408,366,4
1408,667,17
1410,24,25
1410,104,25
1410,140,36
1410,285,25
1410,1171,25
1411,197,24
1411,223,3
1412,30,10
1412,1249,10
1413,656,3
1413,846,3
1413,1249,3
1415,237,15
1415,257,21
1415,1175,15
1416,238,20
1417,311,3
1418,336,12
1418,966,10
1418,1257,12
1419,49,37
1419,88,51
1419,1011,5
1419,969,40
1421,833,19
1422,179,118
1422,571,19
1422,618,33
1422,696,2
1422,1526,19
1423,53,19
1423,77,8
1423,158,19
1423,182,8
1423,873,3
1423,894,3
1423,1027,19
1423,1051,8
1424,510,4
1425,111,14
1426,88,19
1427,33,19
1428,29,37
1428,134,37
1428,173,4
1428,270,3
1428,305,18
1428,242,26
1428,378,4
1428,683,4
1428,868,4
1428,950,28
1428,1013,4
1428,1053,4
1428,1114,4
1428,1207,4
1429,1495,15
1430,97,28
1430,127,3
1431,42,17
1431,279,28
1431,605,29
1431,655,21
1434,17,34
1434,135,16
1434,389,14
1434,703,29
1434,783,25
1434,954,25
1434,1189,22
1435,103,28
1435,186,30
1435,1142,20
1436,56,22
1436,102,5
1436,608,12
1439,248,21
1439,283,20
1440,19,7
1440,1060,15
1440,1621,21
1440,1647,21
1441,57,18
1441,149,10
1441,216,10
1441,436,18
1441,464,27
1441,498,16
1441,673,35
1441,738,7
1441,1165,10
1441,1356,7
1442,11,23
1442,132,16
1442,150,3
1442,207,19
1442,505,3
1442,645,3
1442,715,10
1442,688,25
1442,820,6
1442,893,22
1442,929,21
1442,1084,23
1442,1112,8
1443,234,20
1443,299,47
1443,942,6
1443,1148,6
1443,1318,6
1444,22,26
1444,50,26
1444,78,2
1444,378,15
1444,1026,38
1444,1377,21
1445,84,35
1445,174,35
1445,211,4
1445,660,43
1445,755,19
1445,1231,19
1445,1581,21
1448,284,6
1449,61,15
1449,324,31
1449,554,15
1449,982,15
1450,56,15
1450,179,15
1450,196,2
1450,614,20
1451,101,40
1451,199,6
1451,229,12
1451,157,40
1451,490,6
1452,141,8
1452,170,8
1452,1346,15
1453,188,2
1453,166,20
1453,559,2
1453,921,2
1453,1205,3
1453,1267,2
1453,1183,20
1453,1375,2
1453,1807,2
1454,26,15
1454,295,7
1454,899,19
1454,930,12
1454,947,15
1454,1061,12
1454,1149,37
1454,1196,23
1454,1224,15
1454,1250,28
1456,245,25
1456,272,4
1456,877,18
1456,897,24
1456,923,3
1456,932,13
1456,1739,3
1457,81,22
1457,183,24
1457,209,3
1457,884,8
1457,970,14
1457,1000,12
1457,1046,19
1458,42,9
1458,62,17
1458,81,3
1459,98,17
1459,496,17
1459,652,9
1459,1072,20
1459,1223,20
1459,1346,7
1460,938,12
1461,17,15
1461,53,24
1461,79,15
1461,199,19
1461,329,6
1461,340,7
1461,405,15
1462,106,3
1462,155,16
1462,80,24
1463,102,14
1463,118,14
1463,134,2
1464,109,26
1464,241,18
1464,307,19
1464,137,4
1464,729,21
1464,756,22
1464,838,15
1464,874,18
1465,1075,18
1466,168,3
1466,195,3
1466,177,16
1466,150,16
1466,403,3
1466,521,3
1467,69,40
1467,278,3
1467,248,28
1467,513,25
1467,971,3
1467,1097,23
1469,281,19
1469,302,2
1469,451,2
1469,458,19
1469,783,15
1470,167,10
1470,373,17
1470,392,3
1470,652,3
1470,766,15
1470,1121,18
1471,48,26
1471,76,26
1471,104,3
1471,493,18
1471,570,6
1471,1448,7
1472,624,32
1474,310,44
1474,659,17
1474,1038,8
1474,1451,7
1474,1608,15
1475,87,15
1475,295,7
1475,385,12
1475,445,15
1475,492,13
1475,800,5
1475,867,14
1476,74,32
1476,164,27
1476,193,3
1476,241,38
1476,281,4
1476,509,12
1476,700,23
1476,837,3
1476,845,4
1476,904,3
1476,1033,3
1476,1160,3
1476,1406,20
1477,0,76
1477,185,22
1477,209,3
1477,383,18
1477,403,2
1477,446,50
1477,640,2
1477,767,3
1479,162,13
1479,184,21
1479,207,34
1480,28,37
1482,7,22
1482,45,14
1482,166,22
1482,190,3
1482,296,14
1482,1340,9
1483,95,15
1483,249,49
1483,444,15
1483,1133,35
1484,116,55
1484,173,8
1484,818,14
1487,0,22
1489,844,2
1489,833,9
1490,78,14
1490,409,13
1490,427,12
1490,633,4
1490,595,36
1490,726,14
1491,40,13
1491,71,13
1491,361,6
1491,702,13
1491,1022,13
1494,261,22
1494,285,3
1494,440,22
1494,463,3
1494,689,3
1494,1043,3
1495,850,39
1495,891,5
1496,23,27
1496,73,35
1496,322,27
1496,488,20
1497,73,18
1497,93,2
1497,259,18
1497,280,2
1497,387,2
1497,1435,2
1497,1887,2
1498,17,14
1498,126,14
1498,461,14
1498,1080,13
1498,1196,14
1499,108,20
1499,423,18
1499,443,24
1499,559,25
1499,719,10
1499,1453,20
1500,739,12
1501,93,13
1501,171,35
1501,1070,15
1501,1150,16
1501,1670,13
1501,1805,23
1502,69,13
1502,196,13
1502,1056,14
1502,1089,25
1502,1289,23
1502,1330,14
1502,1475,14
1503,251,39
1503,292,3
1504,39,24
1504,126,24
1504,152,3
1504,420,3
1504,456,17
1504,696,25
1505,48,8
1505,74,8
1505,163,29
1506,272,17
1506,291,3
1507,33,22
1507,103,22
1507,325,9
1507,127,3
1507,432,43
1508,122,71
1508,386,22
1510,0,50
1510,168,34
1510,204,4
1512,212,11
1512,364,4
1512,323,39
1512,419,17
1512,438,3
1512,799,3
1512,1727,66
1513,128,33
1513,163,4
1513,192,6
1513,305,10
1513,533,15
1513,752,35
1513,1077,20
1514,1196,14
1514,1229,15
1515,53,13
1515,158,49
1515,409,19
1515,513,13
1515,633,13
1515,759,24
1515,1025,33
1516,136,8
1516,302,11
1516,479,8
1516,1386,8
1517,91,19
1517,143,19
1517,164,2
1517,1375,17
1518,25,23
1518,59,23
1518,84,3
1519,57,8
1519,70,11
1519,150,8
1519,163,11
1519,909,8
1519,922,11
1522,97,29
1522,128,3
1523,68,16
1523,157,11
1523,230,16
1523,480,30
1523,688,16
1523,837,16
1523,912,16
1525,24,14
1525,230,4
1525,248,14
1525,198,30
1525,733,39
1525,774,14
1527,77,15
1528,84,29
1528,1272,4
1528,1331,34
1529,46,44
1529,101,44
1529,147,4
1529,157,27
1529,1006,8
1531,111,20
1532,163,20
1532,186,3
1532,246,3
1532,524,3
1532,743,2
1532,1745,3
1534,43,39
1534,87,17
1534,151,32
1534,185,3
1534,194,17
1534,213,2
1534,325,2
1534,440,2
1534,801,2
1534,1413,23
1535,42,8
1535,187,8
1535,498,8
1535,716,8
1535,853,8
1535,881,7
1536,46,7
1536,254,7
1536,480,18
1536,694,7
1536,802,30
1536,834,11
1536,907,12
1536,979,13
1537,676,20
1537,1190,41
1538,266,37
1538,316,14
1538,386,36
1538,975,26
1538,1098,25
1538,1294,25
1538,1549,19
1539,0,14
1539,275,5
1539,745,18
1539,795,6
1541,441,13
1541,995,6
1542,113,18
1543,198,27
1544,0,38
1544,342,19
1544,1221,6
1545,1193,7
1547,81,18
1547,102,2
1547,172,2
1549,67,29
1549,216,25
1549,1486,25
1550,66,17
1551,77,21
1551,194,2
1551,201,21
1551,224,3
1551,175,17
1552,128,17
1552,147,3
1552,573,30
1552,770,3
1552,1008,3
1553,24,20
1553,46,2
1553,66,17
1553,85,3
1553,292,2
1554,109,15
1554,126,2
1554,134,45
1554,224,2
1554,206,16
1554,563,2
1554,944,2
1554,1252,21
1554,1480,28
1554,1632,10
1554,1646,12
1555,4,23
1555,123,31
1556,0,26
1556,182,18
1556,354,12
1556,458,4
1556,431,25
1556,522,3
1556,1022,7
1557,107,18
1557,174,27
1557,203,2
1557,361,32
1558,447,47
1558,496,35
1559,253,30
1559,631,30
1559,670,52
1559,724,3
1559,833,21
1559,956,21
1559,1454,15
1559,1473,30
1560,418,6
1560,537,18
1561,0,51
1562,1279,13
1563,71,31
1563,592,13
1563,727,13
1563,1358,30
1565,77,14
1565,104,14
1565,286,14
1567,940,17
1568,114,56
1568,270,50
1569,173,38
1569,291,25
1569,1735,8
1570,155,25
1570,796,25
1571,60,30
1571,164,30
1571,196,3
1571,265,18
1571,659,3
1571,887,2
1571,873,12
1571,1064,3
1571,1506,13
1571,1588,44
1571,1894,13
1574,0,18
1574,42,39
1574,83,18
1574,103,2
1574,179,17
1574,247,19
1574,329,26
1574,451,7
1574,548,35
1574,589,13
1576,643,7
1576,1517,53
1576,1591,18
1576,1658,18
1576,1845,34
1577,195,22
1578,43,23
1579,0,26
1579,256,6
1579,396,25
1579,461,22
1579,507,17
1579,485,3
1579,552,20
1579,576,14
1579,1423,10
1579,1438,12
1581,182,2
1581,166,14
1581,337,3
1581,314,21
1581,603,3
1581,1009,3
1582,0,24
1582,185,13
1582,200,14
1582,248,37
1582,491,15
1582,1008,15
1583,71,43
1584,0,13
1584,69,27
1584,98,4
1584,169,9
1584,183,8
1584,256,22
1584,337,11
1584,613,9
1584,627,9
1584,682,15
1584,738,8
1584,823,14
1584,839,11
1584,852,14
1584,868,15
1584,885,16
1584,1028,9
1585,176,20
1585,263,8
1585,295,22
1585,1417,37
1586,34,29
1587,0,20
1587,22,29
1587,53,3
1587,454,25
1587,481,33
1587,520,23
1587,775,11
1587,1106,22
1587,1184,25
1587,1224,21
1587,1382,3
1588,25,8
1588,63,18
1590,27,15
1590,47,9
1590,251,15
1590,271,9
1590,1217,9
1590,1333,15
1590,1353,9
1591,17,11
1591,140,28
1591,170,3
1591,698,11
1591,857,11
1591,1092,14
1591,1410,3
1591,1448,3
1592,255,20
1592,277,3
1593,16,51
1593,119,51
1593,172,6
1594,87,2
1594,68,17
1594,221,2
1594,309,2
1594,650,46
1594,1198,13
1594,1715,2
1596,37,20
1600,44,25
1600,140,13
1600,158,14
1600,1586,13
1602,0,26
1602,178,26
1602,276,3
1602,246,28
1602,510,8
1602,564,17
1602,638,17
1602,1005,26
1603,188,34
1603,940,23
1604,0,20
1605,208,12
1605,458,3
1605,824,3
1606,151,13
1607,20,40
1607,434,7
1607,969,52
1608,86,15
1608,186,28
1608,1841,15
1610,155,23
1612,61,56
1612,119,63
1612,184,3
1612,318,17
1612,560,3
1612,736,30
1612,1300,3
1612,1371,12
1612,1431,14
1613,103,25
1613,130,3
1614,59,8
1614,104,8
1615,31,14
1615,126,14
1615,221,10
1615,294,26
1615,1143,22
1616,84,39
1616,155,22
1616,190,37
1616,276,14
1616,179,3
1617,76,14
1617,92,14
1617,108,2
1617,1335,23
1618,1544,18
1619,108,15
1619,125,2
1619,315,26
1619,455,2
1619,463,19
1619,484,2
1619,432,21
1619,1147,2
1620,64,14
1620,117,22
1620,431,14
1620,478,14
1620,534,14
1620,750,14
1620,855,22
1620,937,14
1620,1117,14
1620,1204,14
1620,1272,14
1620,1330,14
1620,1372,14
1620,1573,14
1620,1630,22
1620,1710,35
1620,1749,22
1621,24,17
1621,51,8
1621,208,14
1621,385,29
1622,51,17
1622,101,38
1622,141,3
1622,149,3
1622,490,18
1622,681,3
1622,758,17
1622,1140,3
1622,1529,28
1623,181,3
1623,146,33
1623,417,28
1623,538,20
1623,560,3
1623,836,28
1624,105,26
1624,860,23
1624,979,52
1624,1191,15
1625,60,14
1626,760,19
1627,45,47
1627,106,33
1627,141,4
1627,153,34
1627,243,10
1627,675,24
1627,720,36
1627,797,13
1627,1715,24
1627,1741,2
1628,113,20
1628,152,9
1628,163,17
1628,205,11
1628,348,46
1628,744,20
1629,88,26
1629,116,3
1629,248,17
1629,267,3
1629,724,3
1629,696,26
1629,1091,3
1629,1067,22
1629,1725,14
1630,0,28
1630,220,20
1630,242,3
1630,694,16
1631,96,12
1632,25,46
1632,99,9
1632,131,31
1632,175,3
1632,247,4
1632,220,25
1632,265,25
1632,292,4
1632,573,3
1632,669,6
1632,612,55
1632,865,6
1632,1092,5
1633,19,20
1633,234,20
1633,589,29
1634,72,8
1634,204,8
1634,833,9
1635,60,20
1635,153,4
1635,159,35
1636,0,27
1636,29,27
1636,58,3
1636,170,22
1636,263,28
1636,301,8
1636,494,47
1636,922,26
1636,965,8
1636,975,16
1636,1109,18
1636,1166,24
1636,1283,8
1636,1296,9
1638,93,50
1638,346,14
1638,1866,15
1639,385,20
1640,26,24
1640,88,26
1640,559,23
1640,823,6
1641,29,14
1641,96,18
1641,193,56
1641,416,14
1641,581,14
1642,1361,7
1642,1471,26
1644,964,34
1645,152,35
1645,189,3
1645,340,26
1647,35,15
1647,52,15
1647,284,34
1647,347,26
1647,69,2
1647,479,15
1648,22,20
1649,512,7
1649,524,6
1649,801,21
1650,226,6
1650,893,3
1650,1077,15
1650,1204,24
1650,1684,25
1652,856,6
1652,872,8
1653,46,18
1653,164,18
1653,1114,18
1654,60,24
1657,201,11
1658,0,43
1658,49,13
1658,197,9
1658,389,22
1658,413,29
1658,802,22
1658,947,13
1658,969,20
1660,198,18
1660,317,8
1660,355,10
1660,518,12
1660,551,15
1660,1142,24
1662,21,22
1662,80,22
1662,113,27
1662,183,21
1662,219,22
1663,276,30
1663,741,23
1663,855,30
1664,165,3
1664,131,32
1664,1527,24
1665,28,36
1665,1282,21
1665,1424,5
1665,1540,18
1665,1564,17
1665,1682,14
1665,1862,24
1665,1919,15
1667,30,79
1668,241,25
1668,310,7
1668,329,13
1668,631,20
1669,98,17
1669,208,8
1669,967,17
1670,110,14
1670,242,3
1670,412,14
1670,221,19
1672,95,3
1672,106,27
1672,66,27
1672,237,3
1672,578,3
1672,667,3
1673,53,28
1673,144,3
1673,333,3
1673,480,3
1673,554,21
1673,578,3
1673,658,21
1673,682,16
1673,731,3
1673,738,12
1673,839,3
1673,1497,3
1673,1540,3
1673,1567,27
1674,43,20
1674,195,30
1674,455,20
1674,1803,20
1675,379,12
1675,393,17
1675,412,6
1675,435,11
1675,513,12
1675,769,17
1675,874,23
1675,1656,23
1675,1754,15
1675,2246,24
1676,182,19
1676,203,2
1677,161,6
1677,240,15
1677,129,30
1678,230,23
1678,821,14
1678,983,13
1678,1494,23
1679,103,15
1679,128,16
1679,398,14
1680,117,16
1680,838,16
1680,965,24
1680,991,3
1682,151,3
1682,133,16
1683,111,17
1683,130,3
1683,1711,17
1685,11,30
1685,47,19
1685,128,19
1685,244,18
1685,517,39
1685,1154,47
1685,1220,13
1685,1270,25
1685,1346,3
1685,1370,19
1686,0,77
1686,846,24
1686,1548,25
1686,1644,40
1686,1701,36
1687,101,14
1687,117,14
1687,133,2
1687,939,19
1690,0,63
1690,69,29
1690,256,7
1690,282,3
1690,397,5
1690,580,5
1691,404,25
1691,730,3
1691,713,15
1692,221,29
1693,0,26
1693,222,42
1693,843,13
1694,205,13
1694,246,20
1694,268,17
1694,491,13
1694,1042,13
1695,365,21
1695,424,12
1696,18,12
1696,287,17
1696,313,12
1696,631,12
1698,644,14
1698,815,14
1698,842,14
1698,1187,14
1698,1383,14
1698,1742,13
1698,1846,14
1698,1954,14
1698,1982,14
1698,2072,7
1698,2084,14
1699,405,14
1699,1162,14
1699,1264,14
1700,23,27
1701,87,21
1701,110,3
1701,150,18
1701,286,25
1701,313,3
1703,58,22
1703,112,13
1703,310,23
1703,644,23
1703,1045,6
1703,1105,14
1704,256,16
1704,704,36
1705,217,26
1706,89,35
1706,126,35
1706,179,28
1707,41,33
1707,88,33
1707,249,33
1707,316,19
1707,353,14
1707,123,3
1707,1204,19
1707,1235,14
1707,1254,25
1707,1343,28
1707,1565,21
1707,1629,19
1707,1713,26
1707,1750,13
1708,44,13
1709,748,3
1710,184,15
1710,218,24
1710,244,3
1710,324,4
1710,291,31
1710,652,26
1710,680,3
1710,917,15
1711,482,3
1714,20,20
1714,275,23
1714,466,20
1714,986,20
1714,1604,24
1715,17,16
1715,105,21
1715,933,40
1715,1347,16
1715,1527,17
1715,1624,16
1715,1765,16
1716,10,25
1716,855,9
1716,866,23
1716,1130,25
1717,27,24
1718,4,12
1718,51,21
1718,133,21
1718,156,3
1718,369,30
1718,401,3
1718,577,3
1718,919,3
1718,1010,21
1718,898,19
1718,1266,3
1720,69,21
1720,293,3
1720,424,17
1721,0,23
1722,130,4
1722,97,31
1722,654,40
1723,53,29
1723,183,21
1723,206,3
1723,214,22
1723,238,5
1723,587,34
1723,840,5
1723,1248,5
1724,208,39
1724,249,4
1725,0,41
1725,70,15
1725,173,43
1725,290,18
1725,338,56
1725,526,17
1725,588,22
1725,1011,19
1725,1099,41
1726,720,14
1727,151,8
1727,503,31
1727,996,17
1728,84,8
1728,94,18
1728,115,2
1728,335,14
1728,482,2
1729,57,28
1730,231,13
1730,260,29
1730,1020,13
1730,1328,62
1730,1596,33
1731,118,23
1732,822,4
1732,772,48
1733,386,3
1733,559,20
1735,77,21
1735,164,21
1735,188,3
1736,276,9
1736,381,28
1736,449,5
1736,456,23
1736,485,21
1736,1184,11
1737,151,45
1737,230,18
1737,250,2
1738,324,2
1738,297,25
1738,651,3
1738,627,22
1738,1395,2
1738,1480,3
1739,1178,14
1739,1557,14
1739,1653,16
1740,31,16
1740,145,16
1740,163,3
1740,552,15
1740,994,25
1740,1193,3
1741,175,18
1741,226,25
1741,253,3
1741,532,26
1741,564,18
1742,72,11
1742,115,3
1742,94,19
1742,339,15
1742,1265,11
1743,67,19
1744,180,3
1744,152,26
1744,364,11
1744,428,3
1744,502,28
1744,1149,6
1744,1277,3
1745,60,21
1745,179,21
1745,202,3
1745,215,35
1746,341,25
1746,471,25
1746,560,3
1746,544,14
1746,1279,25
1747,87,20
1747,214,20
1747,306,16
1747,435,5
1747,403,30
1748,479,9
1748,495,25
1748,629,26
1748,1543,8
1749,117,30
1749,221,26
1749,249,3
1749,149,3
1750,77,18
1750,127,18
1750,148,2
1751,65,18
1751,330,18
1751,351,2
1751,664,2
1751,898,2
1752,189,17
1752,209,4
1753,61,25
1753,120,25
1753,147,4
1753,332,74
1754,83,33
1754,269,33
1754,304,4
1756,0,28
1756,138,28
1756,277,24
1756,168,3
1756,1223,28
1758,0,25
1758,29,21
1759,68,8
1759,86,18
1759,107,2
1759,736,2
1759,793,8
1759,804,8
1759,817,16
1760,162,3
1760,135,25
1760,429,18
1760,453,10
1760,781,3
1761,71,2
1761,139,15
1761,171,18
1761,54,15
1761,308,2
1761,631,15
1761,1280,2
1762,153,37
1762,260,15
1762,1300,37
1763,59,23
1764,199,21
1764,308,10
1764,465,16
1764,516,16
1764,575,17
1764,621,5
1764,1019,10
1764,1103,6
1764,1165,6
1764,1180,6
1764,1287,6
1764,1409,6
1765,409,30
1767,0,27
1767,188,30
1767,386,93
1767,518,14
1767,672,4
1767,701,25
1767,638,32
1767,1089,25
1768,113,2
1768,149,28
1768,97,14
1769,166,8
1769,198,3
1769,210,13
1769,225,16
1769,392,12
1769,406,11
1769,468,21
1769,503,17
1769,526,14
1769,589,3
1769,629,22
1770,111,22
1770,135,3
1770,319,28
1770,504,15
1771,257,18
1771,718,15
1771,768,18
1771,1037,12
1771,1195,18
1772,22,28
1772,183,28
1772,677,41
1772,837,13
1774,74,56
1774,135,23
1774,302,24
1774,330,18
1774,366,24
1774,543,32
1774,745,23
1774,798,24
1774,834,22
1774,1280,32
1774,1737,24
1774,2004,32
1775,225,20
1775,301,24
1775,549,24
1775,757,30
1775,889,10
1775,954,24
1775,1031,24
1775,1192,20
1775,1289,20
1775,1381,30
1775,1439,31
1776,195,7
1776,204,12
1776,218,17
1776,261,18
1776,331,12
1778,250,24
1778,294,24
1778,654,6
1778,598,54
1779,1306,4
1780,296,5
1780,345,17
1780,835,17
1781,197,26
1781,1129,15
1781,1621,19
1782,44,17
1782,115,40
1782,222,8
1782,1115,21
1783,713,43
1783,777,16
1783,1059,43
1783,1123,16
1784,758,5
1784,721,35
1784,1205,6
1784,1340,6
1785,488,17
1786,71,9
1786,491,17
1786,520,16
1786,608,17
1787,117,24
1787,143,4
1787,329,15
1787,349,30
1787,381,3
1787,585,26
1787,613,3
1787,729,15
1788,395,24
1788,973,16
1788,1042,13
1788,1057,11
1788,1070,8
1788,1112,18
1788,1141,20
1788,1243,17
1788,1266,29
1788,1317,20
1788,1425,3
1788,1488,3
1788,1495,15
1788,1396,27
1788,1905,23
1789,88,25
1789,245,25
1789,272,3
1789,477,31
1789,510,6
1790,80,13
1790,99,34
1790,147,17
1790,135,4
1790,420,13
1790,461,20
1790,564,16
1790,638,16
1790,656,15
1790,731,13
1792,314,3
1792,293,19
1792,399,4
1792,380,17
1792,1375,36
1793,584,6
1793,1777,31
1793,1873,25
1794,117,34
1794,204,20
1794,226,2
1794,231,28
1794,270,34
1794,306,4
1794,261,3
1794,362,2
1794,352,8
1794,905,10
1794,1118,17
1794,1384,28
1795,1,17
1795,38,22
1795,62,16
1796,351,6
1797,12,17
1797,759,17
1797,1018,17
1800,105,25
1800,261,7
1800,775,14
1800,1073,15
1800,1369,12
1800,1733,25
1800,1847,7
1802,376,28
1802,425,28
1802,602,28
1804,63,25
1804,102,15
1804,463,6
1804,946,7
1804,1017,16
1805,52,28
1805,167,25
1806,70,29
1806,101,4
1807,143,3
1807,117,24
1807,274,22
1807,389,12
1807,599,4
1807,564,33
1807,1356,3
1808,41,9
1808,125,17
1808,220,39
1808,144,2
1809,36,15
1809,99,15
1809,133,15
1809,373,15
1809,747,15
1809,1432,7
1809,1674,15
1809,1939,6
1810,142,18
1810,162,3
1812,53,37
1813,159,27
1813,188,3
1813,277,14
1814,1514,11
1815,17,44
1815,102,14
1815,118,2
1815,147,24
1815,177,19
1815,233,30
1815,265,3
1815,896,20
1815,1058,42
1815,1291,3
1816,231,15
1816,248,18
1816,746,22
1816,1458,21
1816,1675,26
1816,1778,22
1817,76,14
1817,248,14
1817,264,2
1817,1336,3
1817,1755,3
1818,107,13
1818,311,10
1818,888,13
1818,1644,13
1819,62,17
1819,178,25
1819,373,14
1819,404,7
1819,497,6
1819,793,17
1819,901,29
1820,18,16
1820,84,16
1820,110,4
1820,209,22
1820,233,3
1820,976,19
1820,1401,13
1821,36,25
1821,211,14
1821,264,14
1821,419,25
1821,937,14
1821,1269,14
1822,28,21
1822,54,33
1822,112,21
1822,188,33
1822,365,21
1822,391,33
1823,345,15
1823,639,15
1823,968,17
1823,1054,9
1823,1336,9
1823,1588,17
1824,343,12
1824,361,29
1824,415,14
1824,434,6
1824,549,4
1825,21,24
1825,77,24
1825,103,3
1825,625,18
1825,711,62
1825,882,8
1825,970,20
1825,1062,23
1825,1570,13
1825,1662,3
1826,273,24
1826,403,19
1826,433,11
1826,446,10
1826,458,19
1826,483,17
1826,299,3
1826,634,18
1826,708,4
1826,1561,6
1826,1624,12
1826,1641,20
1826,1666,11
1826,1682,18
1826,1719,5
1826,1792,6
1826,2083,6
1827,69,8
1827,210,26
1828,111,26
1828,139,3
1828,163,16
1828,348,8
1828,537,17
1829,0,16
1830,109,24
1830,258,30
1830,135,2
1830,346,9
1830,576,13
1831,84,17
1831,209,15
1831,289,15
1831,611,39
1831,652,3
1831,1034,26
1831,1112,21
1831,1357,27
1831,1386,3
1831,1584,13
1831,1750,15
1832,60,21
1832,193,21
1832,216,3
1832,1179,26
1832,1207,19
1832,1228,13
1832,1257,42
1832,1427,24
1833,367,4
1833,317,48
1834,148,3
1834,336,9
1834,129,17
1834,418,35
1834,455,3
1834,499,9
1835,882,18
1835,946,17
1836,55,34
1836,549,27
1836,642,29
1836,977,48
1836,1330,28
1836,1533,39
1837,336,3
1837,308,26
1838,55,20
1838,187,15
1838,204,19
1838,622,20
1839,249,64
1839,569,8
1840,305,7
1840,363,3
1840,336,25
1840,929,3
1841,46,13
1841,271,20
1841,293,23
1841,331,11
1841,419,13
1841,462,50
1842,1256,18
1843,78,27
1843,482,13
1843,497,9
1843,549,26
1844,507,22
1844,682,10
1845,87,2
1845,68,17
1845,600,2
1845,906,2
1846,114,15
1847,46,27
1847,369,14
1847,760,14
1848,55,20
1848,166,7
1848,144,20
1848,811,24
1848,837,3
1848,1603,8
1848,1937,16
1849,160,20
1849,182,3
1849,204,31
1849,296,6
1849,729,11
1849,969,11
1850,175,20
1850,197,3
1851,31,29
1853,9,26
1853,108,26
1853,136,3
1853,771,21
1854,38,20
1854,556,20
1855,16,20
1855,38,10
1855,68,17
1856,20,15
1856,171,25
1856,353,22
1856,451,22
1856,543,7
1856,815,25
1856,1178,14
1856,1211,7
1856,1640,61
1856,2001,14
1859,11,14
1861,323,3
1861,293,28
1862,43,67
1862,131,51
1862,304,15
1862,337,15
1862,649,25
1862,1204,15
1863,109,37
1863,559,37
1864,214,4
1864,193,19
1865,87,26
1866,321,23
1866,673,15
1866,927,15
1869,0,20
1869,84,20
1869,106,3
1869,317,12
1869,440,12
1869,658,3
1870,38,35
1871,682,23
1871,786,30
1872,121,3
1872,132,27
1872,95,24
1872,691,3
1872,1312,3
1872,1770,3
1874,87,53
1874,642,37
1874,819,19
1874,929,38
1875,181,52
1875,265,15
1875,316,24
1875,647,18
1876,73,18
1876,728,6
1876,1158,24
1877,19,14
1877,109,13
1878,68,14
1878,142,14
1878,181,18
1878,643,14
1878,1740,14
1878,2060,19
1880,133,12
1880,150,27
1880,244,20
1880,862,3
1881,10,35
1881,144,35
1881,181,3
1881,723,31
1882,31,15
1882,52,39
1882,96,13
1882,175,23
1882,814,5
1882,951,17
1882,1173,26
1884,16,13
1884,191,13
1885,1011,6
1885,1172,6
1886,6,15
1886,66,17
1886,166,41
1886,354,41
1886,417,24
1886,812,8
1887,103,16
1887,239,11
1887,291,16
1887,309,3
1888,223,20
1888,325,31
1891,26,15
1891,46,22
1893,581,3
1893,747,17
1893,572,7
1893,801,3
1894,860,15
1895,235,28
1895,265,3
1895,910,2
1896,118,3
1896,99,17
1897,1359,13
1898,101,15
1898,179,15
1898,196,2
1898,326,2
1900,149,17
1900,168,4
1900,891,31
1900,1421,20
1901,88,17
1901,107,4
1901,134,16
1902,73,10
1902,182,10
1902,692,4
1902,661,29
1903,58,23
1903,83,26
1903,149,54
1903,205,18
1903,255,9
1903,448,22
1904,574,22
1905,537,18
1905,557,30
1905,735,17
1905,1234,3
1905,1229,3
1905,1524,16
1905,1545,17
1905,2199,17
1906,149,38
1906,205,16
1906,525,16
1906,621,18
1906,755,16
1906,1336,16
1908,1111,24
1908,1137,22
1909,36,13
1909,126,43
1909,270,39
1910,717,4
1910,681,34
1910,909,4
1911,42,13
1911,93,2
1911,78,13
1911,809,23
1911,1070,4
1911,1020,48
1911,1661,13
1913,188,55
1913,554,13
1913,569,18
1915,66,31
1915,213,31
1915,246,3
1916,1053,46
1917,76,30
1917,247,4
1917,482,34
1917,721,6
1917,1087,40
1918,135,13
1918,1011,20
1918,1586,11
1919,0,15
1920,43,28
1920,235,28
1922,42,15
1922,260,3
1922,243,15
1923,113,17
1923,267,17
1925,18,22
1925,199,22
1925,224,2
1925,251,2
1925,819,2
1925,1725,2
1926,150,16
1926,1897,11
1927,79,14
1927,1020,14
1927,1167,26
1928,111,21
1928,134,21
1928,157,3
1928,307,18
1928,364,12
1929,469,7
1929,491,23
1929,1446,7
1929,1468,23
1930,42,14
1930,148,17
1930,430,17
1930,595,17
1930,1048,17
1930,1257,17
1931,20,24
1931,95,24
1931,121,3
1931,598,7
1932,30,25
1932,57,3
1932,116,25
1932,143,3
1932,1377,21
1934,73,24
1934,511,24
1934,1697,24
1936,331,21
1936,355,3
1937,17,37
1937,84,37
1938,472,40
1938,558,29
1939,184,16
1939,323,2
1939,313,8
1939,433,24
1939,563,3
1939,1049,19
1940,56,11
1940,70,11
1940,519,11
1940,636,19
1940,670,17
1940,833,11
1940,1176,11
1941,100,43
1941,202,20
1941,704,6
1941,1061,6
1941,1717,14
1942,111,24
1942,168,3
1942,1309,25
1942,1698,3
1943,147,18
1943,167,2
1943,317,2
1944,23,12
1945,33,26
1945,98,26
1945,191,8
1945,1266,16
1946,109,29
1946,140,3
1946,644,3
1947,105,13
1947,538,13
1947,555,13
1947,808,3
1947,790,16
1947,1528,18
1948,46,18
1948,66,18
1948,86,2
1948,898,40
1949,19,26
1949,178,40
1949,398,16
1950,24,17
1950,120,19
1950,141,2
1950,220,42
1950,335,41
1950,400,17
1951,47,21
1951,197,14
1951,298,23
1951,849,41
1952,179,16
1952,334,27
1952,363,3
1952,1307,14
1955,112,13
1955,353,13
1955,368,2
1955,776,2
1956,62,3
1956,105,3
1956,1013,3
1957,244,31
1957,290,13
1957,574,18
1958,62,17
1958,112,4
1958,93,17
1958,1088,20
1958,1157,40
1958,1287,20
1959,87,28
1959,124,28
1959,154,3
1959,265,26
1959,1036,31
1959,1276,13
1960,0,66
1960,148,63
1960,278,19
1960,329,14
1960,395,15
1960,824,15
1961,115,25
1961,142,4
1961,505,5
1961,640,10
1961,967,5
1961,1067,5
1961,1187,5
1962,27,14
1962,62,30
1962,121,30
1962,262,24
1962,288,23
1962,351,21
1962,374,12
1962,471,16
1962,633,30
1962,751,14
1962,1015,14
1962,1040,7
1962,1339,14
1962,1524,14
1963,79,21
1963,102,3
1965,393,3
1965,365,26
1965,479,3
1965,727,24
1965,962,2
1965,995,2
1966,198,4
1966,164,32
1967,82,5
1967,277,5
1967,492,5
1967,612,2
1967,596,14
1967,883,4
1968,150,6
1969,74,23
1969,270,34
1969,416,31
1970,206,17
1970,557,17
1970,1356,20
1971,77,36
1971,115,3
1971,602,36
1971,640,3
1971,1148,7
1972,1419,14
1973,175,51
1973,615,15
1976,77,20
1977,0,22
1977,162,22
1977,186,3
1977,361,3
1977,617,30
1977,863,3
1977,1059,3
1977,1230,3
1978,74,24
1978,100,3
1978,115,28
1978,191,22
1979,297,6
1980,567,29
1980,1362,53
1981,0,11
1981,346,13
1981,477,13
1981,535,6
1981,563,6
1981,711,15
1981,738,13
1981,792,6
1981,956,6
1981,976,10
1981,990,22
1981,1052,6
1981,1063,21
1981,1106,15
1981,1437,6
1981,1562,6
1982,107,9
1982,438,26
1982,411,3
1983,165,7
1983,197,5
1983,1420,7
1984,10,22
1984,277,22
1984,302,3
1984,968,3
1984,1388,3
1985,102,22
1985,332,13
1985,592,44
1985,943,13
1986,84,12
1986,98,12
1986,133,15
1986,263,12
1986,317,17
1986,341,12
1986,466,12
1986,541,12
1986,662,12
1986,707,6
1986,1256,17
1986,1331,12
1986,1405,13
1986,1494,6
1986,1579,12
1986,1653,12
1986,1680,17
1987,2266,15
1988,0,11
1988,24,11
1988,37,2
1988,105,17
1988,592,6
1988,982,21
1988,1045,6
1988,1303,20
1988,1400,3
1989,140,44
1989,186,44
1989,233,4
1991,463,8
1991,886,31
1991,1144,26
1992,0,37
1992,121,13
1992,179,12
1992,255,37
1992,515,12
1992,587,45
1992,754,28
1993,45,28
1993,281,43
1993,388,35
1994,184,42
1994,248,11
1994,228,4
1995,45,35
1995,82,35
1995,119,3
1995,312,28
1996,166,18
1996,732,16
1996,1274,16
1997,55,17
1997,229,44
1997,278,9
1997,362,3
1997,369,37
1997,489,84
1997,942,17
1997,1089,9
1997,1610,9
1998,755,30
1999,36,21
1999,185,23
1999,356,29
1999,397,14
1999,542,38
1999,625,29
1999,656,64
1999,751,22
1999,800,13
1999,901,22
1999,939,20
1999,964,13
1999,1235,27
1999,1336,26
2001,34,20
2001,62,23
2001,156,25
2001,200,23
2001,225,3
2001,400,21
2001,510,21
2001,539,3
2002,197,50
2002,1183,14
2003,0,16
2004,207,3
2004,184,21
2004,326,12
2004,605,3
2004,780,3
2005,60,26
2005,88,26
2005,135,18
2005,116,3
2005,730,3
2008,23,26
2008,51,26
2008,79,4
2009,106,18
2009,139,18
2009,159,2
2009,194,18
2009,329,2
2009,459,2
2009,594,2
2009,1156,2
2010,0,14
2010,167,14
2010,1054,14
2011,110,21
2011,656,21
2011,679,3
2011,728,36
2012,25,27
2014,17,14
2014,142,14
2014,580,13
2014,887,43
2014,1418,14
2014,1527,17
2015,39,26
2015,67,36
2015,139,26
2015,167,3
2015,359,8
2015,407,29
2015,532,13
2015,547,22
2015,665,8
2015,689,8
2015,730,24
2015,800,7
2016,48,17
2017,451,35
2017,1213,23
2017,1255,17
2020,78,6
2020,558,18
2020,581,14
2020,668,6
2023,1504,3
2024,40,27
2024,69,3
2026,0,23
2026,25,33
2026,102,44
2026,498,24
2027,40,21
2027,63,3
2027,72,18
2027,343,3
2027,395,3
2027,437,6
2028,206,23
2028,231,21
2028,555,18
2028,822,20
2029,1,17
2030,0,48
2030,151,56
2030,209,5
2030,642,29
2031,11,16
2031,102,7
2031,159,18
2031,179,17
2031,216,8
2031,260,17
2031,500,16
2033,0,25
2033,177,18
2033,367,34
2034,61,14
2034,115,14
2034,147,6
2034,173,14
2034,191,12
2034,435,6
2035,58,22
2037,214,3
2037,184,28
2037,382,18
2037,430,24
2039,23,25
2039,50,3
2039,107,25
2039,134,3
2039,183,15
2040,39,27
2041,14,14
2042,0,22
2042,168,22
2042,192,2
2042,978,22
2043,4,55
2044,46,16
2044,124,16
2044,193,18
2044,625,18
2044,783,18
2044,851,15
2044,930,33
2044,1008,8
2044,1018,9
2044,1033,20
2044,1519,56
2044,1741,16
2045,218,14
2045,276,17
2045,430,27
2045,524,5
2045,612,5
2045,770,17
2047,18,12
2047,221,12
2048,116,8
2048,138,14
2049,60,8
2049,378,4
2049,689,8
2049,717,12
2049,969,8
2049,1036,4
2049,1067,8
2050,113,3
2050,91,20
2050,637,18
2051,367,29
2052,71,19
2054,52,27
2055,129,27
2055,265,27
2055,508,37
2055,811,3
2055,1082,3
2056,381,2
2056,374,5
2056,544,27
2056,727,27
2056,756,3
2056,847,33
2057,12,37
2057,55,37
2057,109,28
2059,29,14
2061,13,40
2062,22,25
2063,15,27
2063,44,27
2063,73,3
2063,90,26
2063,411,3
2063,752,3
2063,1077,3
2064,85,20
2064,107,20
2064,129,3
2065,172,2
2065,150,20
2065,334,2
2065,1112,2
2066,10,10
2066,85,20
2066,116,22
2066,178,16
2066,263,55
2066,572,20
2066,809,21
2066,898,19
2067,44,14
2067,172,6
2067,274,18
2067,354,14
2067,449,6
2067,668,14
2069,234,20
2069,256,3
2071,35,15
2071,190,29
2071,248,14
2072,223,3
2072,206,15
2073,661,22
2075,19,18
2075,73,18
2075,93,2
2075,113,40
2075,549,2
2075,591,2
2076,81,17
2076,484,20
2077,121,2
2077,99,20
2077,463,2
2077,729,2
2077,913,2
2077,973,2
2078,75,19
2078,207,2
2078,452,10
2078,543,2
2078,801,2
2078,884,8
2078,977,2
2078,984,2
2078,1425,2
2078,1432,2
2079,106,18
2080,0,59
2080,917,21
2080,940,4
2080,1065,21
2080,1088,4
2081,172,24
2082,0,34
2087,6,20
2087,32,17
2087,365,20
2087,389,26
2088,770,18
2089,60,39
2090,20,15
2090,125,2
2090,108,15
2090,508,2
2092,268,21
2093,0,17
2094,8,27
2095,72,24
2095,257,32
2095,305,16
2095,556,12
2095,584,14
2095,672,22
2096,52,41
2098,90,31
2098,165,31
2098,318,14
2098,334,18
2098,358,14
2099,1716,3
2099,1689,25
2101,9,25
2101,75,14
2101,102,12
2101,151,25
2101,193,23
2101,1081,14
2102,35,14
2102,212,14
2102,314,3
2102,282,30
2103,310,58
2103,370,8
2103,380,20
2104,59,17
2105,63,26
2105,202,16
2105,233,26
2105,479,26
2105,839,26
2105,1144,5
2105,1163,26
2106,5,15
2106,22,13
2106,137,13
2106,361,14
2106,389,13
2106,513,16
2106,787,13
2106,837,15
2108,703,2
2109,22,15
2109,142,15
2109,261,15
2109,544,15
2109,805,15
2112,88,14
2112,125,14
2112,509,6
2112,567,6
2112,610,6
2112,844,14
2112,941,14
2112,1070,9
2114,0,19
2114,251,3
2114,725,17
2114,806,13
2114,1044,3
2115,35,50
2116,0,27
2116,48,14
2117,1,30
2118,41,20
2118,63,3
2118,69,30
2118,101,3
2118,137,3
2120,99,63
2122,0,20
2122,32,20
2122,101,66
2122,245,16
2122,281,20
2122,500,20
2124,201,21
2124,224,3
2127,50,22
2127,195,5
2127,248,7
2127,535,6
2127,609,12
2127,732,5
2128,0,33
2128,76,24
2128,102,3
2128,304,26
2128,426,21
2128,449,12
2128,472,18
2128,637,20
2128,684,29
2128,715,4
2128,770,71
2129,0,13
2129,18,10
2130,290,41
2130,333,32
2130,701,51
2130,902,34
2130,947,33
2131,0,25
2131,73,15
2131,255,15
2131,625,32
2131,817,15
2131,1010,15
2132,31,24
2132,71,34
2132,359,34
2133,104,41
2135,158,22
2135,195,14
2135,256,19
2135,1595,25
2136,66,43
2136,120,63
2137,29,18
2137,110,18
2137,130,2
2137,437,16
2137,608,2
2138,32,15
2138,1114,17
2140,568,27
2140,597,3
2141,57,36
2141,153,75
2141,587,18
2143,57,2
2143,31,24
2144,43,27
2144,72,27
2144,174,21
2144,667,27
2144,763,16
2144,783,18
2145,19,18
2146,53,21
2147,160,55
2147,1082,12
2147,1409,23
2148,373,46
2149,22,26
2149,262,26
2149,775,15
2149,1256,15
2149,1355,15
2151,0,22
2152,368,51
2154,104,24
2154,130,3
2154,313,3
2154,416,3
2154,796,3
2154,961,3
2155,37,24
2155,372,6
2155,408,21
2157,28,7
2158,69,22
2158,148,22
2158,172,2
2158,408,2
2158,624,2
2159,275,23
2159,892,7
2159,1483,6
2160,12,22
2160,36,19
2160,60,17
2161,31,14
2161,237,24
2161,263,3
2161,320,3
2161,298,20
2161,923,14
2161,1232,14
2161,1341,14
2162,10,49
2162,76,9
2162,177,51
2162,683,21
2162,1310,12
2162,1542,30
2164,13,47
2164,82,58
2164,181,13
2164,221,20
2164,360,48
2164,784,12
2164,880,12
2164,2053,12
2164,2171,20
2165,31,19
2166,277,30
2166,640,5
2167,0,24
2167,296,16
2168,56,10
2168,183,10
2168,245,24
2168,286,14
2168,636,14
2168,833,14
2169,26,13
2170,16,44
2170,147,44
2170,273,25
2171,80,28
2172,173,40
2172,740,39
2173,0,20
2173,372,12
2174,32,39
2174,238,15
2175,1241,18
2175,2455,24
2176,202,28
2177,24,18
2177,63,18
2177,83,2
2177,326,2
2177,672,32
2179,41,33
2179,77,33
2179,395,16
2179,895,28
2179,1369,16
2179,1423,33
2179,1701,16
2180,0,47
2180,153,34
2180,268,23
2180,791,23
2180,880,32
2180,988,3
2180,1099,18
2180,1230,23
2181,0,44
2181,73,32
2182,68,14
2182,169,14
2182,225,32
2182,293,8
2182,369,14
2183,1080,27
2185,48,18
2185,179,27
2185,211,13
2186,16,20
2186,96,20
2187,0,20
2187,69,20
2187,564,16
2187,747,16
2188,0,42
2188,44,33
2189,0,22
2189,54,22
2189,78,3
2189,320,14
2189,450,15
2190,135,22
2190,1070,27
2191,76,14
2191,879,14
2192,265,15
2192,282,2
2192,949,40
2192,1108,27
2194,310,21
2194,345,17
2195,0,43
2195,96,35
2195,198,28
2195,439,9
2196,235,56
2196,339,17
2196,646,16
2197,20,33
2197,236,14
2197,340,33
2197,375,4
2197,1840,11
2198,0,21
2198,26,39
2199,183,42
2199,231,16
2200,0,26
2200,83,26
2200,323,30
2200,606,26
2202,161,59
2204,143,21
2208,41,20
2208,63,22
2208,147,18
2208,299,23
2208,435,22
2208,459,2
2208,508,18
2208,711,30
2208,1010,11
2208,1390,18
2208,1581,9
2208,1594,22
2208,1618,22
2208,1836,13
2208,1913,66
2208,2029,2
2208,2200,2
2208,2277,18
2209,16,22
2209,40,22
2209,64,3
2209,340,22
2210,0,16
2210,20,18
2210,84,36
2210,230,18
2210,339,18
2210,546,18
2210,592,18
2210,836,25
2210,1022,18
2211,327,20
2211,786,44
2211,963,22
2214,0,19
2214,42,22
2214,231,22
2214,255,3
2214,300,18
2214,320,3
2214,575,3
2214,740,3
2214,1185,3
2214,1220,3
2214,1441,3
2214,1592,3
2214,1719,3
2214,1796,3
2214,2036,3
2215,40,25
2217,62,35
2217,122,35
2217,159,3
2218,29,18
2218,51,22
2218,78,9
2218,214,18
2218,332,22
2218,356,2
2218,458,9
2218,496,2
2218,503,9
2218,542,2
2218,776,39
2218,817,4
2218,1314,13
2218,1465,13
2218,1598,22
2218,1698,24
2218,1836,13
2218,1904,13
2218,1965,2
2220,209,28
2220,239,3
2220,271,25
2221,27,14
2221,117,14
2221,900,5
2222,113,21
2222,136,3
2224,0,20
2224,25,20
2225,19,22
2225,59,45
2225,147,22
2225,188,45
2225,385,19
2225,558,6
2225,804,42
2225,932,45
2225,1215,22
2226,17,56
2226,75,56
2228,714,57
2229,101,37
2229,398,11
2232,0,35
2236,51,18
2236,73,45
2237,32,21
2238,97,11
2238,113,11
2239,0,43
2239,60,32
2240,19,26
2242,0,24
2243,45,8
2243,58,44
2245,11,8
2246,286,48
2249,23,28
2252,15,28
2253,31,24
2253,861,22
2253,974,24
2254,14,13
2255,24,17
2255,140,17
2255,177,14
2255,210,14
2255,274,13
2255,328,9
2255,378,6
2255,564,14
2255,611,17
2255,793,17
2255,816,45
2256,0,43
2257,75,14
2257,237,14
2258,107,20
2259,1,14
2261,80,14
2262,15,26
2264,42,35
2265,72,16
2266,77,29
2269,13,56
2270,40,38
2270,84,42
2274,0,66
2274,79,51
2276,26,44
2278,17,22
2278,152,22
2278,350,22
2279,13,6
2279,42,14
2279,168,14
2279,466,15
2279,649,5
2279,679,17
2279,720,16
2279,782,6
2279,835,6
2280,0,30
2281,0,22
2281,104,10
2286,93,43
2287,20,17
2288,4,28
2288,34,8
2289,28,47
2290,54,6
2293,187,23
2293,212,14
2293,228,14
2293,244,20
2293,279,12
2293,293,16
2298,23,57
2298,238,64
2298,901,3
2298,874,25
2299,79,22
2299,128,22
2299,152,2
2299,857,2
2299,965,2
