0,87,5
2,77,26
3,4,21
3,68,21
3,91,3
3,343,3
3,1554,3
5,65,36
6,8,24
6,568,15
9,53,12
9,67,13
9,1160,7
9,1350,12
9,1614,13
11,296,14
12,87,21
13,39,21
13,62,3
13,68,21
13,91,3
13,163,48
13,1430,3
14,53,19
15,74,15
15,370,15
15,1021,15
15,1819,12
15,2108,15
15,2711,15
18,374,3
18,345,27
19,1293,15
19,1547,14
20,1377,43
21,50,15
21,90,39
21,166,13
21,310,13
21,369,9
21,380,16
21,1154,12
23,31,30
23,79,19
23,229,3
23,197,30
23,244,16
23,466,16
23,507,17
23,763,19
25,0,28
25,97,12
25,149,3
25,119,28
25,111,2
25,250,19
25,301,27
25,358,26
25,432,3
25,971,9
25,985,18
25,1222,3
25,1290,12
25,1691,12
25,1708,3
25,1819,3
26,840,3
28,61,15
28,78,2
28,324,2
28,298,24
28,491,15
28,981,2
30,748,37
31,74,27
31,155,27
31,184,3
31,190,3
32,240,21
32,264,3
32,326,3
32,553,3
32,893,3
32,1769,3
35,51,7
35,719,6
35,806,6
35,1864,6
37,42,20
38,189,3
38,158,29
38,261,3
38,396,3
39,13,32
39,74,21
40,51,7
40,78,21
41,28,18
41,48,18
41,68,3
41,126,26
41,1247,40
41,1289,4
42,190,11
42,255,8
42,307,16
42,1062,11
43,339,17
43,497,14
43,1349,22
44,243,18
44,263,2
46,217,10
47,27,25
47,177,18
47,992,18
48,959,24
48,985,3
49,260,9
50,12,9
51,66,30
51,243,3
51,211,30
52,150,14
52,297,20
52,378,14
52,825,14
52,935,14
52,1914,14
53,979,3
54,105,21
54,128,2
54,521,2
54,1299,6
54,1324,2
55,12,17
56,75,27
56,536,27
58,18,20
58,215,18
58,245,20
58,339,10
58,634,20
58,665,24
58,851,20
58,940,20
58,1154,20
58,1313,20
60,67,35
60,104,35
60,141,3
60,1084,3
60,1430,15
62,31,43
62,131,18
62,645,18
62,835,18
62,1463,18
62,2134,18
62,2208,18
62,2758,27
62,2930,18
63,181,15
64,0,15
64,126,15
64,1193,3
65,110,28
65,140,28
65,170,3
65,292,3
65,519,3
65,799,26
65,849,3
66,1,31
66,99,31
66,132,3
66,172,28
66,274,3
67,158,28
67,188,3
68,90,4
68,148,40
68,57,31
69,52,18
69,124,44
71,0,24
71,165,39
71,687,3
71,755,3
71,829,3
71,1117,3
71,1347,21
71,1567,3
72,330,5
72,655,14
72,842,5
72,1456,6
73,55,13
73,79,13
73,94,3
73,323,20
73,345,5
73,438,3
73,988,3
73,1193,3
73,1483,14
73,1644,3
75,493,21
77,193,2
77,171,20
77,559,2
77,631,2
77,1622,20
78,254,2
78,232,20
78,1607,2
80,45,18
80,86,18
80,106,2
80,115,29
80,1459,2
80,1582,2
80,1624,2
80,1792,2
80,1901,2
81,322,30
81,1155,24
83,15,16
83,33,22
83,90,16
83,183,19
83,377,30
83,414,16
83,652,17
83,691,11
83,876,16
83,894,41
84,110,26
84,369,27
86,0,54
86,131,54
86,188,5
86,459,18
86,597,5
87,89,56
87,367,16
87,542,16
87,1077,16
87,1165,14
88,1465,13
89,337,28
89,1044,3
90,83,14
90,230,14
90,246,2
91,100,24
91,180,24
91,206,3
91,248,16
91,266,28
91,310,3
91,365,17
91,745,3
91,781,24
91,1090,3
91,1502,3
92,0,18
92,133,18
92,153,2
92,249,22
92,320,2
92,386,2
92,641,16
92,1155,3
92,1515,18
93,420,13
93,445,23
93,660,5
93,1860,5
94,292,16
94,384,14
94,422,18
95,342,3
95,703,3
95,1244,3
96,0,16
96,68,16
96,97,16
96,673,16
98,208,33
98,733,5
98,1236,33
99,280,3
99,288,18
99,250,28
99,1356,3
100,55,27
100,135,6
100,378,5
100,414,17
100,467,27
100,496,3
100,1438,6
101,57,29
101,88,29
101,119,5
101,394,5
101,847,5
101,1301,5
101,1853,5
103,99,25
103,126,19
103,147,4
104,56,20
104,237,24
105,143,10
105,159,15
105,422,10
105,850,10
106,1180,16
106,2238,14
107,604,5
107,1323,14
107,1582,6
107,2078,12
109,181,24
109,217,8
109,368,3
109,417,18
109,735,12
109,921,12
110,14,26
110,98,26
110,126,2
110,185,10
110,197,2
110,428,9
112,38,24
112,73,20
112,370,20
112,392,3
112,402,12
112,464,3
112,435,27
112,1540,24
113,86,17
113,165,26
113,795,17
114,623,19
117,371,21
119,133,16
119,2413,34
120,146,21
123,202,17
124,632,16
124,1133,3
124,1104,27
125,44,17
126,142,27
126,171,3
126,329,3
127,1261,9
128,4,23
128,182,3
128,265,3
128,276,3
128,466,3
128,566,3
128,688,3
128,748,16
128,769,3
128,1394,3
128,1497,3
128,1886,3
129,168,51
129,424,17
129,517,14
129,632,15
129,1032,14
129,1200,14
129,1287,14
129,1837,14
129,1975,14
130,121,26
130,149,2
130,231,2
130,318,3
130,284,32
130,1262,2
131,73,21
131,587,52
131,641,4
131,646,3
131,895,4
132,1007,8
135,68,28
135,98,3
135,344,3
135,414,35
137,0,24
137,99,24
138,56,21
138,167,3
138,988,3
139,82,36
140,174,17
141,305,19
141,1657,33
142,515,16
142,1677,21
143,96,22
143,205,34
143,346,24
143,1748,41
143,1849,15
144,39,25
144,100,35
146,47,25
146,494,9
146,540,14
146,746,14
146,984,12
147,0,17
147,101,34
147,202,24
147,324,20
149,119,5
149,206,20
149,485,15
149,504,24
149,1176,26
149,1275,14
150,72,15
150,289,15
151,85,18
151,105,18
153,332,6
155,444,8
155,454,27
156,35,20
156,67,14
157,23,23
157,50,30
157,278,3
157,715,23
157,863,19
157,1429,8
157,1566,8
157,1672,21
159,31,6
159,109,15
159,257,15
159,353,6
160,73,24
160,141,24
160,171,24
160,197,3
160,276,24
160,368,3
160,1078,24
161,430,14
161,775,11
163,206,15
166,28,8
166,188,3
166,263,8
166,177,9
168,28,25
168,143,25
168,638,25
168,1659,17
170,120,21
170,143,40
170,665,21
172,775,3
172,734,39
173,231,16
174,156,15
174,2045,26
176,438,9
176,510,10
176,449,3
176,522,4
176,1258,34
177,152,29
177,453,13
177,468,2
178,36,21
178,204,3
178,1559,3
179,97,7
179,324,5
179,848,17
180,186,26
180,227,3
180,1412,3
181,46,25
181,80,16
185,440,25
186,26,17
186,159,18
186,416,3
186,505,10
186,384,30
186,694,17
186,1094,3
186,1288,17
186,1454,6
186,1681,3
187,93,28
187,123,3
187,134,27
187,473,3
187,786,3
188,0,18
188,126,18
188,146,2
188,787,2
188,930,2
189,81,13
190,196,14
190,212,2
190,478,21
190,1194,12
191,159,5
192,78,23
192,103,14
192,160,5
192,119,2
192,286,3
192,370,39
192,258,26
193,115,9
193,126,26
193,154,3
193,189,24
193,348,20
193,526,9
193,800,41
193,861,12
193,1150,12
193,1334,20
194,427,24
194,703,21
194,1016,13
194,1664,13
194,1938,13
195,68,14
195,137,13
195,927,13
195,1194,25
197,87,37
197,1419,19
198,333,21
200,69,6
201,124,21
202,327,13
203,15,32
203,171,12
203,208,35
203,245,3
203,295,19
203,319,10
203,370,12
203,485,12
203,1336,17
204,57,9
204,110,9
204,146,20
204,343,19
204,403,9
204,437,17
204,768,32
205,4,33
205,693,33
205,729,4
205,879,4
206,932,23
206,957,3
206,969,9
206,1067,9
207,964,6
209,102,15
209,1582,24
210,379,21
210,402,2
211,325,3
211,295,28
211,893,3
211,1308,19
212,0,14
212,503,14
212,929,5
213,239,12
214,171,12
215,33,28
215,184,13
215,326,28
215,394,13
215,900,24
215,1520,28
215,1556,13
216,173,7
216,422,2
216,398,22
217,151,26
217,1442,23
217,1581,24
217,1698,15
218,116,28
218,146,3
218,372,17
218,402,2
218,390,10
218,530,3
218,803,3
220,91,14
220,116,28
220,107,3
221,32,85
221,136,59
221,245,28
221,335,10
221,1216,13
221,1300,13
221,1393,13
222,225,2
222,203,20
224,212,16
224,236,12
224,357,3
224,455,3
224,572,3
224,1195,5
225,2035,5
225,2061,4
226,99,26
226,265,13
226,509,25
226,620,24
226,681,13
226,789,14
226,1537,25
226,1924,25
227,229,36
227,267,4
228,73,21
229,162,15
229,383,20
230,86,17
230,142,17
230,161,3
230,1000,3
231,16,18
231,97,18
231,1196,18
232,74,14
233,1315,18
235,120,29
235,174,20
235,300,20
236,286,18
236,306,2
236,311,2
236,1681,2
237,155,17
237,202,4
237,227,17
237,333,3
237,484,3
237,625,3
237,1237,3
237,1636,3
239,175,14
239,191,3
240,189,3
240,142,45
240,349,9
240,952,3
240,1582,3
242,196,19
242,696,14
242,1209,14
243,67,21
243,154,21
243,177,3
243,186,17
243,205,2
243,280,3
243,441,20
243,466,18
243,838,3
244,278,4
244,242,34
245,46,37
245,152,39
248,43,21
248,442,3
248,851,3
252,78,18
252,377,20
252,1059,18
253,0,14
253,235,14
253,722,7
253,742,13
253,999,14
255,81,18
255,128,18
255,149,2
255,270,2
255,447,2
255,764,2
255,1261,18
256,385,5
258,135,2
258,114,19
258,278,26
258,578,28
259,700,3
259,776,3
260,209,24
260,470,12
260,648,15
260,1115,12
262,53,42
262,580,28
262,947,20
263,1395,28
264,271,3
264,591,3
264,1478,3
265,82,3
265,354,3
265,482,39
265,523,3
266,733,6
267,0,35
267,185,35
267,222,3
268,259,31
268,292,3
268,340,3
268,314,24
269,108,35
269,255,42
269,145,3
269,1384,18
270,141,2
270,351,35
271,168,13
271,606,13
272,0,22
272,206,3
272,182,22
272,452,14
272,663,3
272,1266,3
272,1373,3
272,1404,3
272,1621,3
273,375,24
273,401,3
273,577,28
273,607,4
273,1110,3
274,81,5
274,58,21
274,116,32
274,150,3
274,411,3
274,825,32
275,94,18
275,293,4
275,845,2
275,1296,2
276,94,20
276,198,20
278,199,21
280,353,16
280,381,14
280,400,25
280,1159,3
282,107,26
282,286,26
282,726,15
283,142,25
283,254,29
283,479,26
283,823,4
283,1123,28
283,1155,26
283,1351,4
284,445,13
285,1571,4
286,156,2
286,134,20
287,438,16
287,579,39
287,687,15
287,1392,15
289,566,26
289,696,3
289,936,15
289,1017,6
290,218,21
290,324,32
290,974,23
290,1070,7
290,1599,13
291,116,25
291,357,25
291,1050,25
292,91,15
292,108,3
292,117,28
292,507,15
294,107,4
294,86,19
295,78,25
295,123,25
295,162,3
296,112,39
296,153,4
297,18,18
297,189,16
297,320,14
297,437,15
297,997,15
298,241,5
299,62,3
299,299,3
299,471,11
302,200,57
302,527,16
303,0,20
304,303,10
305,172,36
306,2018,3
307,21,13
307,104,23
307,611,19
307,962,19
308,0,28
308,30,28
308,60,3
308,318,3
308,612,3
308,643,21
308,814,11
308,1052,17
309,58,3
310,277,23
310,302,3
310,588,2
310,567,19
310,780,30
310,812,3
310,818,3
310,862,2
310,842,18
310,984,3
310,1144,6
310,1394,27
310,1423,2
311,146,3
311,156,16
311,125,19
311,880,3
311,862,16
311,1069,3
311,1606,14
312,35,26
312,63,3
312,171,26
312,199,3
312,271,4
312,767,3
312,991,4
312,1636,27
313,73,25
313,135,25
313,925,25
313,1363,5
316,1735,21
317,91,23
317,207,23
317,657,23
317,685,37
317,928,14
317,955,18
318,796,4
319,716,21
319,739,2
320,136,24
320,211,22
320,1143,24
320,1347,24
321,167,7
321,253,35
321,1121,16
321,1334,18
322,92,5
322,882,20
322,1501,13
323,43,20
323,98,33
323,287,14
323,1219,20
324,153,13
324,317,23
324,519,37
326,84,24
326,398,24
327,90,18
327,111,2
327,229,2
327,748,2
330,102,9
330,530,22
330,555,38
330,686,14
330,1854,2
330,1874,3
330,2185,14
330,2902,2
332,0,36
332,52,25
332,86,25
332,113,2
334,33,18
334,146,18
334,545,18
334,1134,18
335,17,21
335,396,21
335,419,3
335,1587,3
337,1125,30
337,1157,5
337,1410,12
338,162,15
338,321,26
338,349,3
338,441,3
338,562,3
338,1035,3
338,1336,15
338,1939,15
338,2203,15
338,2359,15
339,757,16
340,171,30
341,114,19
341,135,24
342,41,4
346,588,22
347,61,24
347,91,24
347,117,3
347,342,3
348,72,13
348,197,35
348,399,36
348,507,26
348,544,13
348,852,13
348,891,14
348,1500,25
349,109,18
349,129,2
349,1084,2
350,159,26
350,188,4
350,195,24
350,415,4
350,553,4
350,661,4
350,946,4
352,77,26
353,89,6
353,100,15
353,130,4
354,246,6
354,2148,5
355,51,18
355,107,21
355,186,16
355,204,49
355,256,6
355,420,15
355,471,21
355,584,15
355,624,13
355,879,25
355,1718,16
355,1807,5
355,1819,17
355,2060,5
356,285,2
356,268,15
357,549,39
358,71,23
358,557,2
358,532,23
359,334,29
359,365,2
359,418,30
360,26,16
360,44,16
360,62,3
360,205,3
360,721,23
360,853,18
360,911,18
362,11,25
363,255,6
363,310,17
363,954,17
365,159,23
365,184,35
365,221,3
365,770,8
365,1996,27
366,26,18
366,46,18
366,67,2
366,414,2
366,486,2
366,939,2
366,1004,2
367,2197,3
368,0,37
368,96,17
368,117,26
368,182,15
368,363,10
368,433,26
368,519,26
368,558,10
368,641,17
368,724,17
368,1041,26
368,1132,26
368,1208,26
368,1236,2
368,1317,26
368,1385,26
368,1834,26
371,55,16
371,79,44
371,216,18
371,325,16
371,489,18
372,106,28
372,149,28
372,207,18
372,227,2
372,1189,3
372,1339,3
372,1837,32
373,533,5
373,1080,26
373,1533,28
374,86,4
374,167,3
374,65,19
374,143,22
374,438,4
375,1744,36
376,44,15
376,81,15
376,98,3
376,176,3
376,532,3
376,621,3
378,92,22
378,116,22
378,140,3
378,934,2
379,52,29
379,271,14
379,526,9
380,0,21
380,40,9
380,54,8
380,64,21
380,87,2
380,257,2
380,358,2
380,491,2
380,1298,2
380,1435,2
380,1594,2
381,66,16
381,86,12
381,299,15
381,461,15
381,766,16
381,1880,16
381,1900,12
383,88,15
383,1394,15
384,35,15
384,337,15
384,604,26
384,632,3
384,735,15
384,1246,3
384,1957,15
385,136,22
385,160,3
385,955,3
387,43,20
387,137,12
387,1792,12
390,39,21
390,320,13
390,949,9
391,113,19
393,208,21
393,231,3
393,247,17
393,266,2
393,397,14
394,131,15
394,293,15
394,599,15
394,656,18
394,1521,15
394,1750,15
395,145,15
395,162,2
396,227,37
397,114,5
397,151,7
397,730,14
398,212,3
398,181,29
400,494,50
400,546,2
400,1419,2
401,256,18
401,310,7
402,94,8
402,133,8
402,683,8
403,0,28
403,72,3
405,112,15
405,129,2
408,147,17
408,275,17
408,612,19
408,905,19
410,82,34
410,121,21
410,156,15
410,173,2
410,295,22
410,784,17
410,803,2
412,66,3
412,43,21
412,305,20
412,1808,3
415,605,28
415,1315,21
415,1906,17
416,50,15
416,124,15
416,141,3
416,253,3
416,442,3
416,613,3
419,0,29
419,367,31
419,841,18
421,25,22
421,49,22
421,73,3
421,206,3
421,515,3
421,739,15
421,874,3
422,1983,13
423,1195,2
424,32,20
424,85,20
425,216,22
425,1714,29
425,1943,56
427,315,31
427,371,28
427,822,22
427,862,25
427,1716,13
431,447,13
432,310,14
432,501,32
432,780,18
432,945,11
433,46,16
433,106,16
433,409,16
433,610,16
433,949,15
433,1707,17
434,86,27
434,115,3
434,269,3
434,1285,25
435,238,20
435,1014,19
438,91,20
438,113,5
438,528,18
440,0,44
440,262,2
440,661,14
440,1036,15
440,1191,2
441,766,3
441,736,28
441,1326,3
441,1352,18
441,1810,18
441,1830,2
441,1960,2
441,2516,14
442,0,28
442,30,3
442,122,28
442,152,3
442,254,17
442,559,3
442,675,11
442,774,19
442,1163,13
442,1522,11
442,1570,3
442,1627,13
442,1676,11
442,1702,18
442,1778,18
442,1987,3
442,2008,3
443,45,17
443,272,2
443,296,26
443,324,3
443,248,22
443,703,2
443,744,2
443,1367,15
443,1434,18
443,1533,2
443,1938,28
443,2203,29
443,2493,9
444,164,21
444,256,6
444,422,15
447,71,34
447,107,4
447,1445,5
448,54,36
448,274,24
448,369,36
448,407,4
448,568,16
449,159,15
450,30,3
450,64,24
450,90,24
450,116,3
450,177,19
450,367,3
451,483,21
451,1177,25
451,1340,13
451,1486,13
452,13,14
453,458,16
453,477,3
453,558,36
454,39,15
454,86,24
454,143,27
454,308,15
454,388,24
454,476,24
454,890,15
454,1129,24
454,1339,24
454,1444,24
455,68,24
455,129,24
455,155,3
455,536,3
455,1732,3
456,143,36
456,269,36
456,307,4
457,20,14
457,36,2
457,159,14
457,176,2
457,234,2
457,995,2
458,40,21
458,99,21
458,123,3
458,241,6
458,488,17
458,1090,3
458,1333,29
459,0,37
459,92,23
459,218,16
459,343,27
459,587,25
459,810,36
459,914,23
459,1098,23
460,231,10
460,374,2
460,326,9
460,678,2
461,137,17
461,298,17
462,892,9
463,451,17
464,165,21
464,211,21
464,234,3
464,593,3
464,884,3
464,941,2
464,925,14
464,1148,3
464,1586,3
464,1643,3
464,1759,3
464,1825,7
465,123,25
466,308,21
467,66,15
467,320,15
467,834,15
467,965,15
468,82,26
468,115,32
469,48,21
469,131,3
469,108,21
469,687,21
469,733,3
469,795,3
470,0,44
470,90,51
470,499,16
470,517,3
470,540,15
470,1122,15
471,41,3
471,172,25
471,199,3
471,314,30
471,364,3
471,534,3
471,657,3
471,780,3
471,977,14
471,1232,3
471,1275,5
471,1296,14
471,1322,5
471,1416,3
471,1663,14
476,145,21
476,199,13
476,229,3
478,124,16
478,250,35
479,95,26
479,124,2
481,138,8
481,148,25
481,243,21
481,480,8
483,118,40
483,188,35
483,236,18
483,225,4
483,930,40
483,983,39
483,972,4
483,1024,5
483,1988,4
483,2278,4
483,2334,4
483,2440,4
484,16,3
484,75,35
484,147,3
484,178,30
484,301,3
484,528,21
484,738,21
484,779,28
484,958,3
484,1070,3
485,145,16
485,601,18
485,1306,3
486,48,15
486,71,20
486,127,29
486,204,6
486,494,14
487,0,22
487,24,22
487,48,3
487,59,40
487,252,3
488,0,16
488,64,14
488,80,14
488,376,24
489,86,28
489,116,3
489,433,26
489,463,3
489,1348,3
490,398,25
491,190,21
493,0,39
493,63,24
493,204,4
493,163,39
493,329,20
493,387,23
494,56,37
495,95,32
495,762,16
495,1092,19
495,1366,16
496,372,2
496,348,22
497,34,25
497,62,3
497,222,3
497,1035,3
498,8,15
499,69,24
499,99,24
499,125,3
499,212,3
499,520,3
500,189,21
500,748,7
500,903,14
501,786,16
503,314,30
503,435,23
503,720,13
503,819,14
503,901,18
503,945,23
504,1115,3
504,1064,49
505,41,24
505,67,3
505,199,24
505,225,3
505,431,3
505,544,3
505,969,3
505,1569,3
505,1677,3
506,0,8
506,70,11
506,83,8
506,325,11
509,52,25
510,70,15
510,206,15
510,251,15
511,4,23
511,126,3
511,168,13
511,94,30
511,215,3
511,242,11
511,316,3
511,365,12
511,428,3
511,613,3
511,1064,3
511,1093,12
512,26,16
512,44,16
512,62,3
512,283,4
512,698,18
512,831,4
512,842,4
513,271,26
513,299,2
513,1274,15
514,48,17
515,498,26
515,647,13
515,666,15
515,688,16
516,556,21
516,581,20
516,879,6
518,104,21
518,128,2
518,350,2
518,1154,2
520,78,13
520,729,13
520,894,13
520,1522,14
520,1584,13
521,230,3
521,277,34
521,200,28
523,93,29
523,178,5
523,147,29
523,380,3
523,357,21
523,392,3
523,443,26
523,471,4
523,496,3
523,643,17
523,691,3
523,662,27
523,926,5
523,1043,3
523,1380,5
524,461,22
524,485,3
524,688,28
524,718,3
524,1027,3
524,1128,3
524,1313,9
525,37,13
525,101,12
525,694,13
525,968,25
525,1074,13
527,425,20
527,510,13
527,559,13
527,666,13
527,1007,13
528,365,6
529,222,2
529,200,20
529,1468,3
530,81,30
531,75,54
531,131,54
531,187,5
531,476,5
533,105,48
533,257,48
533,456,13
533,516,13
533,609,13
533,743,13
533,1357,13
533,1453,33
533,1515,13
534,54,26
534,216,36
534,917,16
535,75,18
536,106,21
536,203,22
536,227,27
536,129,3
536,664,2
536,651,11
536,740,3
536,1209,3
537,59,19
537,339,10
537,816,10
538,530,12
538,544,12
538,568,18
538,1571,12
539,657,3
540,651,21
540,1576,24
540,1691,13
541,95,28
541,165,17
541,184,3
541,322,9
541,409,3
541,558,22
541,754,6
541,1057,3
541,1145,22
541,1304,3
541,1390,3
541,1581,3
542,104,21
542,127,21
542,150,3
543,178,3
543,227,3
543,153,23
543,306,3
543,673,3
543,808,10
543,2377,23
543,3246,3
543,3441,20
543,3651,3
543,3741,12
545,22,28
546,299,16
546,457,3
546,422,33
547,49,18
547,211,22
547,235,3
547,556,22
547,593,35
547,643,39
547,630,4
547,684,5
547,1182,3
547,1845,3
548,109,28
548,139,3
548,345,3
551,589,13
551,718,14
552,108,12
553,117,10
553,140,46
553,652,14
555,100,25
555,142,52
555,1732,15
555,1787,15
556,0,26
556,482,26
557,0,26
557,219,13
557,388,24
557,881,21
557,1078,15
558,453,33
559,717,23
559,1304,31
559,1353,23
560,0,49
560,675,21
560,791,21
560,891,34
561,48,21
561,107,21
561,131,3
561,266,3
561,1019,3
561,1111,3
562,408,22
562,528,21
563,19,7
563,347,18
563,850,18
563,959,7
565,621,15
565,2199,15
566,135,3
566,111,22
566,238,5
566,601,3
566,687,5
566,636,49
566,1781,3
566,2020,3
567,178,25
568,214,20
569,67,13
569,85,12
569,450,13
569,480,6
569,767,9
569,810,3
569,784,24
569,1388,3
569,1449,9
569,1588,19
569,1970,13
572,120,14
572,277,14
572,293,2
572,329,2
572,523,2
572,698,2
574,720,18
575,185,22
576,266,25
576,509,13
576,580,19
576,601,3
576,719,13
576,787,17
576,814,14
578,24,29
578,55,3
578,101,29
578,132,3
578,142,27
578,358,3
579,69,18
579,89,2
579,339,2
579,531,2
579,1373,2
580,46,29
580,77,29
580,233,21
580,804,29
580,1077,2
584,254,3
584,446,3
584,504,17
584,622,3
584,773,3
584,891,3
584,1049,3
584,1128,3
584,1431,3
584,1546,3
584,1646,3
584,1725,3
585,153,21
585,379,20
585,401,21
586,1489,17
588,24,17
588,124,17
589,1508,15
590,0,33
590,72,33
590,107,4
590,377,20
590,830,4
590,1115,15
591,42,3
591,10,30
591,222,3
591,287,3
591,194,26
591,255,30
591,615,3
591,780,3
591,972,8
591,1074,15
591,1153,11
591,1255,18
591,1275,4
591,1497,18
594,12,48
594,124,31
594,157,2
594,199,42
594,1078,5
594,1191,25
594,1410,2
594,2151,2
594,2155,24
594,2181,12
594,2213,12
596,700,18
596,722,6
596,1409,22
597,261,25
598,8,19
598,128,20
598,150,2
598,180,19
598,281,19
598,384,19
598,500,19
598,1032,19
598,1268,19
598,1567,2
598,1635,19
598,1756,19
599,89,8
599,209,8
599,1394,8
599,1625,8
600,38,18
600,139,2
600,152,39
600,359,2
601,648,35
601,1044,5
601,1063,5
601,1232,19
602,12,15
604,251,2
604,224,25
604,763,17
605,53,17
605,72,3
605,131,3
606,24,35
607,47,35
607,87,35
607,124,3
607,378,20
607,1167,19
608,1167,15
609,26,14
609,244,3
609,217,25
609,448,18
609,1071,28
609,1164,29
609,1313,19
609,1512,18
609,1931,22
610,624,19
610,2086,22
612,373,13
613,201,22
613,225,3
613,294,3
613,497,4
613,1047,9
613,1079,4
613,1102,4
613,1159,20
613,1254,4
613,1691,3
614,97,20
614,274,15
614,119,3
615,240,20
615,896,3
615,1135,9
617,266,14
618,154,5
620,130,6
620,65,63
620,800,6
621,133,21
622,0,15
622,71,15
622,435,18
622,459,30
622,663,15
624,162,3
624,145,15
624,798,24
624,1740,3
625,42,33
625,77,28
625,107,3
625,116,33
625,151,4
625,411,29
625,452,15
625,645,3
626,69,22
626,288,2
626,264,22
626,910,22
626,1899,2
628,153,17
628,172,4
628,1183,4
629,361,39
629,402,4
629,1219,36
631,42,21
631,152,21
631,176,3
631,241,28
631,655,3
631,1105,3
631,1214,29
631,1316,5
632,283,28
632,313,3
632,657,3
632,1693,3
633,89,18
633,331,18
633,394,27
633,423,3
633,429,25
633,456,3
633,466,29
633,497,3
633,1127,10
633,1306,3
633,1560,3
634,150,20
635,29,22
635,104,22
635,128,3
635,346,3
635,857,3
637,293,36
637,575,20
637,597,16
637,679,18
637,747,16
637,1240,16
638,506,25
638,572,10
638,903,14
638,1020,17
639,0,17
639,180,3
639,152,26
639,216,30
639,1338,13
639,1517,21
640,108,4
640,72,34
640,427,9
640,717,4
640,778,28
640,840,18
640,977,19
640,1138,35
640,1404,9
640,1732,9
640,1904,14
642,1126,14
643,491,39
643,532,4
646,109,36
646,148,12
646,387,20
646,430,15
646,629,36
646,694,16
647,29,28
647,59,14
647,87,48
647,137,7
647,75,2
647,266,14
647,706,17
647,973,12
647,1216,17
649,150,30
649,204,17
649,335,6
649,645,6
649,697,13
650,193,3
650,161,30
652,252,17
652,412,5
653,597,3
653,864,17
653,1215,3
653,1220,26
654,498,25
655,147,16
655,576,14
655,672,13
655,1218,13
656,193,3
657,770,20
658,1128,15
662,53,27
662,103,27
662,132,3
663,86,27
663,115,3
663,124,25
663,151,3
663,261,3
663,586,3
663,611,3
663,699,3
663,828,10
663,978,23
663,1003,43
663,1198,3
665,57,27
665,110,27
665,139,3
665,459,3
665,690,3
665,741,3
666,12,27
668,42,35
668,333,35
668,371,3
668,652,3
668,970,3
669,11,26
672,24,3
676,0,20
676,118,33
676,153,4
676,250,27
676,279,3
677,149,14
678,16,44
679,58,22
680,31,17
680,110,27
680,577,8
680,752,8
680,827,8
680,886,24
681,74,15
681,188,15
681,676,15
681,917,15
682,31,25
682,118,25
682,214,22
682,241,25
682,145,4
682,1073,4
683,34,3
683,52,17
683,75,3
683,132,30
683,210,15
683,80,26
683,295,3
683,801,7
685,119,27
685,148,3
686,19,20
688,0,17
688,64,15
690,81,19
691,102,15
691,142,15
691,159,3
691,242,3
691,847,3
691,1233,12
691,1386,3
692,23,44
692,155,25
695,68,24
695,156,17
695,548,6
695,691,6
695,808,13
695,1277,12
695,1996,28
695,2225,53
696,258,4
696,231,25
697,199,16
697,939,6
697,948,13
698,143,33
702,91,18
702,134,18
702,155,2
702,1257,2
703,110,3
703,120,5
703,82,26
703,616,17
704,259,4
704,228,29
704,1110,13
705,4,18
707,68,3
708,112,28
708,142,3
708,153,34
708,1666,3
709,155,25
709,378,21
709,401,3
710,283,3
710,251,30
710,549,3
710,643,3
710,1051,3
712,20,26
712,57,26
712,85,3
712,243,3
712,296,3
712,863,3
712,937,3
713,89,24
713,115,3
713,221,16
713,1370,3
713,1702,16
713,1720,17
713,1754,18
713,1881,14
714,62,21
714,166,21
715,23,14
715,182,14
715,513,14
716,802,16
717,48,32
717,350,15
717,367,3
717,574,3
717,583,26
717,611,3
717,906,3
717,1269,3
717,1310,3
717,1970,3
718,193,22
719,499,26
719,527,3
720,124,15
720,993,10
720,1042,24
720,1161,23
720,1569,23
720,1748,24
721,102,14
721,130,16
722,48,16
722,218,16
722,239,27
722,293,16
723,325,19
724,135,20
724,157,3
724,498,3
724,479,17
724,581,12
724,698,16
724,806,11
724,1072,7
724,1090,3
724,1353,9
724,1430,3
724,1490,10
724,1618,3
725,155,3
725,163,3
725,282,3
725,1107,4
725,1320,3
725,1347,3
725,1466,3
725,1582,3
726,401,20
727,0,37
727,41,21
727,131,3
727,108,21
727,197,7
727,401,3
727,1035,3
727,1178,3
727,1269,3
728,160,19
729,131,28
729,161,28
729,731,28
729,1168,15
729,1531,28
729,1745,28
731,314,2
731,705,2
732,237,15
734,141,16
734,283,40
734,325,6
734,1491,3
734,1463,26
734,1815,6
734,1963,14
736,0,10
736,172,5
736,132,38
736,891,37
736,930,19
736,964,14
737,767,21
738,53,20
738,98,20
738,120,3
739,59,21
739,82,3
739,364,3
739,457,3
739,601,3
739,1455,3
739,1881,3
739,1969,3
740,73,16
740,223,18
740,243,3
740,330,3
740,496,3
740,849,3
740,1347,3
740,1520,16
740,1578,3
742,1655,16
743,82,18
743,153,18
743,449,18
743,770,18
743,928,17
743,1343,18
744,322,68
744,434,48
745,15,14
745,124,15
745,232,15
745,372,2
745,350,20
745,480,5
745,569,14
745,1084,5
745,1344,12
745,1676,11
745,1809,5
746,253,20
746,1046,38
748,1378,27
749,91,17
749,110,17
749,129,4
749,1094,4
751,288,14
754,22,12
755,67,13
755,97,13
755,291,22
755,338,13
755,430,13
755,576,13
755,603,13
755,744,3
755,903,3
755,1214,13
755,1312,13
755,1626,13
755,1787,13
755,1940,13
757,464,12
757,1600,12
759,4,18
759,211,20
759,271,9
760,70,51
761,260,20
761,332,30
762,138,28
762,168,3
762,178,29
762,346,17
762,791,7
762,887,3
762,924,3
762,1283,3
762,1627,11
763,40,22
763,64,22
763,88,3
763,99,27
763,273,3
763,483,3
763,509,3
763,654,3
763,878,3
763,987,3
764,52,37
764,101,38
764,183,26
765,952,2
765,1387,13
765,1402,3
765,1651,3
766,63,31
766,100,38
766,255,11
766,349,17
766,429,11
766,489,3
766,701,11
766,1353,9
766,1398,22
766,1576,11
766,1626,11
766,1941,28
766,2004,11
766,2108,11
766,2201,11
766,2276,11
766,2359,11
766,2521,10
767,778,23
767,927,42
767,1098,21
769,1324,14
770,31,10
770,87,12
770,421,18
772,92,18
772,140,18
773,171,3
773,205,19
773,143,26
773,558,3
773,544,12
773,1377,20
774,48,13
774,67,34
774,103,4
775,866,32
775,900,3
775,1557,6
775,2080,18
775,2292,18
775,2420,6
775,4531,6
775,4654,6
775,5639,20
775,5661,18
775,6474,6
776,137,17
776,156,3
776,224,3
776,233,41
776,192,30
776,276,5
776,461,3
776,778,3
776,953,17
777,30,22
777,100,22
777,124,3
777,429,3
777,837,3
777,1001,3
778,104,18
778,124,2
778,312,2
779,92,13
779,229,22
779,318,16
779,1301,7
780,48,39
780,494,4
781,43,25
781,215,25
781,242,3
782,59,15
782,134,15
782,428,15
783,194,5
784,10,17
785,50,18
785,281,18
785,312,4
785,441,18
785,1063,4
786,17,20
786,55,20
786,77,3
786,299,24
786,506,18
788,198,15
788,215,14
788,528,5
788,1006,14
788,1094,5
788,1281,14
788,1569,6
788,1863,14
788,2136,14
789,123,16
789,191,23
789,400,26
790,204,8
790,349,17
790,369,3
790,753,3
790,1136,3
791,103,18
791,135,18
791,155,2
791,202,15
791,219,5
791,230,14
791,412,13
791,887,18
791,1183,5
791,1132,49
793,0,22
793,48,22
793,73,3
793,360,3
793,568,3
794,55,3
794,199,9
794,414,15
794,553,9
794,985,3
794,1010,8
794,953,30
794,1045,3
794,1312,9
796,38,15
796,79,15
796,383,15
796,814,15
796,1335,15
797,212,13
797,288,36
797,327,3
797,738,25
797,805,23
797,906,19
797,938,21
799,63,18
799,172,15
799,377,15
799,440,9
799,781,20
799,899,18
799,1062,15
799,2115,18
799,2355,15
799,2485,15
800,0,25
800,103,25
800,198,25
800,587,24
800,646,13
800,664,21
800,707,15
800,800,12
800,973,25
801,126,35
801,1480,13
802,12,46
802,111,35
802,151,35
802,188,3
802,505,16
803,236,12
803,364,20
803,1288,16
807,149,22
807,173,3
807,388,3
807,411,3
807,687,3
807,1114,3
807,1649,3
809,61,17
809,907,17
811,793,24
812,474,13
813,219,26
813,654,21
813,677,3
813,849,14
814,19,6
814,31,22
815,274,36
817,203,2
817,179,22
818,63,36
818,151,19
818,218,35
818,777,36
818,1073,36
818,1122,36
818,1556,36
818,2285,35
819,129,6
819,658,6
819,707,6
819,890,24
819,1069,6
819,1354,6
819,1642,5
819,1580,60
821,121,9
821,184,20
821,391,2
821,424,3
821,399,23
821,369,20
821,1461,10
821,1876,3
821,2182,2
821,2669,27
822,302,35
822,339,4
823,40,13
823,1636,13
823,1788,13
824,0,26
824,929,16
825,0,24
825,45,24
825,284,24
825,674,24
825,855,24
825,987,24
825,1079,24
825,1182,24
825,1326,18
825,1518,24
827,142,27
827,171,2
827,447,2
827,2130,20
828,173,17
829,160,20
829,182,3
829,632,3
829,1318,3
830,105,17
831,30,18
831,103,20
831,125,13
831,279,18
831,459,18
831,680,18
831,717,3
831,1505,18
831,1783,18
831,1945,13
831,2261,18
832,256,2
832,239,15
833,336,2
833,305,29
834,131,16
834,149,2
834,181,18
834,236,32
834,366,14
834,433,2
834,573,2
834,668,2
835,161,21
835,275,22
835,692,32
835,748,19
835,840,23
835,1308,20
836,852,28
837,20,18
837,288,41
837,650,22
837,874,21
837,906,21
840,128,26
840,676,15
842,23,19
842,140,16
843,334,21
843,916,7
843,1125,17
844,87,16
844,118,16
844,141,27
844,206,26
844,300,16
844,800,12
844,878,12
844,1062,15
845,0,22
846,32,36
846,177,15
846,195,3
846,210,21
846,234,3
846,1667,21
847,95,20
847,249,20
847,437,20
847,2180,20
848,752,17
849,155,2
849,184,2
849,145,8
849,162,20
849,579,2
849,901,2
849,1366,2
850,121,8
851,60,44
851,144,51
851,231,16
851,319,20
851,379,16
851,403,15
851,552,16
851,681,16
851,703,15
851,1047,9
851,1098,2
851,1128,15
852,349,10
852,1118,4
852,1394,22
852,1418,3
852,1467,14
853,36,34
853,100,15
853,460,34
853,801,13
853,986,13
853,1442,17
853,1517,17
854,51,18
854,363,18
854,1129,18
855,100,24
855,271,24
855,503,24
855,630,3
855,1195,24
855,1503,29
856,81,25
856,246,25
856,727,25
856,1444,24
856,1947,9
856,2039,9
856,2388,25
856,2475,5
856,2650,5
856,2697,17
857,61,17
857,80,17
857,616,17
858,103,27
858,132,3
858,779,3
859,215,18
859,250,14
860,0,28
861,0,28
861,114,28
861,144,3
861,155,27
861,1552,11
861,1673,3
862,254,20
862,276,3
863,140,10
863,152,29
864,58,23
864,114,18
864,141,23
865,41,18
865,94,18
865,115,2
865,432,2
866,112,18
866,197,32
867,84,17
867,280,24
867,558,17
868,96,15
868,236,15
868,486,15
869,93,17
869,112,3
869,264,19
869,294,30
869,326,3
869,332,21
869,365,18
869,385,2
869,355,3
869,859,16
869,1272,33
869,1344,9
871,42,6
871,185,6
871,458,15
872,285,5
872,317,13
872,400,5
872,432,18
872,658,24
873,69,10
874,192,40
874,234,3
874,238,3
874,791,15
874,879,3
874,1822,3
874,2032,3
875,121,28
875,151,3
875,423,26
875,492,3
875,1087,3
875,1232,3
876,49,17
876,92,17
876,261,17
876,1325,17
876,1997,17
877,127,29
877,158,5
877,415,5
877,545,5
877,886,5
877,1318,5
877,1444,27
878,23,18
878,44,18
878,63,2
878,625,2
879,94,17
879,113,3
879,1393,3
880,104,28
880,278,8
880,663,12
881,85,21
882,408,28
882,438,3
882,620,3
882,656,3
882,747,33
882,782,4
883,521,25
883,998,27
884,67,27
884,96,27
884,197,14
884,255,16
884,1379,51
886,25,28
887,18,13
887,179,13
887,1634,13
887,1782,13
888,347,18
888,1248,26
890,4,14
890,134,14
890,187,13
890,782,13
890,956,2
891,209,13
892,0,22
893,0,20
893,40,18
893,154,33
893,189,4
893,475,4
893,562,4
893,1174,18
893,1304,4
893,1351,18
893,1371,19
893,1423,12
893,1512,24
894,111,2
894,166,27
894,89,20
894,627,2
894,783,2
894,857,2
894,926,21
895,30,17
895,58,17
895,78,2
895,411,2
898,49,24
898,122,44
898,177,22
899,18,26
899,105,34
899,141,4
899,244,21
899,523,25
899,943,8
899,1765,22
899,2074,4
900,117,21
900,152,21
900,188,3
900,599,3
900,719,3
900,1089,18
900,1135,12
900,1365,3
901,57,15
901,789,15
902,102,21
902,1761,13
903,54,5
903,115,18
904,19,58
904,104,22
904,128,41
904,1061,12
904,1157,17
905,135,3
905,214,22
905,101,32
906,331,3
906,369,25
906,408,16
906,426,3
906,301,28
906,396,5
907,30,22
907,289,2
907,265,22
907,754,2
907,1437,2
908,123,5
908,149,20
908,244,28
908,92,29
908,934,5
908,1159,3
908,2228,5
908,2337,5
909,452,28
909,482,4
910,124,12
910,414,10
911,155,17
912,80,27
912,205,27
912,235,3
912,328,3
912,484,3
912,1048,20
912,1180,3
912,1275,3
913,659,15
913,676,2
914,1366,5
916,92,21
916,235,3
916,212,21
916,1636,3
917,0,24
918,154,23
918,596,15
918,935,13
918,1090,15
918,1406,15
919,57,15
919,140,15
919,752,15
920,57,13
920,223,13
920,238,3
920,651,3
920,923,13
921,100,36
921,285,17
921,527,17
921,990,20
921,1476,18
921,1958,18
922,214,26
922,348,10
922,1506,15
923,27,24
923,58,24
923,84,3
923,734,21
923,794,3
924,1596,2
924,2036,15
924,2055,4
924,2150,20
925,1568,15
925,1790,19
926,20,11
926,187,13
926,221,23
926,311,11
926,519,12
926,675,12
926,714,3
926,888,5
926,1189,12
927,130,18
927,184,18
927,514,38
927,963,19
928,70,15
928,214,15
928,328,5
928,544,15
928,1010,5
928,1063,6
930,87,21
930,110,3
930,252,3
931,65,18
932,254,2
932,233,19
932,822,2
932,935,2
933,31,3
933,78,30
933,110,3
933,206,3
933,178,26
933,417,8
933,429,3
933,705,10
933,717,8
933,1088,3
934,223,2
934,213,8
935,211,9
935,784,17
935,1057,18
935,1077,13
936,33,17
936,142,20
936,272,17
936,375,5
936,413,20
936,707,5
938,43,14
938,95,51
938,546,14
938,782,14
939,70,35
939,107,3
939,440,18
939,463,24
939,750,15
939,912,15
941,35,37
941,101,5
941,140,37
941,180,4
941,235,3
941,243,4
941,289,16
941,327,17
941,437,4
941,582,4
941,924,19
941,1160,8
941,1290,4
941,1336,19
941,1399,14
941,1472,4
941,1667,3
942,0,28
942,107,28
942,137,3
942,296,10
942,353,3
942,581,3
942,1001,32
942,1087,3
943,14,26
944,85,2
944,63,20
944,573,28
945,0,22
945,399,10
945,656,12
946,96,3
946,165,3
946,321,17
946,915,24
947,263,2
947,315,2
947,245,16
947,495,2
947,1083,2
947,1479,2
947,1589,2
947,1737,2
948,23,9
948,108,21
948,131,3
948,292,7
948,1258,3
948,1843,3
949,101,3
949,71,28
949,127,4
949,370,25
951,1570,5
952,46,14
952,169,14
952,297,14
953,59,34
953,243,7
953,538,15
953,677,15
953,809,15
953,1104,9
954,395,26
954,462,2
955,80,30
955,112,3
955,305,3
956,115,26
956,185,26
956,236,2
956,219,15
956,213,3
957,163,8
957,173,2
957,344,25
957,443,20
957,371,3
958,18,22
958,339,22
958,363,3
960,152,21
960,693,21
961,157,24
961,299,24
961,325,3
961,1964,3
962,87,3
962,53,32
962,276,3
962,585,3
962,884,3
963,115,6
963,181,25
963,531,17
963,804,13
964,304,3
965,4,15
965,2019,26
967,1566,22
968,613,16
969,430,25
971,23,18
971,93,2
971,387,2
971,1176,10
973,310,30
974,369,28
974,399,3
975,11,15
975,108,26
975,320,15
975,828,15
975,1126,15
976,169,3
976,146,21
976,788,3
977,27,24
977,332,54
977,430,24
977,2039,37
978,28,13
978,453,25
978,576,13
978,718,13
979,495,6
979,1693,6
979,2084,6
980,103,14
980,776,8
980,1025,18
981,0,30
981,61,3
981,626,3
982,37,30
982,69,30
982,101,3
982,472,3
982,528,3
982,581,49
982,632,4
983,141,28
983,171,4
983,1489,4
984,56,15
986,42,32
986,187,32
986,319,32
986,874,22
987,24,14
987,61,16
987,131,10
987,143,30
987,175,3
987,657,14
987,676,16
987,708,3
987,917,3
987,1014,14
987,1032,3
987,1167,14
987,1407,3
987,1501,11
987,1586,3
988,503,26
988,531,3
988,1325,3
989,351,21
991,680,6
991,761,5
992,129,3
992,104,23
993,387,22
993,905,10
994,81,41
994,416,5
994,1232,13
994,1335,12
995,22,38
995,189,39
995,230,4
995,289,4
995,390,25
995,240,47
995,764,16
995,901,38
996,112,45
996,246,28
996,533,25
996,759,13
996,846,14
996,909,6
998,91,29
998,122,29
998,153,5
998,165,33
998,371,5
998,1598,5
1000,566,7
1000,603,2
1000,651,7
1001,0,25
1001,70,27
1001,343,21
1001,422,9
1001,620,16
1001,762,3
1001,1132,25
1001,1172,20
1001,1313,3
1001,1370,33
1001,1727,3
1001,1764,20
1002,179,3
1002,160,17
1002,709,3
1002,953,3
1006,128,13
1006,1024,13
1006,1414,10
1007,81,17
1007,570,14
1007,589,5
1007,624,18
1007,845,6
1007,1280,6
1007,1579,18
1008,603,20
1009,62,13
1009,107,27
1009,254,13
1009,269,2
1009,313,27
1009,342,3
1009,994,3
1009,1091,2
1009,1223,2
1010,300,6
1010,1381,16
1011,169,28
1011,211,28
1012,404,21
1013,273,19
1014,94,6
1015,797,22
1016,17,26
1016,52,23
1016,196,63
1016,261,2
1016,294,3
1016,468,3
1016,531,2
1016,645,20
1016,791,15
1016,1322,5
1017,122,3
1017,91,29
1017,456,3
1017,557,3
1017,1202,14
1017,1440,3
1018,937,15
1019,183,3
1019,159,22
1020,102,3
1020,72,28
1020,108,28
1020,138,3
1020,228,9
1020,320,3
1020,581,3
1021,1180,18
1022,151,27
1022,261,20
1022,180,4
1022,709,18
1022,910,20
1026,163,12
1028,21,44
1028,110,15
1030,180,18
1031,199,3
1032,13,3
1032,128,30
1032,160,3
1032,251,5
1032,296,3
1032,268,26
1032,384,3
1032,423,19
1032,463,3
1032,507,3
1032,680,3
1032,836,3
1032,1211,3
1033,668,5
1034,154,3
1034,133,19
1034,385,15
1034,402,14
1035,33,24
1035,59,51
1035,136,16
1035,328,5
1035,286,40
1035,507,16
1035,529,15
1037,26,17
1037,162,16
1037,184,23
1037,766,18
1038,106,18
1038,532,19
1039,82,24
1039,120,24
1039,146,3
1039,1710,24
1040,35,16
1040,53,16
1040,1209,16
1043,99,3
1043,128,2
1043,108,18
1043,696,2
1043,1358,3
1044,195,5
1044,149,44
1047,0,23
1047,345,19
1047,425,2
1047,415,8
1048,117,14
1048,167,21
1048,269,29
1048,458,29
1048,750,24
1048,810,13
1050,1194,26
1050,1689,26
1052,491,27
1052,520,3
1052,720,25
1052,747,3
1052,1012,18
1052,1327,3
1052,1391,3
1053,304,21
1055,11,14
1055,166,13
1055,191,15
1055,732,26
1055,1819,7
1055,1945,14
1055,2019,23
1055,2255,14
1056,58,15
1056,100,15
1056,117,3
1056,194,3
1056,431,3
1056,1055,3
1056,1107,3
1057,23,13
1057,72,53
1057,214,21
1057,239,67
1057,463,17
1057,1168,12
1058,196,2
1058,178,16
1059,120,22
1059,257,2
1059,233,22
1059,532,2
1060,326,11
1060,457,21
1060,480,3
1060,1472,11
1060,1632,7
1063,124,20
1063,180,3
1063,298,17
1063,638,20
1063,671,17
1063,709,21
1063,785,20
1063,916,17
1063,978,20
1063,1099,15
1063,1157,17
1063,1178,28
1063,1430,20
1064,300,2
1064,517,2
1064,613,2
1064,859,2
1064,1570,2
1064,2364,2
1064,2830,2
1064,2952,2
1064,3103,39
1065,214,17
1065,233,3
1065,242,25
1065,269,4
1065,538,20
1066,151,22
1066,226,8
1066,236,2
1066,559,2
1066,536,21
1066,768,2
1066,1044,2
1066,1457,2
1067,108,15
1067,125,15
1067,165,38
1067,216,39
1067,142,3
1067,328,3
1067,589,3
1067,673,3
1067,905,3
1067,1652,3
1068,31,27
1068,83,27
1068,112,3
1068,669,3
1069,51,17
1069,78,41
1069,382,17
1069,515,12
1071,32,16
1071,77,17
1071,397,24
1071,563,17
1071,589,24
1073,332,3
1073,304,26
1073,1742,14
1074,0,24
1075,1203,6
1075,1215,10
1075,1350,9
1075,1501,14
1076,63,25
1076,201,17
1076,382,13
1076,512,9
1076,543,3
1076,734,24
1076,895,3
1076,907,48
1076,1184,31
1076,1722,31
1076,1792,3
1076,1909,3
1076,1933,29
1076,2128,25
1076,2170,11
1076,2485,3
1076,2534,4
1076,2595,48
1076,2714,48
1077,193,22
1077,217,3
1077,241,30
1078,61,18
1078,81,18
1078,101,2
1078,142,18
1079,152,10
1079,254,2
1079,233,19
1079,426,2
1079,686,2
1079,1004,2
1080,68,20
1080,201,20
1080,223,2
1080,1678,2
1081,93,19
1081,154,28
1081,184,3
1081,508,3
1083,91,28
1083,250,28
1083,280,3
1083,365,3
1083,385,14
1083,1157,15
1083,1686,14
1084,297,15
1084,399,20
1084,633,15
1084,801,15
1086,283,20
1086,308,20
1089,81,22
1089,987,13
1090,57,3
1090,144,5
1090,349,27
1090,384,3
1091,94,25
1091,276,3
1091,249,25
1091,469,3
1091,985,17
1092,88,28
1092,153,3
1092,179,11
1092,348,11
1092,469,11
1092,551,11
1092,572,3
1092,719,3
1092,817,3
1092,1003,3
1092,1025,11
1093,635,6
1093,1416,5
1095,10,30
1095,105,48
1095,155,3
1095,1270,30
1096,0,26
1096,53,26
1096,81,3
1096,211,39
1098,0,21
1098,1090,21
1098,1377,21
1098,1457,21
1099,0,24
1099,282,24
1099,309,3
1099,951,3
1101,40,23
1101,180,31
1101,213,2
1101,313,2
1101,423,23
1101,1386,15
1101,1793,23
1103,46,11
1103,269,22
1103,670,19
1103,977,14
1103,1113,12
1103,1876,26
1104,1433,16
1104,1488,20
1104,1550,14
1104,1907,21
1104,1932,17
1104,1957,12
1104,1983,15
1104,2029,26
1104,2387,16
1104,2405,40
1105,208,22
1105,232,3
1105,633,3
1105,924,3
1105,1032,3
1105,1526,3
1105,1614,3
1105,1724,3
1106,0,28
1106,179,24
1106,562,24
1106,833,13
1106,942,19
1106,1059,34
1107,171,12
1108,528,21
1109,162,10
1110,29,28
1110,94,28
1110,124,3
1110,281,3
1110,380,3
1110,1581,3
1111,133,4
1111,497,27
1111,526,3
1111,534,25
1111,561,3
1111,699,3
1111,714,3
1111,1384,3
1114,196,5
1114,340,18
1116,177,14
1116,200,3
1117,699,15
1117,1659,17
1118,154,29
1118,465,29
1119,0,28
1119,94,28
1119,124,3
1119,166,27
1119,277,3
1119,458,3
1119,1260,3
1119,1634,3
1119,1945,3
1120,55,17
1120,101,17
1121,59,16
1121,218,16
1121,236,2
1121,716,2
1124,171,3
1124,142,27
1124,586,3
1124,785,3
1124,761,22
1125,265,23
1125,360,20
1125,389,21
1125,864,21
1126,0,14
1126,522,27
1126,658,26
1126,739,3
1126,723,14
1126,1097,14
1126,1158,18
1126,1178,3
1127,908,15
1127,1078,16
1127,1100,12
1130,84,50
1132,51,22
1132,75,3
1132,195,22
1132,219,3
1132,1082,3
1132,1391,14
1134,33,22
1134,197,22
1134,570,22
1134,1331,22
1134,1570,22
1134,1616,22
1135,112,31
1135,145,31
1135,178,4
1135,787,4
1136,79,22
1136,367,12
1136,1302,12
1137,73,26
1137,225,26
1137,253,4
1137,1391,20
1139,400,25
1140,49,17
1140,145,17
1140,164,2
1140,1084,2
1141,144,18
1141,354,18
1141,374,3
1141,674,13
1141,689,13
1141,707,16
1141,834,18
1141,1050,27
1141,1082,12
1141,1190,27
1143,84,5
1143,595,25
1144,10,29
1144,93,3
1144,131,14
1144,273,3
1144,867,3
1145,74,37
1145,185,29
1145,546,29
1146,368,3
1146,337,29
1146,912,3
1146,1127,18
1147,99,19
1147,120,19
1147,141,3
1149,184,28
1149,214,3
1149,710,3
1149,1549,3
1150,751,19
1150,1529,24
1150,1555,19
1151,243,29
1151,274,3
1151,340,3
1151,376,3
1151,423,3
1151,321,17
1151,545,3
1151,641,3
1151,648,3
1151,878,12
1151,1166,3
1151,1189,15
1151,1209,28
1151,1242,3
1151,1609,3
1151,1621,11
1151,1715,12
1151,1804,25
1152,527,16
1152,627,26
1152,707,21
1153,45,8
1153,517,8
1153,618,8
1153,1159,12
1153,1396,8
1154,147,22
1154,182,29
1154,213,3
1154,228,50
1154,348,13
1154,365,3
1155,0,21
1155,111,21
1155,134,3
1155,145,28
1155,222,16
1155,326,3
1155,1200,3
1157,94,28
1157,146,26
1157,174,2
1157,183,15
1157,374,13
1157,779,2
1158,260,17
1158,568,17
1158,930,13
1159,0,20
1159,22,13
1159,37,2
1159,73,25
1159,100,3
1159,667,14
1159,1049,13
1159,1092,21
1159,1185,9
1160,61,18
1160,129,19
1161,105,25
1161,235,20
1161,623,18
1161,1221,33
1162,157,3
1162,127,28
1163,15,44
1163,76,24
1164,0,58
1164,156,58
1164,1076,12
1164,1091,3
1164,1283,3
1164,1455,3
1164,1654,29
1164,1686,10
1164,1703,9
1164,1811,20
1164,2078,18
1165,280,15
1165,409,15
1165,825,3
1166,530,3
1167,76,17
1167,169,8
1167,187,36
1167,1104,8
1170,120,25
1170,744,14
1170,936,35
1170,1343,13
1170,1552,26
1171,157,4
1171,126,29
1171,384,39
1171,425,4
1171,1379,4
1171,1403,14
1172,464,15
1172,551,21
1172,594,15
1172,1186,15
1172,1273,21
1172,1312,15
1174,124,3
1174,100,22
1174,661,23
1174,746,24
1175,87,24
1175,113,53
1175,193,21
1175,291,13
1175,322,12
1175,366,24
1175,523,12
1175,890,13
1176,13,15
1176,691,15
1176,804,15
1176,916,15
1177,47,21
1177,166,3
1177,326,3
1177,408,3
1177,563,3
1178,57,27
1178,86,3
1178,358,3
1178,426,3
1178,1234,3
1180,1375,16
1180,1501,16
1181,54,14
1181,136,25
1185,43,25
1185,88,25
1185,367,25
1185,497,25
1188,178,39
1188,219,4
1190,0,24
1190,162,24
1190,261,3
1190,960,3
1191,0,16
1191,37,25
1191,123,3
1191,146,16
1191,215,26
1191,359,14
1191,377,16
1191,536,16
1191,596,25
1191,623,2
1191,764,2
1191,861,16
1191,977,26
1191,1043,16
1191,1261,16
1191,1676,16
1191,1707,2
1192,111,4
1192,182,3
1192,78,31
1192,327,3
1192,700,22
1193,152,3
1193,131,19
1193,529,32
1193,1018,3
1194,281,22
1194,553,11
1194,1261,16
1194,1279,2
1194,1287,20
1194,1309,3
1194,1402,7
1194,1429,2
1196,176,18
1196,197,2
1197,116,20
1197,270,3
1197,454,3
1197,681,15
1197,813,3
1197,818,21
1197,1037,15
1197,1146,3
1197,1327,21
1197,1497,20
1197,1632,3
1197,1844,3
1198,51,34
1198,109,34
1198,146,5
1198,281,14
1198,424,34
1198,508,5
1198,915,6
1198,1027,6
1199,21,3
1199,126,23
1199,278,5
1199,357,5
1199,583,3
1199,1062,3
1199,1123,3
1199,1248,3
1199,1329,3
1199,1459,5
1200,195,10
1200,1046,25
1200,1143,10
1200,1360,10
1200,1791,24
1202,45,14
1202,105,5
1202,282,14
1204,64,28
1204,94,3
1204,236,3
1204,417,19
1204,441,39
1204,506,19
1205,0,22
1205,137,9
1206,56,3
1206,82,20
1206,270,20
1206,292,3
1206,479,3
1206,501,3
1206,886,10
1206,1137,3
1206,1147,3
1206,1666,3
1208,25,24
1208,207,24
1208,1031,24
1210,176,2
1210,154,20
1210,415,2
1210,659,2
1210,1350,2
1210,1669,2
1211,1306,15
1212,28,11
1213,97,25
1213,278,16
1213,304,25
1213,331,2
1213,579,2
1213,1741,2
1213,1937,2
1214,14,17
1215,32,21
1215,136,8
1215,244,3
1215,460,23
1215,527,3
1215,986,3
1215,1032,8
1215,1043,8
1215,1092,16
1215,1286,3
1216,89,20
1217,160,13
1217,688,13
1217,876,13
1217,1085,13
1217,1233,13
1219,245,10
1219,334,15
1220,0,30
1220,162,16
1220,192,39
1220,924,20
1220,1052,8
1220,1065,18
1220,1200,17
1220,1289,17
1221,40,24
1221,584,17
1221,746,13
1221,783,21
1221,1206,3
1221,1425,24
1221,1668,16
1222,149,14
1222,671,14
1224,338,22
1224,362,3
1224,436,3
1224,567,3
1224,716,3
1226,68,24
1226,94,8
1226,261,15
1226,974,21
1227,0,30
1227,36,19
1227,148,30
1227,180,3
1227,285,10
1227,553,9
1227,564,22
1227,588,25
1227,615,20
1227,680,3
1228,97,18
1228,263,21
1229,24,3
1229,131,15
1229,148,3
1229,384,3
1229,421,3
1229,719,3
1229,995,3
1230,37,6
1231,19,14
1231,55,14
1231,71,2
1231,520,2
1232,186,13
1232,460,13
1233,32,21
1233,115,21
1233,138,3
1233,826,3
1233,1630,21
1235,417,15
1236,67,18
1237,90,3
1237,208,3
1237,231,17
1237,276,30
1237,308,3
1237,340,19
1237,393,17
1237,518,19
1237,548,36
1237,180,26
1237,904,17
1237,1231,19
1237,1268,14
1237,1324,14
1237,1558,3
1237,1648,19
1238,13,3
1238,170,27
1238,199,3
1240,230,26
1240,1128,15
1240,1149,22
1241,81,18
1242,60,21
1242,299,21
1242,1054,21
1243,44,18
1243,391,18
1243,490,16
1243,605,19
1243,626,33
1243,1185,43
1243,1730,18
1243,1782,15
1244,53,17
1244,285,17
1244,560,17
1244,638,17
1244,802,17
1244,920,7
1246,77,18
1246,97,2
1246,704,2
1247,62,22
1247,368,19
1247,643,2
1247,619,22
1247,1775,9
1247,1930,2
1248,45,16
1248,67,22
1248,103,16
1248,121,2
1248,162,32
1248,204,22
1248,228,3
1248,493,25
1248,608,2
1248,974,2
1249,67,20
1250,85,17
1250,104,2
1250,203,2
1250,477,3
1250,568,2
1250,805,2
1250,899,2
1250,1091,2
1250,1409,2
1251,358,20
1251,381,3
1251,400,19
1251,422,3
1251,514,3
1251,694,12
1251,726,3
1251,861,4
1251,892,4
1251,982,4
1251,1025,3
1251,1088,4
1251,1460,3
1251,1492,3
1252,0,19
1252,23,21
1252,105,21
1252,299,12
1252,644,21
1253,59,22
1253,245,2
1253,221,22
1254,214,23
1254,495,2
1254,473,20
1256,206,18
1256,226,2
1257,929,21
1257,1098,21
1259,71,23
1259,100,23
1259,157,24
1259,186,22
1259,225,14
1259,125,3
1260,283,4
1260,238,43
1260,451,24
1261,319,18
1262,0,21
1262,35,21
1262,103,19
1262,127,22
1262,350,34
1263,0,30
1263,35,38
1263,79,20
1263,185,36
1263,244,18
1263,268,20
1263,994,18
1263,1018,20
1263,1122,16
1263,1527,18
1263,1551,20
1264,66,15
1264,525,15
1264,836,17
1264,1321,15
1265,45,2
1266,127,23
1266,250,13
1266,284,21
1266,852,23
1267,72,17
1267,274,17
1267,293,3
1268,29,17
1268,103,10
1268,115,17
1268,705,17
1269,17,21
1269,40,21
1269,63,2
1269,184,16
1269,274,2
1269,660,2
1270,0,21
1270,335,3
1270,1270,3
1271,0,15
1271,128,26
1271,337,10
1271,375,17
1271,452,26
1271,1336,15
1271,1453,15
1271,1538,15
1271,1605,17
1273,106,10
1273,118,8
1273,145,3
1273,906,3
1273,1187,3
1274,234,14
1274,788,6
1274,1447,17
1274,1527,17
1274,1747,17
1276,0,22
1276,271,2
1276,247,22
1276,1541,2
1276,1749,2
1277,222,3
1277,190,30
1277,231,12
1277,291,26
1277,319,3
1277,854,14
1277,1387,19
1278,123,35
1278,172,35
1278,209,3
1278,620,21
1280,323,2
1280,307,14
1281,38,30
1281,90,5
1282,71,21
1282,102,21
1282,125,3
1282,452,3
1282,612,3
1282,767,3
1282,1688,3
1283,26,19
1283,303,19
1283,374,3
1283,342,30
1283,808,19
1285,89,21
1285,253,6
1285,380,3
1285,357,21
1285,919,3
1286,900,29
1287,96,29
1287,127,5
1287,253,5
1287,467,5
1287,538,18
1287,1313,5
1288,81,13
1288,215,3
1288,220,26
1288,316,7
1288,517,18
1288,546,13
1288,848,13
1288,1030,13
1288,1090,3
1288,1205,3
1289,17,15
1290,35,14
1290,145,14
1290,161,3
1291,1,17
1291,128,21
1292,0,20
1293,24,22
1293,48,21
1293,74,10
1293,86,40
1293,141,22
1293,507,21
1293,784,10
1293,1103,22
1294,950,27
1295,97,13
1295,214,13
1295,1634,13
1295,1856,13
1296,42,17
1296,111,41
1296,199,19
1296,246,17
1296,583,17
1296,1084,7
1296,1096,17
1297,130,18
1297,209,18
1297,335,17
1297,611,18
1297,1755,18
1298,0,13
1298,95,13
1298,950,2
1298,1148,13
1299,453,20
1299,994,20
1299,1221,3
1300,128,18
1300,148,3
1301,0,13
1301,60,18
1301,148,18
1301,168,2
1301,435,2
1301,565,2
1301,1394,13
1302,135,27
1302,164,3
1302,343,3
1302,310,31
1302,641,3
1302,1567,3
1304,4,39
1304,105,39
1304,146,4
1304,739,19
1304,772,14
1304,1067,29
1305,161,18
1305,349,21
1305,372,2
1305,435,21
1305,549,2
1305,605,2
1305,722,2
1305,746,2
1305,838,2
1305,1119,2
1305,1135,2
1305,1407,15
1305,1537,2
1306,152,3
1306,210,22
1306,234,2
1306,260,13
1306,124,26
1306,562,13
1306,916,13
1307,33,20
1307,189,20
1307,584,18
1307,700,22
1307,822,18
1308,94,20
1308,141,25
1308,168,3
1308,179,36
1308,512,6
1308,522,3
1308,565,3
1308,670,7
1308,948,6
1308,1031,20
1308,1175,16
1308,1197,9
1308,1257,7
1308,1439,3
1308,1492,20
1310,234,14
1310,718,14
1311,82,39
1311,163,20
1311,185,2
1311,1109,21
1311,1531,20
1312,21,22
1312,111,22
1312,135,3
1312,199,14
1312,248,3
1312,643,3
1312,1181,3
1313,53,32
1313,173,5
1313,412,5
1313,1206,4
1313,1589,3
1314,62,15
1314,96,13
1314,162,26
1314,396,23
1314,705,17
1315,61,16
1315,278,16
1315,296,3
1315,422,3
1315,625,13
1315,652,12
1315,666,4
1315,640,4
1316,140,7
1316,328,7
1316,506,2
1316,496,8
1316,578,12
1316,1717,7
1319,797,2
1319,773,22
1319,1575,5
1320,153,26
1320,1164,7
1320,1322,15
1321,423,20
1321,581,20
1321,603,18
1321,749,18
1321,968,20
1321,1290,20
1321,1463,20
1321,1517,18
1322,78,20
1322,394,16
1322,544,8
1322,1543,16
1322,1569,16
1322,1851,8
1323,112,14
1323,244,14
1323,668,3
1323,1356,22
1324,59,22
1324,526,3
1324,502,22
1325,427,25
1326,33,14
1326,136,14
1326,616,30
1326,1344,12
1326,1367,27
1326,1437,17
1327,137,25
1327,768,14
1329,1369,23
1331,100,18
1331,1565,18
1332,350,14
1332,367,2
1332,1169,2
1335,0,18
1335,114,18
1335,135,2
1336,144,18
1336,165,2
1336,311,2
1336,931,2
1336,1274,2
1336,1281,18
1337,107,22
1338,252,15
1338,784,20
1338,1088,23
1339,68,33
1339,173,33
1339,209,4
1339,1164,15
1339,1183,4
1339,1478,4
1339,1712,4
1340,0,34
1340,117,21
1340,140,21
1340,163,3
1340,173,24
1340,431,3
1340,839,3
1340,1325,17
1340,1661,12
1341,245,26
1341,276,21
1341,583,13
1341,645,13
1342,444,34
1342,1601,9
1342,1678,3
1343,242,29
1343,273,4
1344,94,40
1344,136,4
1344,155,25
1344,323,19
1344,377,27
1344,406,3
1344,835,18
1344,859,21
1345,25,16
1345,392,16
1345,551,16
1345,588,10
1346,252,29
1346,283,2
1348,173,25
1349,27,10
1349,69,28
1349,99,3
1349,339,2
1349,328,9
1349,436,3
1349,1179,11
1351,285,28
1351,316,3
1351,504,3
1351,706,18
1352,567,26
1352,1052,18
1352,1185,18
1352,1624,5
1353,0,28
1353,105,28
1353,140,28
1353,237,9
1353,926,3
1354,94,8
1354,182,8
1354,227,27
1354,552,24
1354,578,4
1354,674,8
1354,1611,8
1355,73,14
1355,208,14
1356,439,2
1356,1389,16
1356,1479,7
1356,1636,2
1356,1687,16
1356,1735,7
1357,143,25
1357,608,25
1358,0,11
1358,36,39
1358,103,39
1358,144,3
1358,181,30
1358,310,11
1358,406,3
1358,499,13
1358,690,5
1358,984,5
1359,64,27
1361,174,18
1361,195,2
1361,325,2
1361,457,24
1361,653,2
1361,1179,2
1362,404,36
1362,642,28
1363,0,21
1363,153,3
1363,178,23
1363,204,27
1363,249,3
1363,326,3
1363,1116,3
1364,383,20
1364,405,2
1364,1166,20
1365,61,21
1365,84,21
1365,107,3
1365,193,18
1365,255,12
1365,371,3
1365,514,3
1365,547,3
1365,1256,3
1366,73,14
1367,71,13
1367,86,3
1367,96,26
1367,667,3
1367,1404,2
1367,1391,11
1368,89,27
1369,121,30
1369,153,3
1369,258,3
1369,230,26
1369,290,19
1369,1337,3
1369,1574,3
1372,158,3
1372,237,24
1372,263,3
1372,137,19
1372,391,39
1374,36,5
1374,99,12
1374,471,5
1374,1013,6
1374,1224,10
1374,1290,6
1374,1677,31
1375,0,26
1375,31,18
1376,303,3
1376,397,3
1376,368,27
1376,279,22
1376,546,3
1376,681,3
1377,20,8
1377,64,17
1377,177,8
1377,263,8
1377,287,8
1377,366,8
1377,569,18
1377,591,8
1377,673,8
1377,1089,8
1377,1418,17
1378,158,13
1378,394,23
1378,521,22
1378,634,13
1379,0,25
1379,73,25
1379,100,3
1379,167,28
1379,223,27
1379,291,13
1380,75,14
1380,91,14
1380,107,3
1381,234,32
1381,268,3
1382,461,3
1382,433,26
1382,1300,3
1382,1433,3
1382,1983,6
1383,16,21
1383,161,21
1383,184,3
1383,213,25
1383,240,3
1383,312,3
1383,572,6
1383,777,3
1383,811,13
1385,158,19
1385,518,17
1385,731,17
1385,1093,25
1385,1143,5
1385,1648,17
1386,38,29
1386,69,22
1386,93,5
1386,116,19
1386,585,12
1386,638,21
1386,661,3
1386,702,21
1386,1151,3
1386,1163,22
1387,118,18
1388,107,30
1388,139,3
1388,185,17
1388,409,3
1388,522,3
1388,697,22
1388,820,20
1388,857,35
1388,1092,9
1389,86,26
1389,114,16
1389,137,28
1389,218,42
1389,338,6
1389,828,6
1390,32,10
1390,374,3
1390,387,17
1390,603,10
1390,844,10
1392,177,22
1392,216,26
1392,244,4
1393,1000,14
1394,74,26
1394,102,2
1394,348,9
1394,380,2
1394,715,2
1395,31,14
1396,465,17
1398,4,5
1398,171,26
1399,53,17
1400,136,2
1401,89,36
1402,96,15
1402,363,15
1402,427,15
1402,644,15
1402,1281,15
1402,1437,29
1402,1548,15
1403,95,6
1403,550,19
1404,59,40
1404,189,27
1404,218,3
1404,226,25
1404,253,3
1404,322,3
1404,326,3
1404,662,3
1405,99,24
1405,125,2
1406,93,20
1406,158,20
1406,538,16
1406,774,14
1407,118,18
1407,138,2
1407,1662,2
1409,56,22
1409,80,22
1409,104,3
1409,341,16
1409,459,3
1409,632,3
1409,745,3
1409,1080,3
1409,1235,14
1409,1318,3
1409,1426,3
1410,34,15
1410,114,15
1410,295,15
1410,1181,15
1411,223,3
1411,197,24
1413,120,21
1413,656,3
1415,237,15
1415,257,21
1415,1175,15
1415,1527,36
1416,0,20
1416,165,20
1416,238,20
1417,287,21
1417,311,3
1417,380,3
1417,555,3
1417,768,3
1419,49,37
1419,88,51
1419,727,15
1419,1169,15
1420,95,15
1421,259,18
1422,149,8
1422,179,30
1422,211,3
1422,278,19
1422,543,3
1422,548,3
1422,571,19
1422,618,17
1422,888,3
1422,1118,8
1422,1471,3
1422,1526,19
1422,1631,8
1423,53,19
1423,77,8
1423,158,19
1423,182,8
1423,1027,19
1423,1051,8
1425,111,14
1425,284,14
1425,769,14
1426,612,20
1427,174,3
1427,144,28
1428,173,4
1428,134,37
1428,415,4
1428,1013,4
1430,97,28
1430,127,3
1431,219,21
1431,655,21
1433,1276,19
1434,135,16
1434,783,25
1434,1189,22
1435,103,28
1435,175,8
1435,297,8
1435,756,8
1435,991,8
1436,608,12
1436,927,13
1437,119,31
1438,105,21
1438,214,21
1440,28,21
1440,838,7
1440,1504,14
1440,1621,21
1441,498,16
1441,673,35
1442,0,34
1442,132,16
1442,150,3
1442,161,28
1442,207,19
1442,835,14
1442,1073,34
1443,103,31
1443,299,38
1443,339,4
1443,1089,4
1444,50,26
1444,78,2
1444,193,2
1444,579,2
1444,733,2
1444,780,2
1444,1111,14
1449,61,15
1449,583,27
1449,982,15
1450,196,2
1450,179,15
1452,1346,15
1453,188,2
1453,166,20
1453,559,2
1454,295,7
1454,445,7
1454,540,12
1454,930,12
1454,947,15
1454,1061,12
1455,283,6
1456,31,25
1456,128,10
1456,214,10
1456,245,25
1456,272,4
1456,529,6
1456,877,18
1456,897,24
1456,923,3
1456,1739,3
1457,183,24
1457,209,3
1457,787,3
1457,1336,3
1458,62,17
1458,81,3
1458,511,3
1458,1017,3
1459,98,17
1459,349,26
1459,496,17
1459,969,15
1459,1072,20
1459,1223,20
1459,1346,7
1459,1421,17
1461,17,15
1461,79,15
1461,100,15
1461,199,19
1461,340,7
1461,405,15
1462,25,24
1462,80,24
1462,106,3
1462,125,16
1462,574,3
1463,102,14
1463,118,14
1463,134,2
1463,378,2
1463,567,2
1463,1116,2
1464,54,26
1464,109,26
1464,241,18
1464,261,12
1464,137,4
1464,756,22
1467,0,3
1467,278,3
1467,248,28
1467,971,3
1468,0,12
1469,302,2
1469,281,19
1469,451,2
1470,91,18
1470,392,3
1470,415,10
1470,373,17
1471,104,3
1471,76,26
1471,493,18
1471,873,3
1471,1448,7
1473,35,14
1473,1061,14
1474,80,12
1474,342,3
1474,347,7
1474,310,30
1474,362,8
1474,632,12
1474,696,14
1474,726,11
1474,856,8
1474,1038,8
1474,1608,15
1474,1670,14
1475,87,15
1475,385,12
1475,445,15
1475,492,13
1475,800,5
1475,876,5
1476,111,16
1476,164,27
1476,193,3
1476,241,38
1476,281,4
1476,837,3
1476,904,3
1476,1160,3
1476,1406,20
1477,185,22
1477,209,3
1477,383,18
1477,403,2
1477,767,3
1479,207,34
1481,0,12
1482,190,3
1482,166,22
1482,347,3
1482,406,3
1482,1384,3
1482,1720,3
1483,95,15
1483,124,25
1483,283,15
1483,444,15
1483,1133,35
1484,116,22
1484,142,29
1484,173,3
1484,597,3
1484,671,3
1484,730,3
1484,851,3
1484,955,3
1486,0,11
1487,0,22
1490,78,14
1490,595,36
1490,633,4
1490,726,14
1490,765,14
1491,71,13
1491,702,13
1491,1089,13
1494,261,22
1494,285,3
1494,463,3
1495,850,39
1495,891,5
1496,488,20
1497,73,18
1497,93,2
1497,259,18
1497,280,2
1497,1780,2
1498,126,14
1498,241,14
1498,461,14
1499,69,20
1499,108,20
1499,443,24
1499,535,18
1499,1453,20
1501,93,13
1501,108,13
1501,454,13
1501,1670,13
1502,714,13
1502,1056,14
1502,1089,25
1502,1330,14
1503,185,2
1503,167,16
1503,444,2
1503,523,2
1503,1130,3
1504,39,24
1504,126,24
1504,152,3
1504,239,16
1504,420,3
1505,48,8
1505,500,3
1505,492,6
1506,272,17
1506,291,3
1507,33,22
1507,103,22
1507,127,3
1507,703,3
1507,1737,3
1509,117,14
1512,419,17
1512,438,3
1513,128,33
1513,163,4
1515,158,49
1515,356,19
1515,759,24
1515,1040,18
1516,91,10
1516,302,11
1516,479,8
1517,164,2
1517,143,19
1518,59,23
1518,84,3
1519,909,8
1522,66,29
1522,97,29
1522,128,3
1522,399,5
1523,11,16
1523,68,16
1523,230,16
1523,453,37
1523,688,16
1523,912,16
1525,24,14
1525,230,4
1525,198,30
1525,568,24
1525,774,14
1525,1088,4
1526,1134,9
1527,77,15
1528,84,29
1529,92,53
1529,147,4
1529,372,4
1529,894,4
1530,19,13
1530,82,13
1531,54,29
1531,85,5
1531,250,5
1531,799,5
1532,23,20
1532,163,20
1532,186,3
1532,246,3
1532,743,2
1532,1443,3
1532,1745,3
1534,213,2
1534,194,17
1534,455,6
1534,517,50
1534,873,2
1534,1284,3
1535,42,8
1535,181,14
1535,229,8
1535,492,14
1535,716,8
1535,853,8
1536,694,7
1536,979,13
1538,357,14
1538,386,36
1538,1379,13
1538,1633,13
1539,0,14
1539,16,14
1539,41,15
1539,32,2
1539,1192,14
1539,1438,5
1541,995,6
1542,113,18
1543,198,27
1544,0,38
1544,888,17
1544,1345,17
1545,56,20
1545,222,20
1547,61,18
1547,81,18
1547,102,2
1547,172,2
1547,684,2
1549,67,29
1549,110,29
1549,141,5
1549,171,15
1549,515,5
1549,1218,3
1549,1612,5
1551,56,17
1551,77,21
1551,175,17
1551,194,2
1551,201,21
1551,224,3
1551,297,2
1551,321,3
1551,500,2
1551,514,3
1551,1061,3
1552,147,3
1552,254,3
1552,121,24
1552,467,3
1552,812,3
1552,1008,3
1553,66,17
1553,85,3
1553,109,2
1553,452,10
1553,573,3
1554,90,34
1554,126,2
1554,224,2
1554,206,16
1554,591,15
1554,1646,12
1555,4,23
1555,123,31
1555,217,19
1555,260,30
1555,293,3
1555,750,10
1555,1026,3
1555,1142,24
1555,1222,5
1555,1311,3
1556,102,5
1556,147,3
1556,119,26
1556,354,12
1556,522,3
1557,361,32
1558,281,3
1558,250,29
1558,473,21
1558,496,35
1559,253,30
1559,670,18
1559,693,29
1559,724,3
1559,1237,30
1559,1473,30
1560,68,21
1560,315,17
1560,334,3
1560,418,6
1560,968,5
1560,1227,5
1562,145,3
1562,1350,38
1563,182,14
1563,592,13
1563,853,13
1565,104,14
1565,1378,12
1568,114,56
1569,47,19
1569,173,38
1569,267,8
1569,1000,19
1569,1735,8
1571,60,30
1571,196,3
1571,164,30
1571,251,3
1571,566,3
1571,659,3
1571,1064,3
1573,0,33
1574,0,18
1574,83,18
1574,103,2
1574,179,17
1576,1548,22
1576,1572,17
1576,1591,18
1576,1658,18
1576,1845,34
1578,0,39
1579,165,12
1579,339,14
1579,423,14
1579,461,22
1579,485,3
1579,533,3
1579,576,14
1579,707,3
1579,1520,3
1579,1569,17
1581,921,2
1581,1009,3
1581,1371,5
1582,0,24
1582,105,15
1582,491,15
1582,1008,15
1584,0,13
1584,51,13
1584,69,27
1584,98,4
1584,169,9
1584,256,22
1584,453,4
1584,852,14
1584,868,15
1584,885,16
1585,129,25
1586,34,29
1587,0,20
1587,22,29
1587,53,3
1587,481,33
1587,692,21
1587,979,36
1587,1106,22
1587,1382,3
1588,25,8
1590,15,27
1590,239,27
1590,962,22
1590,1333,15
1591,170,3
1591,140,28
1591,360,3
1591,619,15
1591,677,3
1591,770,15
1591,836,3
1591,968,3
1591,1133,15
1591,1185,3
1591,1201,3
1591,1337,3
1591,1395,11
1591,1448,3
1592,0,20
1593,172,6
1593,119,51
1594,0,17
1594,68,17
1594,87,2
1594,309,2
1594,510,17
1594,1627,2
1596,37,20
1597,39,16
1600,158,14
1600,772,25
1600,1290,24
1600,1586,13
1602,276,3
1602,246,28
1602,510,8
1603,188,34
1603,940,23
1604,0,20
1605,166,5
1605,208,12
1605,728,3
1605,786,14
1606,410,18
1607,1023,30
1607,1055,3
1608,103,15
1608,256,15
1609,90,19
1609,122,22
1609,479,12
1609,635,19
1609,770,12
1609,1027,12
1610,155,23
1612,0,42
1612,61,56
1612,119,63
1612,184,3
1612,295,18
1612,337,21
1612,405,13
1612,448,13
1612,614,11
1612,721,45
1612,1300,3
1612,1371,12
1612,1407,20
1612,1431,14
1613,103,25
1613,130,3
1613,230,36
1613,558,3
1615,126,14
1615,149,3
1615,221,10
1615,277,3
1615,884,3
1615,1143,22
1616,179,3
1616,155,22
1616,397,3
1616,542,3
1616,649,3
1616,1344,3
1616,1577,3
1616,1743,3
1617,76,14
1617,92,14
1617,108,2
1617,163,14
1617,446,2
1617,1643,2
1618,1544,18
1619,45,15
1619,108,15
1619,125,2
1619,135,28
1619,315,26
1619,455,2
1619,484,2
1619,499,2
1619,463,19
1619,432,21
1619,745,26
1619,1279,2
1620,64,14
1620,431,14
1620,750,14
1620,855,32
1620,1272,14
1620,1630,22
1620,1749,22
1621,10,8
1621,51,8
1621,439,8
1622,149,3
1622,172,17
1622,1140,3
1622,1331,3
1622,1413,3
1622,1460,3
1622,1793,3
1623,11,20
1623,108,20
1623,232,20
1623,538,20
1623,560,3
1623,714,20
1623,798,20
1623,836,28
1623,931,20
1624,34,15
1624,105,26
1624,405,15
1624,658,15
1624,1058,19
1624,1191,15
1627,78,14
1627,106,33
1627,141,4
1628,0,20
1628,26,22
1628,113,20
1628,152,9
1628,353,21
1628,376,18
1628,414,23
1628,744,20
1629,248,17
1629,267,3
1629,724,3
1629,696,26
1629,784,3
1631,96,12
1631,208,12
1631,1053,12
1632,99,9
1632,175,3
1632,131,17
1632,316,3
1632,333,13
1632,573,3
1632,581,7
1632,689,3
1632,982,3
1632,1183,7
1632,1322,3
1632,1366,3
1632,1600,3
1633,0,13
1633,283,4
1633,589,29
1634,72,8
1634,196,16
1634,809,8
1634,1416,8
1635,60,20
1635,153,4
1635,159,35
1635,397,4
1635,1473,4
1636,0,27
1636,29,27
1636,58,3
1636,241,3
1636,1161,3
1637,125,20
1637,260,18
1638,292,15
1638,346,14
1638,645,15
1638,1866,15
1639,125,16
1640,26,24
1640,88,26
1640,612,6
1641,581,14
1642,281,25
1642,655,25
1642,1471,26
1645,152,35
1645,189,3
1645,809,3
1647,35,15
1647,52,15
1647,69,2
1647,129,9
1647,479,15
1647,918,15
1647,1415,15
1650,108,17
1650,177,3
1650,251,3
1650,503,3
1650,510,20
1650,615,16
1650,893,3
1650,1149,3
1650,1508,3
1650,1649,20
1650,1868,5
1652,291,5
1652,340,5
1653,164,18
1653,386,18
1653,484,18
1655,74,22
1655,427,22
1657,139,2
1657,126,11
1658,0,43
1658,49,13
1658,378,33
1658,940,20
1658,969,20
1660,18,18
1660,158,18
1660,198,18
1660,392,18
1660,581,18
1660,623,35
1660,924,39
1660,1008,18
1660,1202,18
1662,80,22
1663,109,23
1663,741,23
1663,855,30
1665,1282,21
1665,1398,17
1665,1418,11
1665,1502,8
1665,1540,18
1665,1564,17
1665,1590,14
1665,1862,24
1665,1919,15
1667,30,29
1668,68,20
1668,116,15
1668,241,25
1668,329,13
1669,52,8
1669,98,17
1669,208,8
1669,323,8
1669,967,17
1669,1028,8
1670,210,2
1670,192,16
1670,272,2
1670,349,2
1670,1014,2
1670,1278,2
1670,1352,2
1670,1449,2
1670,1566,2
1672,95,3
1672,149,26
1672,66,27
1672,237,3
1672,578,3
1672,667,3
1673,0,29
1673,112,29
1673,144,3
1673,155,15
1673,233,21
1673,333,3
1673,480,3
1673,554,21
1673,578,3
1673,738,12
1673,798,3
1673,839,3
1673,1400,12
1673,1423,21
1673,1450,20
1673,1540,3
1675,174,18
1675,337,3
1675,412,6
1675,423,23
1675,503,3
1675,513,12
1675,530,34
1675,583,3
1675,663,13
1675,839,58
1675,1754,15
1675,2246,24
1677,129,30
1677,161,6
1678,53,25
1678,203,22
1678,352,15
1678,1467,22
1678,1494,23
1679,1,16
1679,103,15
1679,385,9
1679,398,14
1679,520,16
1679,657,15
1680,75,24
1680,838,16
1680,965,24
1680,991,3
1681,41,19
1681,124,22
1681,560,19
1681,643,12
1681,830,12
1681,946,12
1681,1161,12
1682,194,3
1682,166,26
1682,681,20
1683,76,3
1683,96,32
1683,1744,13
1684,83,13
1685,11,30
1685,1003,36
1685,1346,3
1685,1406,3
1686,256,10
1686,540,3
1686,1144,10
1686,1727,10
1686,1756,35
1687,101,14
1687,117,14
1687,133,2
1687,167,2
1687,236,2
1687,1878,2
1689,41,14
1689,245,14
1689,262,6
1689,1834,3
1690,47,3
1690,28,17
1690,69,29
1690,288,3
1690,492,3
1690,726,9
1691,404,25
1691,730,3
1691,713,15
1691,1119,13
1692,134,27
1692,239,11
1693,189,13
1693,843,13
1694,205,13
1694,246,20
1694,291,34
1694,491,13
1694,624,14
1694,1004,34
1694,1042,13
1695,0,24
1695,57,24
1695,83,3
1695,177,13
1695,388,34
1696,1936,10
1696,2411,10
1698,461,14
1698,1383,14
1698,1700,14
1699,405,14
1701,40,21
1701,87,21
1701,110,3
1701,258,3
1701,313,3
1701,286,25
1701,380,3
1701,573,3
1701,612,3
1701,963,2
1701,1732,3
1702,127,3
1703,723,13
1703,1045,6
1705,48,43
1705,217,26
1706,89,35
1706,126,35
1706,189,18
1706,723,35
1707,41,33
1707,88,33
1707,123,3
1707,353,14
1707,369,3
1707,1235,14
1707,1254,25
1707,1343,28
1707,1713,26
1707,1750,13
1708,44,13
1708,118,13
1708,1387,4
1709,53,14
1709,119,22
1709,339,3
1709,367,3
1709,484,3
1709,748,3
1710,14,15
1710,184,15
1710,218,24
1710,652,26
1710,680,3
1710,917,15
1710,1478,3
1710,1688,3
1714,20,20
1714,190,20
1714,466,20
1714,986,20
1715,17,16
1715,140,22
1715,659,19
1716,10,25
1716,80,10
1716,457,15
1716,1130,25
1717,27,24
1717,53,24
1718,51,21
1718,133,21
1718,156,3
1718,433,3
1718,514,3
1718,840,3
1718,823,15
1718,872,3
1719,176,3
1719,327,3
1720,109,21
1720,200,17
1720,269,21
1720,293,3
1720,301,23
1720,565,3
1720,1708,3
1721,0,23
1722,97,31
1722,130,4
1722,1325,22
1722,1476,4
1722,1784,4
1723,53,29
1723,84,29
1723,115,5
1723,206,3
1723,214,22
1723,183,21
1723,238,5
1723,246,5
1723,536,5
1723,815,3
1723,1457,5
1724,208,39
1724,249,4
1725,0,15
1725,70,15
1725,396,15
1725,481,35
1725,1099,15
1727,50,18
1727,119,10
1727,151,8
1727,333,8
1727,503,18
1727,996,17
1727,1321,8
1728,94,18
1728,115,2
1728,482,2
1729,162,3
1729,309,11
1729,905,11
1730,1596,12
1730,1645,20
1735,77,21
1735,164,21
1735,188,3
1736,134,3
1736,162,17
1736,276,9
1736,181,3
1736,326,16
1736,381,20
1736,411,16
1736,429,25
1736,456,23
1736,510,10
1736,714,11
1736,1324,3
1737,230,18
1737,250,2
1738,493,2
1739,219,15
1739,357,15
1739,845,2
1739,1151,10
1739,1653,16
1740,31,16
1740,145,16
1740,163,3
1741,226,25
1741,253,3
1741,564,18
1742,115,3
1742,94,19
1742,339,15
1744,502,28
1745,60,21
1745,179,21
1745,202,3
1746,203,22
1746,227,3
1746,293,3
1746,406,3
1746,1342,3
1747,87,20
1747,109,62
1747,204,30
1747,472,12
1747,541,15
1747,1145,12
1747,1312,3
1747,1343,12
1748,432,8
1748,443,14
1748,460,28
1748,603,8
1748,629,26
1748,770,8
1748,1543,8
1749,117,30
1749,149,3
1749,249,3
1749,221,26
1750,127,18
1750,148,2
1750,217,2
1750,296,2
1751,271,2
1751,330,18
1751,351,2
1751,664,2
1751,1187,2
1752,171,35
1754,83,33
1754,269,33
1754,304,4
1755,132,25
1756,0,28
1756,138,28
1756,168,3
1756,235,25
1756,327,42
1756,543,10
1757,9,5
1757,61,5
1758,29,21
1759,86,18
1759,107,2
1759,645,14
1759,664,27
1760,162,3
1760,135,25
1760,418,9
1760,429,18
1760,453,10
1760,958,3
1760,1171,3
1761,25,15
1761,54,15
1761,71,2
1761,171,18
1761,191,2
1761,631,15
1761,705,2
1762,0,18
1764,199,21
1764,465,16
1764,575,17
1764,894,8
1764,1019,10
1764,1165,6
1764,1287,6
1767,0,27
1767,72,27
1767,101,3
1767,672,4
1767,638,32
1767,773,3
1768,97,14
1768,113,2
1769,0,24
1769,70,24
1769,96,3
1769,247,18
1769,299,22
1769,905,30
1771,57,7
1771,664,7
1771,718,15
1771,768,18
1771,1195,18
1773,350,28
1773,1091,28
1774,92,38
1774,302,24
1774,366,24
1774,798,24
1774,834,22
1774,1737,24
1775,1031,24
1776,195,7
1776,204,12
1776,237,19
1776,261,18
1776,376,20
1776,645,18
1778,294,7
1778,512,18
1778,620,18
1778,985,6
1779,86,21
1780,38,17
1780,157,17
1780,296,5
1780,835,17
1781,85,19
1781,197,26
1781,423,15
1781,1129,15
1781,1385,18
1781,1621,19
1782,115,17
1782,753,5
1782,722,29
1783,777,16
1783,1123,16
1784,0,31
1784,87,31
1784,120,4
1784,250,9
1784,1205,6
1786,491,17
1786,608,17
1787,29,30
1787,153,12
1787,329,15
1787,381,3
1787,349,30
1787,613,3
1787,585,26
1787,729,15
1788,143,12
1788,365,12
1788,1042,13
1788,1317,20
1788,1425,3
1788,1396,27
1789,88,25
1789,245,25
1789,272,3
1790,80,13
1790,99,34
1790,135,4
1790,530,25
1790,564,16
1790,638,16
1791,85,31
1791,338,31
1791,371,4
1791,865,4
1792,158,30
1792,248,3
1792,219,27
1792,644,15
1792,709,16
1792,810,31
1792,961,42
1792,1195,3
1792,1375,36
1793,32,31
1793,85,25
1793,196,13
1793,1310,6
1793,1777,31
1794,40,19
1794,226,2
1794,231,28
1794,261,3
1794,204,20
1794,331,29
1794,905,10
1794,1727,2
1794,1897,2
1795,38,22
1797,12,17
1797,118,17
1797,493,17
1797,759,17
1797,1018,17
1800,1073,15
1800,1151,7
1800,1216,15
1800,1361,20
1800,1847,7
1801,77,25
1802,0,28
1802,425,28
1802,602,28
1803,19,28
1804,102,15
1804,131,32
1804,946,7
1804,1017,16
1805,0,16
1805,52,28
1806,70,29
1807,0,24
1807,117,24
1807,143,3
1807,248,3
1807,355,3
1807,981,3
1807,1149,3
1807,1133,14
1809,36,15
1809,99,15
1809,133,15
1809,373,15
1809,676,15
1809,747,15
1809,828,15
1809,973,15
1809,1580,15
1809,1674,15
1810,142,18
1810,162,3
1810,452,3
1811,405,3
1812,40,50
1813,159,27
1813,188,3
1813,257,15
1813,277,14
1813,1058,3
1813,1195,3
1814,126,10
1814,1514,11
1815,63,10
1815,265,3
1815,233,30
1815,1291,3
1815,1436,2
1815,1581,3
1816,0,17
1816,136,17
1816,746,22
1816,1107,17
1816,1246,17
1816,1284,17
1816,1384,17
1816,1485,17
1817,76,14
1817,248,14
1817,264,2
1817,1142,7
1817,1854,18
1818,47,13
1818,98,22
1818,311,10
1818,795,13
1818,888,13
1818,942,13
1819,178,25
1819,362,25
1819,901,29
1820,84,16
1820,218,13
1820,1401,13
1821,264,14
1821,1269,14
1822,112,21
1822,300,21
1823,968,17
1823,1467,9
1823,1588,17
1824,78,15
1824,292,16
1824,343,12
1824,415,14
1825,21,24
1825,77,24
1825,103,3
1825,463,3
1825,677,24
1825,1134,3
1825,1374,24
1825,1662,3
1826,161,36
1826,273,24
1826,299,3
1826,433,11
1826,446,10
1826,458,19
1826,483,17
1826,518,36
1826,634,18
1826,556,3
1826,1624,12
1826,1641,20
1826,1682,18
1826,2616,3
1827,69,8
1827,142,20
1827,189,9
1827,299,8
1827,429,3
1828,139,3
1828,111,26
1828,455,47
1828,537,17
1829,0,16
1830,25,24
1830,109,24
1830,135,2
1830,222,14
1830,576,13
1831,84,17
1831,209,15
1831,289,15
1831,552,15
1831,633,17
1831,652,3
1831,953,15
1831,1034,26
1831,1313,15
1831,1386,3
1831,1357,27
1831,1891,15
1832,24,18
1832,60,21
1832,193,21
1832,216,3
1832,705,18
1832,783,18
1832,1026,18
1832,1207,19
1832,1315,18
1832,1387,3
1832,1427,24
1832,1498,3
1832,1653,18
1832,1689,3
1832,1757,3
1832,1939,3
1833,187,15
1834,129,17
1834,313,7
1834,148,3
1834,226,85
1834,418,35
1834,455,3
1834,893,3
1835,63,6
1835,71,6
1835,412,6
1835,882,18
1836,55,34
1836,453,28
1836,642,29
1836,788,6
1836,1330,28
1838,55,20
1838,204,19
1839,71,18
1840,363,3
1840,336,25
1840,755,3
1840,837,3
1840,963,28
1840,1289,3
1840,1340,15
1841,46,13
1841,73,13
1841,271,20
1841,322,20
1841,419,13
1841,462,50
1841,1025,13
1842,224,25
1844,0,10
1844,122,10
1844,469,10
1844,591,10
1844,682,10
1845,49,17
1845,68,17
1845,87,2
1845,906,2
1847,46,27
1847,199,26
1847,353,30
1847,760,14
1848,811,24
1848,837,3
1848,1078,3
1849,160,20
1849,182,3
1849,296,6
1849,729,11
1849,948,3
1849,969,11
1851,31,29
1853,108,26
1853,136,3
1854,38,20
1854,198,20
1854,556,20
1855,38,10
1856,20,15
1856,119,14
1856,141,24
1856,543,7
1856,741,8
1856,1178,14
1856,1348,14
1856,1368,25
1856,1769,14
1856,2001,14
1856,2184,23
1857,236,24
1858,56,28
1861,83,28
1861,323,3
1861,293,28
1861,658,3
1862,131,51
1862,223,16
1862,337,15
1862,467,15
1862,649,25
1862,711,16
1862,741,15
1862,1204,15
1863,109,37
1863,148,30
1863,181,3
1863,444,3
1863,476,3
1863,559,37
1863,599,4
1863,737,4
1864,214,4
1864,193,19
1865,87,26
1865,115,2
1865,653,2
1866,660,28
1866,721,26
1866,927,15
1869,0,20
1869,84,20
1869,106,3
1869,301,14
1870,38,35
1872,95,24
1872,121,3
1872,132,27
1872,272,3
1872,670,17
1874,101,39
1874,446,24
1874,633,46
1875,181,52
1876,39,23
1876,675,15
1876,719,15
1878,68,14
1878,142,14
1878,181,18
1878,643,14
1878,1740,14
1880,150,27
1880,205,2
1880,186,17
1881,10,35
1881,144,35
1881,181,3
1881,723,31
1882,31,15
1882,76,15
1882,380,15
1882,520,15
1882,619,15
1882,972,15
1882,1057,15
1882,1143,15
1884,16,13
1884,101,13
1884,823,13
1884,1567,5
1885,274,6
1886,6,15
1886,51,39
1886,166,41
1886,354,41
1887,261,16
1887,291,16
1887,309,3
1887,580,31
1888,73,20
1889,45,47
1889,187,24
1891,26,15
1893,801,3
1894,13,16
1894,33,14
1894,485,29
1894,860,15
1894,991,14
1895,265,3
1895,235,28
1895,356,3
1895,416,3
1895,1513,3
1895,1641,3
1896,12,17
1896,118,3
1896,99,17
1896,745,3
1898,179,15
1898,196,2
1898,1430,2
1899,1161,38
1900,36,17
1900,149,17
1900,168,4
1900,558,4
1901,0,17
1901,88,17
1901,107,4
1902,73,10
1902,182,10
1902,692,4
1902,661,29
1903,83,26
1903,291,22
1903,531,62
1903,598,26
1905,72,17
1905,95,10
1905,266,20
1905,288,3
1905,557,30
1905,2218,23
1906,10,16
1906,205,16
1906,481,29
1906,553,16
1906,621,18
1908,1111,24
1910,1114,3
1911,78,13
1911,93,2
1912,0,3
1913,147,3
1913,118,27
1913,554,13
1913,752,3
1915,230,14
1915,1117,5
1916,333,5
1916,378,3
1916,397,13
1916,350,26
1917,76,30
1917,219,14
1917,235,2
1917,298,25
1917,721,6
1918,102,11
1918,115,14
1919,0,15
1920,266,3
1920,508,3
1922,42,15
1922,243,15
1922,260,3
1922,1593,3
1922,1852,3
1923,95,35
1923,249,35
1925,224,2
1925,819,2
1925,1542,2
1926,195,3
1926,168,25
1927,182,14
1927,1020,14
1928,111,21
1928,134,21
1928,157,3
1928,307,18
1928,364,12
1928,529,3
1928,690,3
1928,970,3
1928,1181,3
1929,457,19
1929,491,23
1929,629,27
1929,1468,23
1930,721,5
1930,1257,17
1933,0,15
1933,24,29
1934,707,13
1934,1697,24
1936,331,21
1936,355,3
1936,397,3
1936,684,3
1937,17,37
1937,84,37
1938,472,40
1938,1029,3
1938,1136,3
1939,184,16
1939,206,19
1939,313,8
1939,323,2
1940,56,11
1940,70,11
1940,833,11
1940,1176,11
1941,62,14
1941,100,43
1941,296,5
1941,448,9
1941,704,6
1941,1717,14
1942,111,24
1942,141,24
1942,168,3
1942,271,3
1942,450,3
1942,617,3
1942,1400,3
1943,52,18
1943,147,18
1943,167,2
1945,65,24
1945,92,3
1945,98,17
1945,823,8
1945,1266,16
1946,22,29
1946,109,29
1946,140,3
1946,165,21
1946,191,22
1946,294,3
1946,644,3
1947,1252,3
1948,46,18
1948,66,18
1948,86,2
1948,95,22
1948,123,7
1948,204,2
1948,565,2
1948,947,49
1949,70,25
1949,97,3
1949,307,3
1949,454,3
1949,583,25
1950,141,2
1950,120,19
1951,849,41
1952,67,35
1952,104,3
1952,179,16
1952,274,3
1952,334,27
1952,363,3
1952,1307,14
1952,1437,26
1953,420,39
1955,112,13
1955,353,13
1955,368,2
1955,776,2
1956,62,3
1956,74,28
1956,105,3
1957,244,11
1957,290,13
1958,62,17
1958,93,17
1958,112,4
1958,1187,10
1958,1534,4
1958,1599,4
1959,80,35
1959,117,35
1959,154,3
1960,0,66
1960,160,51
1960,278,19
1960,329,14
1960,662,15
1960,767,24
1960,824,15
1961,115,25
1961,142,4
1961,218,5
1961,340,4
1961,762,24
1961,898,11
1961,1373,4
1961,1482,42
1962,121,30
1962,262,24
1962,471,16
1962,633,30
1962,1104,5
1962,1339,14
1962,1524,14
1963,79,21
1963,102,3
1963,503,21
1964,354,21
1965,735,16
1967,50,37
1967,139,31
1967,172,4
1967,426,4
1967,492,5
1967,612,2
1967,596,14
1967,712,2
1967,1143,4
1968,488,5
1968,1105,21
1969,49,23
1969,74,23
1969,270,34
1969,387,23
1970,557,17
1970,1035,29
1970,1100,11
1970,1112,20
1970,1138,19
1970,1447,15
1971,1148,7
1972,169,20
1972,1253,14
1972,1419,14
1972,1717,14
1972,1810,20
1973,37,15
1973,132,94
1973,615,15
1973,694,15
1974,20,16
1977,0,22
1977,162,22
1977,186,3
1977,617,3
1977,1230,3
1978,74,24
1978,100,3
1978,191,22
1978,275,36
1978,313,4
1978,532,3
1979,166,14
1979,297,6
1981,0,11
1981,120,14
1981,139,6
1981,346,13
1981,450,15
1981,477,13
1981,526,15
1981,554,15
1981,711,15
1981,738,13
1981,887,14
1981,947,15
1981,990,22
1981,1016,10
1981,1043,15
1981,1088,17
1981,1428,15
1981,1553,15
1982,107,9
1982,438,26
1982,411,3
1982,1046,21
1983,57,22
1983,165,7
1983,745,13
1984,277,22
1984,302,3
1984,1041,3
1984,1420,15
1984,1481,3
1986,84,12
1986,98,12
1986,263,12
1986,317,17
1986,341,12
1986,466,12
1986,1256,17
1986,1405,13
1986,1494,6
1986,1579,12
1986,1653,12
1987,69,31
1987,247,15
1987,2266,15
1988,0,11
1988,24,11
1988,37,2
1988,592,6
1988,1045,6
1989,186,44
1989,233,4
1989,1197,4
1991,99,45
1991,881,13
1993,75,14
1993,326,14
1994,228,4
1994,184,42
1994,402,4
1994,427,4
1994,562,4
1995,45,35
1995,82,35
1995,178,16
1995,119,3
1996,732,16
1996,1274,16
1997,55,17
1997,155,3
1997,254,19
1997,278,9
1997,362,3
1997,369,37
1997,554,19
1997,691,8
1997,942,17
1997,981,8
1997,1060,19
1997,1530,3
1997,1577,28
1997,1610,9
1997,1668,3
1997,1707,17
1999,36,21
1999,124,21
1999,336,18
1999,356,29
1999,387,24
1999,542,23
1999,656,31
1999,751,22
1999,800,13
1999,861,17
1999,909,14
1999,964,13
1999,1050,21
1999,1282,29
2001,34,20
2001,62,23
2001,156,25
2001,501,30
2001,539,3
2003,0,16
2004,54,21
2004,184,21
2004,207,3
2004,996,3
2005,60,26
2005,116,3
2005,88,26
2005,300,9
2008,51,26
2008,79,4
2009,106,18
2009,139,18
2009,159,2
2009,594,2
2009,1156,2
2010,0,14
2010,167,14
2010,1054,14
2011,110,21
2011,679,3
2011,855,3
2011,1275,22
2011,1350,3
2014,52,16
2014,177,40
2014,724,3
2014,896,34
2014,690,32
2014,975,16
2014,1487,16
2015,39,21
2015,359,8
2015,665,32
2016,48,17
2017,1255,17
2020,0,32
2020,78,6
2020,668,6
2023,289,17
2023,309,3
2023,1504,3
2024,40,27
2024,69,3
2025,304,26
2026,0,23
2026,25,33
2026,291,14
2026,805,23
2027,40,21
2027,63,3
2027,343,3
2027,395,3
2029,1,17
2030,0,48
2030,151,56
2030,209,5
2030,642,29
2031,0,27
2031,159,18
2033,0,25
2033,367,34
2034,61,14
2034,147,6
2034,173,14
2034,191,12
2035,58,22
2037,4,28
2039,23,25
2039,50,3
2039,107,25
2039,134,3
2039,718,3
2039,811,3
2040,39,27
2042,0,22
2042,192,2
2042,168,22
2042,967,6
2042,978,22
2044,193,18
2044,893,18
2045,80,30
2045,276,17
2045,524,5
2045,612,5
2045,770,17
2048,138,14
2049,163,25
2049,1067,8
2055,129,27
2055,626,3
2055,803,3
2055,811,3
2056,727,27
2056,756,3
2056,847,33
2063,15,27
2063,44,27
2063,73,3
2063,411,3
2063,752,3
2064,85,20
2064,107,20
2064,129,3
2065,172,2
2065,150,20
2066,10,10
2066,85,20
2066,116,22
2066,178,16
2066,572,20
2066,809,21
2067,172,6
2067,354,14
2069,234,20
2069,256,3
2071,35,15
2072,206,15
2072,223,3
2075,19,18
2075,73,18
2075,93,2
2075,113,40
2075,310,2
2076,81,17
2077,121,2
2077,99,20
2077,308,35
2077,973,2
2078,543,2
2078,801,2
2078,984,2
2078,1432,2
2079,106,18
2087,32,17
2087,159,21
2087,389,26
2088,770,18
2090,125,2
2090,108,15
2094,8,27
2095,72,24
2095,556,12
2095,672,22
2098,90,31
2098,165,31
2098,318,14
2098,334,18
2098,358,14
2098,468,17
2098,640,17
2100,0,23
2101,75,14
2101,1081,14
2102,97,30
2102,282,30
2102,314,3
2102,566,3
2102,620,3
2103,370,8
2104,59,17
2105,63,26
2105,91,26
2105,124,27
2105,202,16
2106,5,15
2106,22,13
2106,41,20
2106,137,13
2106,207,14
2106,361,14
2106,377,25
2106,406,20
2106,787,13
2106,810,15
2106,837,15
2108,703,2
2109,142,15
2109,544,15
2112,36,5
2112,274,5
2112,844,14
2112,941,14
2114,844,3
2114,1005,3
2114,1044,3
2118,41,20
2118,63,3
2118,69,30
2118,101,3
2118,137,3
2121,30,21
2122,245,16
2123,48,12
2124,0,21
2124,201,21
2124,224,3
2124,460,3
2126,142,19
2127,94,17
2127,590,14
2127,609,12
2127,732,5
2127,949,5
2128,0,33
2128,76,24
2128,102,3
2128,426,21
2128,472,18
2128,684,29
2128,715,4
2129,3,25
2130,290,41
2130,701,51
2130,823,38
2131,0,25
2131,225,28
2132,359,34
2134,0,71
2135,1394,16
2135,1464,40
2136,333,14
2136,414,7
2136,485,14
2137,29,18
2137,110,18
2137,130,2
2137,531,2
2138,32,15
2138,954,12
2138,1373,15
2138,1562,12
2140,579,16
2141,587,18
2142,197,39
2144,43,27
2144,72,27
2144,197,16
2144,667,27
2144,763,16
2144,984,16
2146,53,21
2146,337,13
2147,307,22
2149,22,26
2149,775,15
2149,796,24
2149,1355,15
2152,320,16
2152,368,51
2154,15,24
2154,104,24
2154,130,3
2154,796,3
2154,912,3
2154,961,3
2155,408,21
2158,172,2
2159,48,16
2159,275,16
2159,892,7
2160,12,22
2160,36,19
2161,31,14
2161,237,14
2161,263,3
2161,1058,10
2161,1341,14
2162,76,9
2162,177,22
2162,1310,12
2162,1757,28
2164,181,13
2164,221,20
2164,784,12
2164,1075,9
2164,2053,12
2164,2171,20
2167,221,14
2168,56,10
2168,183,10
2168,332,16
2168,708,10
2170,16,44
2170,147,44
2170,364,44
2171,80,28
2173,0,20
2174,238,15
2174,558,10
2174,1114,34
2174,1150,4
2175,379,4
2175,343,34
2175,1829,13
2176,70,28
2177,24,18
2177,63,18
2177,83,2
2177,557,2
2177,642,2
2179,41,33
2179,77,33
2179,1423,33
2180,0,47
2180,70,22
2180,153,34
2180,880,22
2181,0,44
2182,68,14
2182,169,14
2182,369,14
2182,564,14
2185,179,27
2188,44,33
2188,450,17
2189,0,22
2189,54,22
2189,78,3
2189,674,22
2190,1070,27
2191,76,14
2191,278,14
2191,879,14
2192,282,2
2192,265,15
2192,1108,27
2194,263,20
2194,310,21
2194,376,20
2194,991,13
2196,145,23
2197,1,14
2197,236,14
2197,340,33
2197,375,4
2197,505,15
2197,1542,26
2199,69,17
2199,183,42
2199,231,16
2200,0,26
2200,92,17
2200,615,17
2201,482,12
2204,143,21
2208,41,20
2208,63,22
2208,309,13
2208,459,2
2208,435,22
2208,1627,13
2208,1836,13
2209,40,22
2209,64,3
2209,340,22
2210,20,18
2210,188,17
2210,649,26
2210,1022,18
2211,852,49
2211,963,22
2213,27,21
2213,118,21
2214,231,22
2214,255,3
2214,575,3
2214,1185,3
2214,1220,3
2214,1441,3
2215,40,25
2217,62,35
2217,122,35
2217,159,3
2218,78,9
2218,130,9
2218,356,2
2218,332,22
2218,458,9
2218,503,9
2218,542,2
2218,1314,13
2218,1836,13
2218,1904,13
2220,239,3
2220,209,28
2222,0,21
2222,136,3
2222,113,21
2222,234,31
2223,35,26
2224,0,20
2225,59,21
2225,188,45
2225,932,45
2225,1215,22
2226,0,13
2226,17,56
2226,75,56
2226,364,11
2226,523,22
2227,376,21
2227,584,34
2228,723,48
2228,1239,13
2232,0,35
2232,145,26
2232,388,26
2232,1129,26
2234,0,13
2236,51,18
2239,0,43
2243,1,42
2243,45,57
2244,15,16
2246,386,8
2253,31,24
2253,133,24
2253,974,24
2255,555,23
2256,0,43
2257,15,14
2257,75,14
2257,237,14
2258,107,20
2258,169,20
2259,1,14
2262,27,14
2265,72,16
2266,86,20
2269,25,44
2270,40,38
2270,84,42
2272,14,12
2274,34,32
2274,79,51
2274,1108,14
2274,1242,15
2275,12,18
2276,26,44
2278,17,22
2279,42,14
2279,97,14
2279,168,14
2279,188,6
2279,466,15
2279,679,17
2279,782,6
2279,835,6
2281,0,22
2285,1245,24
2286,93,43
2289,28,44
2290,0,23
2290,54,6
2291,11,16
2291,48,56
2293,212,14
2296,55,18
2298,42,38
2298,238,64
2299,79,22
2299,152,2
2299,128,22
2299,510,2
2299,739,16
