0,231,3
1,1241,27
2,17,30
2,77,21
3,343,3
3,1554,3
9,74,6
9,104,6
9,156,6
9,222,32
9,564,5
9,1621,6
10,45,25
10,167,26
10,278,17
10,355,17
12,48,17
13,213,3
13,348,3
13,400,3
13,1430,3
15,68,21
15,364,21
15,1021,15
15,1737,5
15,1770,12
15,1802,9
15,1825,6
15,2083,6
15,2117,6
15,2705,21
18,881,2
18,1134,3
18,1166,2
18,1408,2
19,806,4
19,1293,15
19,1547,14
21,200,3
21,369,44
21,1545,25
23,31,67
23,197,30
23,229,3
23,414,3
23,444,3
23,640,3
23,717,16
25,432,3
25,580,3
25,1222,3
25,1290,12
25,1708,3
25,1765,11
25,1819,3
28,24,15
28,759,15
28,795,3
28,981,2
29,84,18
30,1131,2
30,1285,2
31,190,3
31,349,28
31,963,3
31,1088,3
32,326,3
32,553,3
32,893,3
32,990,3
32,1769,3
32,1876,3
34,666,3
35,85,3
35,890,4
35,952,4
35,959,34
35,897,48
35,1599,3
35,1738,3
35,1921,3
35,2169,3
38,226,3
38,396,3
38,927,3
42,317,6
42,721,3
44,624,12
46,217,10
46,1462,4
50,12,3
50,376,3
50,518,3
50,878,3
50,1034,9
50,1078,3
50,1143,3
51,29,3
51,66,43
51,211,30
51,243,3
51,369,3
52,257,22
52,935,14
54,1184,6
54,1299,6
56,127,27
58,215,18
58,1154,20
60,198,5
60,382,5
60,877,3
60,1380,3
60,1466,3
60,1518,17
61,261,29
61,1037,10
62,397,9
62,1463,18
63,107,8
63,275,21
64,0,15
64,126,15
64,299,3
64,1193,3
65,110,28
65,140,28
65,170,3
65,292,3
65,519,3
65,849,3
67,15,28
67,145,41
67,384,2
68,148,40
69,124,44
71,9,15
71,174,15
71,191,3
71,347,3
71,687,3
71,829,3
71,1117,3
71,1227,13
71,1293,7
71,1347,21
71,1567,3
72,655,14
72,1017,14
72,1366,6
73,220,3
73,988,3
75,446,39
77,303,2
77,171,20
77,559,2
77,631,2
77,1037,2
77,1440,2
78,407,2
78,1607,2
78,1650,32
80,688,2
80,882,2
80,1042,4
80,1149,2
80,1258,2
80,1459,2
80,1523,4
80,1582,2
80,1624,2
80,1792,2
80,1901,2
80,1993,3
81,121,23
81,329,23
81,633,14
81,989,23
81,1322,23
83,15,16
83,90,16
83,163,39
83,326,46
83,414,16
83,876,16
84,110,26
84,172,30
86,19,35
86,150,35
86,1203,27
87,19,27
87,367,16
87,434,27
87,634,5
87,1077,16
88,491,17
88,803,17
88,997,6
88,1140,17
89,659,3
89,1044,3
90,787,5
91,100,24
91,310,3
91,745,3
91,1019,4
91,1090,3
91,1622,3
92,320,2
92,386,2
92,641,2
92,1515,2
93,86,5
93,445,23
93,573,5
95,342,3
95,995,3
95,1244,22
96,673,16
98,159,13
98,183,6
98,1183,13
99,510,3
99,1356,3
100,135,6
100,318,3
100,718,6
100,782,3
100,874,3
100,915,6
100,1035,6
100,1438,6
100,1490,3
101,394,5
101,587,5
101,788,5
101,847,5
101,1301,5
101,1853,5
102,1626,3
103,620,35
103,1080,3
103,1787,3
105,850,10
106,365,14
107,1582,6
107,2056,6
108,904,4
108,1073,6
109,230,18
109,417,18
109,679,3
109,751,3
109,1392,3
110,819,2
111,1034,12
112,1075,3
112,1414,3
119,81,48
119,1929,17
119,2387,4
122,295,2
122,646,2
124,1511,3
126,329,3
128,231,31
128,276,3
128,512,6
128,566,3
128,688,3
128,960,3
128,1132,3
128,1266,3
128,1394,3
128,1497,3
128,1574,3
128,1592,4
128,1886,3
129,632,4
130,231,2
130,606,3
130,1051,3
130,1262,2
131,895,16
132,1007,2
135,68,28
135,98,3
135,344,3
135,762,4
136,63,26
136,166,34
136,280,22
136,351,8
136,588,26
136,1566,22
138,175,3
138,229,3
138,597,3
138,670,3
138,988,3
141,248,3
142,525,6
142,1677,21
142,2230,14
143,1868,7
144,631,4
146,494,9
149,513,15
149,552,3
149,780,19
149,1275,14
150,55,15
150,72,15
150,289,15
150,409,15
150,704,16
150,1448,15
150,1661,2
150,1686,15
153,332,6
157,50,30
157,278,3
157,807,3
157,1429,8
157,1566,8
159,65,2
159,353,6
159,508,3
159,749,3
159,876,2
160,73,24
160,276,24
160,197,3
160,368,3
160,810,4
161,154,4
161,407,4
161,430,14
161,727,4
161,757,4
161,775,4
161,870,4
161,886,4
161,1023,4
161,1089,4
161,1271,4
161,1291,4
161,1312,4
161,1332,4
161,1438,4
162,421,12
167,150,9
168,154,14
168,351,6
168,380,26
171,211,2
174,145,26
176,839,3
177,37,18
177,348,18
177,993,2
177,1088,38
177,1173,2
177,1314,2
178,288,3
178,1045,3
178,1104,3
178,1559,3
179,239,6
179,708,17
179,818,21
180,1001,3
180,1034,3
180,1412,3
186,116,3
186,301,3
186,384,30
186,505,10
186,416,3
186,635,3
186,767,3
186,823,3
186,892,17
186,951,3
186,1053,6
186,1094,3
186,1272,3
186,1320,3
186,1325,3
186,1454,6
186,1630,3
187,372,3
187,473,3
187,655,12
187,756,3
187,786,3
188,787,2
188,930,2
189,674,19
189,1058,6
190,422,2
190,478,2
190,1678,2
191,159,5
192,370,39
192,888,2
192,1356,2
193,1294,12
194,179,23
194,300,13
194,703,21
194,838,29
194,1664,13
194,1797,14
194,1938,13
195,137,13
195,1194,61
195,1349,20
196,516,36
197,1557,3
200,69,6
201,21,3
201,363,9
201,513,9
201,666,9
201,833,3
202,54,13
202,327,13
203,208,30
203,263,3
203,319,10
203,442,3
203,600,3
203,798,3
203,1163,3
204,146,20
204,388,24
204,437,17
204,694,21
205,879,4
206,205,3
206,1014,3
206,1543,3
207,1067,18
210,1039,3
210,1446,2
211,893,3
211,1062,3
212,0,14
212,503,14
212,652,2
212,678,2
214,296,37
214,569,3
214,1539,4
214,1929,4
215,123,13
215,394,13
215,1429,13
215,1556,13
216,60,4
216,212,4
216,477,4
216,568,4
216,646,4
216,674,4
216,772,4
216,826,4
216,926,4
216,963,2
216,1043,2
216,1059,4
217,112,6
217,151,26
217,1450,15
217,1590,15
217,1698,15
218,244,3
218,530,3
218,757,3
218,803,3
220,446,5
220,516,3
221,1216,13
222,570,2
223,38,37
224,242,6
224,357,3
224,212,16
224,455,3
224,489,6
224,623,6
224,718,3
224,1212,9
225,255,9
225,1889,4
226,1537,25
226,1687,24
228,230,2
230,357,3
230,886,3
230,1000,3
234,787,4
236,311,2
236,1681,2
237,26,3
237,96,3
237,129,3
237,300,30
237,484,3
237,625,3
237,683,3
237,955,3
237,1237,3
237,1636,3
237,1661,3
238,762,4
238,1096,4
239,209,3
239,408,5
239,518,3
239,1007,3
239,1582,3
239,1840,3
240,43,21
240,156,31
240,254,21
240,461,21
240,510,21
240,621,3
240,952,3
240,1083,3
240,1149,3
240,1182,6
240,1221,15
240,1374,3
240,1438,26
240,1516,4
240,1582,3
241,561,3
241,689,3
242,631,4
242,1209,14
242,1482,4
242,1701,4
242,1899,4
243,280,3
243,354,2
243,441,20
243,838,3
244,1663,4
248,442,3
248,573,3
248,851,3
248,1185,3
253,202,13
253,235,14
253,381,14
253,852,36
253,999,14
253,1354,13
255,270,2
255,447,2
255,764,2
255,1231,22
256,402,3
256,502,3
258,332,2
258,521,2
258,738,2
259,222,3
259,248,8
259,395,3
259,631,3
259,700,3
259,776,3
259,853,3
262,53,42
262,371,5
262,620,30
262,694,5
262,2015,5
263,715,3
264,591,3
264,1324,3
264,1478,3
265,354,3
265,1255,3
266,117,35
266,733,6
267,185,30
267,336,3
267,891,3
268,16,8
268,903,3
270,788,2
270,1461,3
270,1938,2
271,721,4
272,524,3
272,663,3
272,452,21
272,870,3
272,1266,3
272,1373,3
272,1404,3
272,1621,3
273,824,4
273,957,2
273,1110,3
273,1118,4
275,1134,15
275,1296,2
276,283,7
276,417,18
276,554,7
277,1231,3
280,1076,3
280,1159,3
280,1363,3
280,1943,3
281,1077,3
283,44,26
283,490,15
283,823,4
283,948,4
283,1001,4
283,1166,15
283,1486,15
284,680,4
284,1560,4
284,2265,4
284,2412,4
284,3059,4
286,0,4
286,578,2
286,1083,4
287,687,4
287,884,4
287,909,4
287,951,4
287,1392,15
289,566,26
289,696,3
289,936,15
289,1017,6
289,1090,3
289,1324,20
290,324,32
290,1599,13
291,208,6
292,91,15
292,108,3
292,507,15
294,394,19
294,842,4
295,594,3
295,1735,3
296,1820,4
297,52,25
297,320,14
297,817,14
297,911,22
298,163,25
299,62,3
299,184,11
299,299,3
301,92,36
301,726,13
303,330,2
303,927,3
303,943,2
304,303,10
304,764,6
304,1182,6
305,172,36
306,1257,3
306,1744,3
306,2342,3
307,86,13
308,318,3
308,612,3
309,505,3
309,631,4
309,706,4
309,746,3
309,1037,4
310,722,3
310,818,3
310,984,3
310,1198,3
310,1690,2
311,1069,3
311,1095,3
311,1181,3
311,1210,3
311,1348,3
312,35,26
312,89,4
312,63,3
312,171,26
312,199,3
312,570,15
312,767,3
312,805,15
312,903,4
312,991,4
312,1636,27
313,239,36
314,195,18
314,960,4
314,1449,15
314,1852,8
315,1218,6
315,1282,2
315,1154,12
315,1982,2
317,657,23
319,19,4
319,482,4
319,776,2
319,912,3
321,538,4
321,701,4
322,1495,19
324,26,23
324,69,23
324,327,13
324,493,7
324,804,3
324,831,7
324,1290,3
324,1325,3
324,1679,23
326,95,13
326,208,13
327,748,2
328,474,3
328,1343,3
328,1481,3
330,427,52
330,514,7
330,825,2
330,847,3
330,955,2
330,1249,2
330,1338,2
330,1625,3
330,1854,2
330,1874,3
330,1956,3
330,2024,2
330,2168,2
330,2185,14
330,2472,24
330,2902,2
335,195,5
335,281,16
335,374,20
335,1317,3
335,1587,3
338,69,36
338,147,30
338,321,26
338,441,3
338,562,3
338,585,24
338,1035,3
338,1336,15
338,1484,30
338,1939,15
338,2076,32
338,2359,15
339,94,17
341,470,20
341,636,20
344,299,3
344,399,3
344,1198,3
344,1325,3
344,1421,3
346,72,11
347,342,3
348,133,32
348,197,35
348,399,36
348,507,26
348,852,13
348,891,14
348,1632,13
349,153,27
349,226,2
349,1084,2
350,415,4
350,553,4
350,661,4
350,946,4
350,1520,4
354,246,6
354,1774,18
355,27,19
355,55,5
355,478,14
355,701,3
355,956,27
355,1050,3
356,915,2
356,1681,2
356,1703,13
357,1222,14
358,455,4
358,1269,2
359,948,13
359,1316,2
363,255,6
363,905,6
365,629,3
365,1016,3
365,1388,3
365,1885,3
365,2250,3
366,283,2
366,320,22
366,414,2
366,486,2
366,524,2
366,697,2
366,939,2
366,1004,2
366,1094,2
367,1454,3
367,2021,3
367,2197,3
367,2379,3
368,49,8
368,305,35
368,433,26
368,591,26
368,1041,26
369,460,19
370,64,12
370,172,40
370,767,12
371,459,8
371,489,18
372,1664,3
373,784,9
373,1936,9
374,298,4
374,65,19
374,389,3
374,438,4
375,257,18
376,44,15
376,81,15
376,98,3
376,176,3
378,455,3
378,988,3
380,257,2
380,358,2
380,1435,2
380,2235,21
380,2551,3
380,2717,5
381,709,12
381,1531,5
383,88,15
383,412,25
383,731,15
383,1394,15
384,35,15
384,205,23
384,337,15
384,455,43
384,604,26
384,632,3
384,735,15
384,1246,3
384,1432,30
384,1957,30
385,804,3
385,955,3
385,1696,3
387,514,4
387,991,4
387,1164,4
387,1302,4
387,1434,4
387,1485,4
387,1554,4
387,1792,12
387,1847,4
387,1875,4
388,115,8
388,899,8
389,1110,3
391,1174,55
392,346,4
393,854,3
393,861,2
393,1084,6
393,1739,5
394,131,15
394,293,15
394,599,15
394,631,43
394,718,30
394,1521,15
394,1606,6
394,1750,15
396,227,37
396,679,25
397,730,14
397,925,6
398,376,3
398,419,3
398,1138,3
398,1288,3
399,1507,5
400,1419,2
401,25,4
401,301,4
401,598,4
401,818,17
401,1258,4
402,58,14
402,382,20
402,683,8
402,817,20
402,1156,20
403,72,3
403,312,3
403,477,3
403,1522,3
404,534,3
405,553,2
405,861,2
405,901,2
405,1011,2
408,905,19
409,497,4
409,703,3
409,1289,4
409,1516,3
410,478,2
410,914,2
412,127,3
412,43,21
412,512,3
412,946,3
412,1007,3
412,1093,3
412,1666,3
412,1731,3
412,1808,3
416,50,15
416,124,15
416,141,3
416,243,13
416,442,3
416,613,3
417,576,10
418,1013,3
421,206,3
421,489,3
421,515,3
421,658,3
421,874,3
421,922,3
421,1074,10
425,695,3
425,1403,3
427,247,13
427,344,2
427,1190,2
427,1529,2
429,200,3
429,532,3
429,716,9
431,447,13
432,102,16
433,0,10
433,557,10
433,682,10
433,958,6
433,1235,10
433,1584,6
433,1636,10
433,1948,6
433,1962,24
434,269,3
434,1510,28
435,56,31
435,152,36
435,442,39
435,1292,17
435,1411,23
436,127,13
436,369,3
436,472,3
436,732,3
436,778,3
436,1360,3
438,622,5
439,9,3
439,515,3
439,685,3
440,408,4
440,438,4
440,491,4
440,594,4
440,1036,4
440,1191,2
441,208,8
441,1118,21
441,1326,3
441,1498,4
441,1514,8
441,1425,45
441,1960,2
441,2033,2
441,2120,8
442,382,3
442,522,11
442,559,3
442,1570,3
442,1913,4
442,2008,3
443,178,20
443,434,2
443,703,2
443,744,2
443,836,2
443,886,2
443,988,2
443,1533,2
443,1578,2
443,1737,2
443,1798,2
443,2058,2
443,2327,12
443,2473,2
444,256,6
444,431,6
444,1378,4
446,367,9
446,1082,14
447,392,4
447,568,20
447,1467,4
448,604,2
448,855,2
449,153,21
449,572,5
449,1220,5
449,1316,5
450,30,3
450,233,3
450,313,3
450,367,3
450,561,3
451,1177,25
451,1486,13
453,748,3
453,1186,3
455,536,3
455,1462,3
455,1732,3
457,159,14
457,234,2
457,279,2
457,593,2
457,995,2
458,241,6
458,312,3
458,561,3
458,677,3
458,986,3
458,1183,6
458,1303,6
458,1379,5
458,1654,3
459,587,25
459,728,5
460,374,2
460,326,9
460,678,2
460,844,2
461,817,3
461,876,3
461,1004,3
463,37,21
463,244,26
463,329,26
463,451,17
463,747,10
463,1093,32
464,519,3
464,593,3
464,785,3
464,884,3
464,1148,3
464,1476,2
464,1586,3
464,1643,3
464,1759,3
464,1836,3
465,507,7
465,786,7
469,529,3
469,733,3
469,795,3
470,540,15
470,566,3
470,730,9
470,894,4
470,949,15
470,1122,15
471,41,3
471,62,20
471,364,3
471,172,25
471,534,3
471,657,3
471,769,3
471,780,3
471,850,3
471,1022,3
471,1232,3
471,1307,3
471,1416,3
471,1464,4
471,1605,3
474,7,3
474,274,3
476,199,13
476,324,13
476,584,22
476,1039,13
478,464,3
478,653,3
479,825,2
480,1575,3
481,369,8
483,359,4
483,585,5
483,905,5
483,1474,5
483,1593,5
483,1637,4
483,1729,5
483,1872,5
483,1988,4
483,2180,5
483,2278,4
483,2334,4
483,2375,4
483,2398,5
483,2440,4
483,2506,4
483,2527,4
483,2606,4
484,16,3
484,147,3
484,187,21
484,236,7
484,301,3
484,668,2
484,800,7
484,958,3
484,983,7
484,1070,3
484,1143,20
485,1220,28
485,1306,3
486,71,20
486,204,6
487,252,3
488,143,8
488,388,12
488,421,8
489,56,28
489,86,28
489,116,3
489,463,3
489,485,3
489,1213,2
489,1348,3
490,398,14
490,414,2
491,1213,13
493,1125,4
493,1324,4
496,706,2
497,17,15
497,44,15
497,222,3
497,1035,3
499,212,3
499,99,24
499,520,3
500,23,3
501,4,11
501,127,11
501,711,3
503,42,18
503,105,18
503,200,33
503,314,30
503,435,23
503,579,18
503,715,18
503,793,6
503,819,14
503,901,18
503,945,23
505,175,3
505,41,24
505,258,3
505,199,24
505,431,3
505,544,3
505,891,2
505,969,3
505,992,2
505,1057,2
505,1569,3
505,1677,3
506,654,12
506,959,6
509,52,25
509,140,57
511,215,3
511,316,3
511,428,3
511,613,3
511,800,3
511,1069,3
511,1186,3
511,1297,3
512,94,6
512,385,4
512,831,4
512,842,4
512,971,5
512,1066,4
512,1075,4
512,1335,4
512,1359,4
512,1512,4
512,1521,4
513,25,4
513,382,2
513,282,15
513,710,4
513,907,4
517,288,6
517,662,19
517,922,19
517,1389,19
518,14,3
518,350,2
518,594,9
518,1139,6
518,1154,2
520,72,19
520,495,13
520,771,61
520,889,18
520,1041,23
520,1578,19
521,40,28
521,703,3
521,990,4
522,656,9
523,224,5
523,540,3
523,742,3
523,926,5
523,1017,3
523,1214,5
523,1237,17
524,1027,3
524,1128,3
524,1184,3
528,365,6
529,536,3
529,1468,3
529,1538,2
531,75,54
531,150,35
533,516,13
533,743,13
534,620,13
536,271,3
536,452,3
536,740,3
536,1023,3
536,1086,3
536,1209,3
536,1384,3
537,1353,2
539,381,7
539,562,3
539,657,3
539,755,7
539,1393,7
540,458,13
541,322,9
541,409,3
541,480,3
541,544,3
541,611,6
541,678,3
541,698,3
541,754,6
541,824,3
541,850,3
541,1057,3
541,1186,12
541,1304,3
541,1359,3
541,1390,3
541,1522,3
541,1542,3
541,1581,3
541,1664,3
541,1703,3
541,1848,3
542,306,14
543,227,3
543,153,23
543,306,3
543,551,21
543,673,3
543,1561,4
543,3651,3
545,22,28
547,435,3
547,794,3
547,824,3
547,914,3
547,946,3
547,957,3
547,1182,3
547,1219,3
547,1845,3
548,345,3
548,396,3
548,439,3
548,468,3
548,512,4
548,1025,3
550,766,3
551,175,13
551,589,13
551,1001,19
551,1066,13
551,1226,13
551,1440,13
551,1612,13
551,2054,13
552,31,12
555,285,15
555,853,4
555,1049,4
555,1103,4
555,1412,4
555,1732,15
555,1768,4
555,1787,15
556,411,3
556,1381,4
557,293,4
557,750,4
557,1004,4
557,1078,15
560,394,2
560,904,21
561,266,3
561,1019,3
561,1111,3
563,612,10
563,841,27
564,411,4
565,438,4
565,781,4
565,1289,4
565,1581,4
565,1863,4
565,1993,4
565,2431,4
565,2540,4
565,2622,4
565,2888,4
565,2990,4
565,3127,4
566,340,3
566,495,3
566,557,3
566,601,3
566,1096,3
566,1781,3
566,1978,3
566,2020,3
568,25,9
568,1029,9
568,1548,7
569,99,6
569,1235,13
569,1311,3
569,1388,3
569,1740,3
569,1802,3
569,1923,3
569,1988,3
570,1000,2
571,45,6
571,73,5
571,373,3
571,708,3
571,1372,6
571,1400,5
571,1602,6
572,329,2
572,523,2
572,698,2
574,246,3
574,360,3
574,639,28
574,901,43
574,1083,3
575,643,3
576,726,6
576,745,13
576,837,6
576,936,2
576,1408,4
576,1430,3
576,1547,11
576,1585,6
578,254,3
578,358,3
578,1201,20
579,339,2
579,373,4
579,531,2
579,724,4
579,1277,4
579,1373,2
584,254,3
584,359,20
584,446,3
584,479,20
584,622,3
584,773,3
584,891,3
584,1049,3
584,1128,3
584,1220,3
584,1431,3
584,1546,3
584,1646,3
584,1725,3
585,875,4
585,934,3
586,147,24
587,217,4
588,225,4
589,1508,15
589,1822,15
590,830,4
590,1039,4
591,61,31
591,255,30
591,287,3
591,362,3
591,389,3
591,508,3
591,615,3
591,780,3
591,925,3
591,1327,31
592,516,33
593,0,15
593,245,3
593,1334,3
594,54,6
594,420,2
594,821,6
594,1040,2
594,1078,5
594,1410,2
594,2287,2
594,2477,2
594,2760,2
595,1565,18
596,840,62
597,425,5
598,291,9
598,936,6
598,991,2
598,1243,2
598,1567,2
598,1882,12
600,359,2
600,478,38
600,952,5
600,1019,2
600,1207,5
600,1486,2
601,648,35
601,829,3
601,1446,3
602,12,15
603,246,4
603,132,28
603,388,4
603,571,4
603,827,4
603,976,4
603,1166,4
603,1278,4
603,1345,4
605,131,3
608,279,4
608,334,4
609,292,3
609,483,3
609,772,3
609,839,3
609,894,3
609,2195,3
610,1889,3
611,600,12
612,119,7
612,913,17
613,294,3
613,479,4
613,1149,4
613,1184,4
613,1237,4
613,1373,12
613,1691,3
614,22,20
614,618,4
614,1267,3
614,1698,3
615,490,5
615,759,6
615,924,6
618,198,6
620,0,63
620,65,63
620,130,6
620,395,3
620,591,2
620,800,6
621,720,2
624,9,15
624,145,15
624,162,3
624,404,3
624,1740,3
624,1851,3
624,1967,3
625,42,33
625,77,28
625,116,33
625,107,3
625,151,4
625,248,3
625,305,4
625,645,8
626,654,2
626,1032,2
626,1182,2
626,1899,2
626,2199,2
628,693,4
628,1183,4
631,222,3
631,461,3
631,628,3
631,655,3
631,832,3
631,852,3
631,1105,3
631,1214,29
631,1316,5
632,657,3
632,1001,4
632,1693,3
632,1819,4
632,1929,5
633,429,25
633,456,3
633,1560,3
633,1568,3
633,1749,4
635,346,3
635,857,3
636,1332,3
637,679,37
637,737,8
637,1176,4
638,422,6
638,705,19
638,1020,17
638,1068,3
638,1091,10
638,1647,3
638,1879,10
638,1932,3
638,2034,20
638,2183,3
638,2417,3
638,2439,44
638,2566,6
638,2590,3
638,2605,10
639,216,30
639,315,3
639,464,3
639,708,3
639,830,3
639,1116,7
640,1202,4
640,1559,4
640,1793,4
641,16,3
641,185,4
641,451,4
641,638,4
641,667,4
641,889,4
642,267,3
642,2011,14
643,78,3
646,313,13
646,659,6
647,59,14
647,87,48
647,193,25
647,137,7
647,75,2
647,266,14
647,381,2
647,621,2
647,863,3
647,1109,3
647,1251,3
647,1450,7
647,1466,2
648,78,3
648,103,3
648,379,3
648,425,3
648,588,3
648,648,3
649,204,17
649,335,6
649,645,6
649,697,13
649,933,7
649,1114,17
650,39,30
650,344,3
650,161,30
651,1,30
651,215,30
652,39,12
652,261,8
652,743,5
653,597,3
653,934,5
653,1069,15
653,1260,3
654,109,4
655,147,16
655,531,4
655,576,14
663,13,25
663,124,25
663,151,3
663,257,7
663,586,3
663,611,3
663,699,3
663,1198,7
665,459,3
665,690,3
665,741,3
668,162,3
668,568,5
668,970,3
671,373,2
672,24,3
672,111,34
673,551,2
680,40,8
680,120,17
680,577,8
680,752,8
681,676,15
681,917,15
682,273,4
682,544,4
683,34,3
683,132,30
683,219,6
683,295,3
683,316,6
683,524,6
683,726,3
683,757,17
683,858,3
683,945,3
685,22,27
685,235,3
691,102,15
691,142,15
691,178,18
691,308,12
691,159,3
691,411,18
691,591,15
691,664,18
691,789,15
691,847,3
691,1109,18
691,1233,12
691,1386,3
695,68,24
695,156,17
695,234,23
695,445,6
695,548,6
695,630,6
695,691,6
695,890,7
695,1114,23
695,1283,6
695,1566,6
695,2040,6
695,2254,24
696,765,4
696,933,4
699,802,12
702,571,2
703,57,3
703,202,3
703,793,3
703,1527,3
704,496,2
704,742,2
706,1438,4
707,68,3
708,445,4
708,1666,3
709,136,17
709,1281,2
709,1683,5
710,549,3
710,643,3
710,683,17
710,1051,3
712,16,30
712,243,3
712,296,3
712,548,2
712,863,3
713,270,3
713,89,24
713,685,4
713,1590,4
714,664,3
715,23,14
715,182,14
715,513,14
716,346,14
717,350,15
717,367,3
717,424,12
717,564,3
717,574,3
717,882,3
717,906,3
717,1069,17
717,1310,3
717,1780,3
717,1867,3
717,1970,3
719,291,22
719,516,25
719,807,3
719,1117,3
719,1374,3
719,1507,23
720,35,24
720,124,15
720,405,19
720,458,20
720,504,19
720,1042,24
720,1161,23
720,1273,14
720,1569,23
720,1630,24
720,1748,24
721,367,14
724,65,10
724,318,14
724,395,4
724,806,3
724,1072,7
724,1090,3
724,1199,10
724,1430,3
724,1490,3
724,1618,3
725,66,38
725,115,38
725,282,3
725,1212,3
725,1347,3
725,1426,3
725,1466,3
725,1582,3
725,1653,3
726,974,13
726,1220,20
727,401,3
727,878,3
727,1035,3
727,1178,3
727,1269,3
728,206,12
728,833,28
729,745,14
730,62,5
731,314,2
731,705,2
731,857,2
732,108,15
732,237,15
733,1582,4
734,98,17
734,151,6
734,414,6
734,629,6
734,778,12
734,1747,3
734,1815,6
738,1083,33
739,364,3
739,457,3
739,601,3
739,701,3
739,831,3
739,1208,3
739,1455,3
739,1601,3
739,1825,3
739,1881,3
739,1969,3
740,223,18
740,330,3
740,849,3
740,1347,3
740,1578,3
742,171,2
742,1665,6
744,136,23
744,234,13
744,322,22
744,357,33
744,459,23
744,988,13
744,1046,28
744,1259,13
744,1767,24
745,15,14
745,124,15
745,174,9
745,232,15
745,563,20
745,657,31
745,780,15
745,1257,6
745,1350,6
745,1428,6
745,1493,16
748,1378,27
749,243,4
749,672,4
749,877,4
749,1094,4
749,1387,4
753,875,13
755,744,3
755,903,3
755,1312,13
755,1732,3
755,1775,25
755,2055,3
757,902,4
757,1193,4
757,1600,12
757,1617,4
758,259,25
758,835,8
760,38,4
760,639,4
760,916,4
760,1019,4
762,553,11
762,568,3
762,887,3
762,905,11
762,924,3
762,945,11
762,1210,11
762,1283,3
762,1564,11
763,141,23
763,273,3
763,380,3
763,483,3
763,509,3
763,654,3
763,729,3
763,878,3
763,987,3
763,1191,28
763,1270,3
764,836,4
765,1651,3
766,18,6
766,194,6
766,255,11
766,429,3
766,489,3
766,701,11
766,956,11
766,1024,11
766,1102,3
766,1353,3
766,1517,10
766,1576,3
766,1626,3
766,1895,12
766,2004,11
766,2048,3
766,2108,3
766,2163,6
766,2201,11
766,2276,11
766,2359,3
766,2465,18
766,2521,10
766,2584,3
766,2637,3
771,497,3
771,616,3
771,764,3
771,1305,3
771,1515,3
771,1699,3
771,1946,3
771,2184,3
771,2258,3
771,2363,3
773,205,19
773,416,3
773,484,3
773,670,3
773,693,3
773,855,3
773,876,3
773,978,10
773,1140,3
773,1196,9
773,1370,27
774,63,38
774,256,4
775,1185,3
775,1266,3
775,1398,6
775,2484,3
775,3024,6
775,3448,6
775,4010,6
775,4215,33
775,5275,6
775,6007,6
776,33,3
776,176,46
776,344,3
776,461,3
776,580,3
776,778,3
776,1035,3
777,30,22
777,429,3
777,100,22
777,837,3
777,919,3
777,1001,3
778,312,2
779,92,13
779,238,13
779,327,7
779,924,7
779,1146,7
779,1301,7
780,598,4
781,667,3
783,1732,14
784,74,20
784,202,24
784,391,15
784,1010,20
785,281,21
785,1063,4
786,506,18
786,585,3
786,735,3
788,215,14
788,256,22
788,528,5
788,1453,15
788,1569,6
788,1637,15
788,1863,14
789,73,31
789,123,16
789,191,23
789,244,31
789,400,26
790,753,3
790,992,3
790,1136,3
791,573,4
791,743,3
791,835,4
791,979,4
791,1781,4
791,1820,21
792,990,14
793,208,3
793,360,3
793,568,3
794,55,3
794,176,3
794,307,3
794,609,3
794,647,3
794,722,3
794,953,30
794,985,3
794,1045,3
794,1255,3
794,1312,9
794,1362,3
794,1412,3
794,1594,3
794,1626,3
796,79,15
796,383,15
796,452,15
796,814,15
796,1335,15
797,712,2
797,894,2
797,906,19
797,976,3
797,1020,2
797,1032,2
797,1079,3
798,1582,13
799,57,24
799,172,15
799,377,15
799,893,24
799,962,18
799,1009,68
799,1543,36
799,2109,24
799,2342,28
799,2485,15
801,1460,3
805,240,3
805,757,3
807,388,3
807,411,3
807,644,3
807,687,3
807,1114,3
807,1298,3
807,1649,3
809,616,17
810,248,10
811,25,24
811,107,13
811,261,24
811,406,24
811,489,25
811,591,35
811,694,13
811,1437,24
811,1597,24
814,19,6
818,93,6
818,248,5
818,464,3
818,807,6
818,856,11
818,877,6
818,1103,6
818,1152,6
818,1460,11
818,1586,6
818,1810,11
818,1942,11
819,63,6
819,1069,6
819,1236,6
819,1265,5
819,1287,13
821,476,2
821,649,17
821,1594,3
821,2625,14
821,2669,27
822,1257,2
823,40,13
823,312,6
823,772,7
823,1788,13
824,218,4
824,654,4
825,569,24
827,447,2
827,1362,14
827,1507,2
827,1664,4
829,439,3
829,632,3
829,1089,3
829,1224,3
829,1268,3
829,1318,3
830,528,4
830,813,4
830,991,4
831,717,3
833,98,39
833,403,2
833,429,2
833,633,2
833,656,2
833,791,2
833,1305,2
834,33,29
834,66,16
834,131,16
834,181,18
834,236,32
834,149,2
834,299,36
834,433,2
834,440,8
834,468,28
834,573,2
834,668,2
834,840,12
834,901,20
834,932,23
834,1093,23
837,111,7
837,1628,7
839,94,3
839,427,3
839,487,3
839,959,3
839,1064,3
839,1247,3
839,1330,3
839,1412,3
839,1560,3
839,1692,3
843,334,21
843,640,3
843,957,3
844,87,16
844,118,16
844,206,26
844,300,16
844,800,25
844,878,33
845,35,20
846,177,15
846,450,3
846,1374,21
846,1465,14
846,1667,21
847,243,26
847,431,26
847,2180,20
849,30,18
849,225,3
849,539,9
849,579,2
849,901,2
849,1056,2
849,1366,2
850,121,8
850,279,8
851,403,4
851,599,3
851,703,15
851,1047,9
851,1098,2
851,1128,15
852,426,6
852,1118,4
852,1343,6
852,1432,3
852,1467,21
853,36,16
853,179,6
853,304,37
853,460,34
853,541,35
853,671,16
853,721,22
853,883,16
853,986,13
853,1010,7
853,1215,23
853,1379,16
855,503,24
855,1463,3
855,1740,3
856,531,3
856,1598,6
856,1995,6
856,2042,6
859,256,8
860,0,28
861,612,3
861,1658,11
861,1673,3
861,1876,11
862,539,3
862,623,34
862,1090,5
862,2084,3
863,615,2
864,276,3
864,464,3
864,742,3
864,1076,3
865,234,2
865,432,2
866,112,18
866,1539,3
866,1896,3
867,27,3
867,653,6
867,961,3
867,1127,6
867,1238,6
867,1308,6
867,1389,3
867,1652,3
868,486,15
868,1064,3
869,135,3
869,480,3
869,744,3
869,877,3
869,1372,3
869,1377,5
869,1615,3
871,625,4
872,400,5
874,13,40
874,192,40
875,121,28
875,151,3
875,492,3
875,1087,3
875,1232,3
877,343,21
877,415,5
877,607,21
877,886,5
877,1318,5
877,1400,21
877,1444,27
878,104,18
878,156,3
878,169,3
878,268,2
878,464,3
878,472,3
878,625,2
878,740,2
879,579,3
879,1375,3
879,1393,3
881,373,3
881,390,3
881,428,3
882,42,28
882,75,4
882,408,28
882,438,3
882,620,3
882,656,3
882,747,25
882,970,4
882,1254,29
882,1453,4
883,521,25
887,18,13
887,179,13
887,1634,13
887,1782,13
890,4,14
890,134,14
890,272,2
890,310,21
890,400,3
890,240,22
890,480,2
890,581,6
890,641,2
890,675,3
890,735,2
890,782,13
890,949,3
890,956,2
893,568,5
893,988,2
893,1304,4
894,284,2
894,481,2
894,627,2
894,783,2
894,857,2
894,1071,2
894,1177,2
895,411,2
895,1001,2
895,1046,2
895,1089,2
896,76,22
896,407,22
897,855,18
898,1117,3
899,18,34
899,437,4
899,703,4
899,1084,4
899,1998,35
899,2074,4
900,599,3
900,656,3
900,719,3
900,1089,18
900,1365,3
901,620,4
901,955,4
901,1052,3
901,1060,4
902,578,5
902,1761,13
903,882,3
903,1179,3
904,983,13
904,1091,2
904,1219,2
904,1415,2
905,531,3
905,806,21
906,516,3
906,685,3
906,1308,3
906,1510,3
907,369,2
907,525,2
907,663,2
907,754,2
907,984,2
907,1153,2
907,1296,2
907,1437,2
907,1538,2
907,1761,2
908,418,5
908,934,5
908,1004,3
908,1159,3
908,2228,5
908,2337,5
909,503,2
909,1032,2
909,1284,2
911,639,3
911,826,3
912,328,3
912,484,3
912,1180,3
912,1275,3
913,28,15
913,1097,2
913,1357,2
915,56,20
915,170,20
916,1636,3
918,1090,15
919,57,30
919,140,15
919,195,21
919,713,2
919,752,15
920,395,3
921,1621,6
923,174,3
923,58,24
923,577,3
923,634,4
923,794,3
923,993,3
924,1908,4
926,714,3
926,846,6
926,1034,9
926,1189,12
927,728,3
928,64,21
928,208,21
928,465,21
928,538,21
928,1063,6
928,1288,5
928,1498,22
929,311,4
929,416,4
930,252,3
930,611,3
931,1789,3
932,935,2
932,1371,2
933,31,3
933,78,30
933,110,3
933,417,8
933,429,3
933,573,3
933,1088,3
933,1213,5
933,1373,3
933,1395,3
934,919,17
935,211,9
935,407,3
935,951,3
935,1077,13
935,1258,3
935,1374,3
935,1684,64
936,4,3
936,255,3
936,261,28
936,360,3
936,413,20
936,463,3
936,730,5
936,811,3
936,963,6
936,980,3
936,1060,19
936,1273,3
936,1371,21
936,1410,3
938,0,4
938,224,4
938,499,4
938,616,4
938,684,4
938,782,14
939,587,3
941,118,3
941,202,30
941,437,4
941,528,3
941,582,4
941,668,3
941,775,3
941,1160,8
941,1290,4
941,1399,14
941,1472,4
941,1508,3
941,1667,3
942,0,28
942,296,10
942,1030,3
944,302,2
944,324,2
944,341,2
944,364,2
944,665,2
945,637,14
946,25,6
946,96,3
946,132,30
946,349,3
946,410,7
946,756,3
947,315,2
947,245,16
947,495,2
947,1083,2
947,1340,2
947,1371,2
947,1479,2
947,1589,2
947,1737,2
948,355,2
948,371,3
948,309,14
948,516,3
948,806,2
948,1258,3
948,1516,2
948,1668,3
948,1771,2
948,1843,3
950,131,13
951,719,9
952,297,14
952,396,2
952,888,2
953,53,40
953,200,27
953,538,15
953,671,21
953,803,21
953,1217,65
953,1528,35
954,44,8
954,275,2
954,404,8
954,849,8
954,1296,5
955,656,18
955,768,23
955,1258,26
956,1060,2
956,1283,2
956,1357,2
956,1496,2
956,1524,2
956,1658,2
956,1798,2
957,478,2
957,592,3
957,652,2
957,1375,2
957,1475,3
957,1486,6
958,330,4
958,482,3
958,734,3
958,847,3
960,643,3
960,904,3
961,639,3
961,1964,3
962,585,3
963,873,3
963,968,7
963,1013,3
965,185,26
965,2019,26
967,710,12
967,1122,8
967,1450,18
969,678,7
969,1443,7
969,1626,15
971,93,2
971,232,2
971,317,2
971,387,2
971,456,2
971,489,2
971,619,2
971,648,2
971,878,2
971,1176,2
971,1292,2
971,1486,2
972,576,3
974,69,14
974,1042,3
974,1318,3
974,1553,4
974,1841,3
976,344,3
976,452,3
976,788,3
976,1702,3
977,1842,12
978,395,13
978,576,13
978,701,30
978,969,13
978,1279,22
978,1453,13
978,1851,13
978,2125,22
979,1693,6
979,2084,6
980,1025,18
981,61,7
981,626,7
981,1276,3
982,37,30
982,528,3
983,575,4
983,1489,4
984,65,6
984,543,6
984,578,6
986,42,32
986,187,32
986,319,32
986,874,22
987,24,14
987,99,30
987,143,30
987,175,3
987,657,14
987,708,3
987,917,3
987,1032,3
987,1101,3
987,1586,3
988,842,3
988,1172,3
988,1325,3
989,1306,3
991,43,13
991,606,6
991,680,6
993,360,4
993,434,4
993,559,4
993,843,4
993,1115,4
993,1134,4
993,1171,4
993,1268,4
993,1286,4
994,161,5
996,121,36
996,759,13
996,909,6
996,1566,13
996,1705,13
998,371,5
998,416,5
998,1598,5
999,1477,4
1000,566,7
1000,651,7
1000,987,7
1000,1401,3
1000,1510,3
1001,343,3
1001,422,9
1001,762,3
1001,966,3
1001,1110,11
1001,1313,3
1001,1370,3
1001,1727,3
1002,287,3
1002,549,4
1002,647,4
1002,709,3
1002,798,3
1002,953,3
1002,1060,4
1002,1127,4
1002,1180,4
1002,1275,3
1006,20,37
1006,128,13
1006,396,14
1006,435,31
1006,542,14
1006,658,18
1006,1010,27
1006,1248,18
1006,1407,17
1007,212,9
1007,522,10
1007,845,6
1007,1280,6
1009,107,27
1009,313,27
1009,342,3
1009,707,2
1009,1091,2
1009,1223,2
1010,294,12
1011,169,28
1011,211,28
1011,689,4
1011,1151,4
1011,1706,4
1012,748,2
1014,1676,5
1015,806,13
1015,1183,2
1015,1495,2
1016,380,6
1016,523,3
1016,645,20
1017,260,5
1017,456,3
1017,1008,5
1018,1328,5
1019,982,12
1019,1376,12
1019,1485,12
1020,320,3
1020,581,3
1026,509,27
1028,110,15
1028,197,4
1028,843,4
1032,13,3
1032,96,30
1032,128,30
1032,190,24
1032,160,3
1032,384,3
1032,463,3
1032,507,3
1032,680,3
1032,707,3
1032,836,3
1032,977,3
1032,1211,3
1032,1361,3
1032,1766,3
1033,40,6
1033,947,3
1033,1079,6
1034,508,3
1034,808,3
1034,1060,4
1034,1331,26
1035,608,4
1035,766,4
1038,194,19
1038,1999,8
1039,1657,3
1040,35,16
1040,53,16
1040,128,18
1040,394,3
1040,423,16
1040,1209,16
1042,512,3
1042,631,2
1043,264,3
1043,271,2
1043,423,3
1043,431,2
1043,535,2
1043,696,2
1043,851,3
1043,866,2
1043,1062,2
1043,1226,2
1043,1358,3
1043,1366,2
1043,1391,2
1043,1518,2
1043,1581,2
1044,252,5
1044,1122,5
1046,188,24
1048,167,21
1048,750,24
1052,415,27
1052,566,3
1052,491,27
1052,720,25
1052,747,3
1052,1012,18
1052,1327,3
1052,1355,3
1052,1391,3
1055,2129,26
1056,58,15
1056,100,15
1056,117,3
1056,194,3
1056,349,3
1056,431,3
1056,1224,3
1059,304,2
1059,532,2
1059,635,2
1059,879,2
1059,1064,2
1059,1138,2
1059,1185,2
1060,1111,3
1060,1554,3
1061,488,2
1061,515,2
1061,628,2
1061,657,2
1061,692,2
1061,1548,2
1061,1607,2
1062,405,12
1063,82,4
1063,180,3
1063,277,17
1063,346,17
1063,978,20
1063,1042,3
1064,1353,2
1064,1597,2
1064,2223,2
1064,2585,14
1064,2830,2
1066,72,13
1066,768,2
1066,1457,2
1067,108,15
1067,125,15
1067,142,3
1067,328,3
1067,589,3
1067,673,3
1067,846,3
1067,905,3
1067,943,3
1067,1129,4
1067,1576,3
1068,669,3
1073,434,5
1073,1089,5
1073,1310,5
1073,1979,6
1073,2044,12
1073,2070,10
1073,2171,6
1074,497,2
1075,784,3
1075,1501,3
1076,512,3
1076,543,3
1076,778,5
1076,796,11
1076,895,3
1076,907,3
1076,1259,6
1076,1442,3
1076,1736,17
1076,1792,3
1076,1909,3
1076,1933,3
1076,2170,11
1076,2429,17
1076,2485,3
1076,2509,3
1076,2595,3
1076,2714,3
1077,397,20
1078,142,18
1078,354,3
1078,474,3
1079,426,2
1079,495,2
1079,686,2
1079,1004,2
1079,1275,2
1080,373,2
1080,556,2
1080,586,2
1080,1135,2
1081,508,3
1081,526,4
1081,578,3
1081,739,4
1081,793,31
1081,983,4
1083,91,28
1083,250,28
1083,280,3
1083,365,3
1083,1310,19
1084,633,15
1084,801,15
1085,1077,4
1087,352,6
1088,1068,8
1089,81,22
1090,57,3
1090,384,3
1090,502,3
1090,654,3
1090,1091,3
1091,418,3
1091,469,3
1091,609,3
1091,1183,3
1091,1333,3
1091,1523,3
1091,1621,3
1091,1737,3
1092,153,3
1092,525,3
1092,551,11
1092,572,3
1092,719,3
1092,817,3
1092,1003,3
1093,635,6
1093,939,6
1095,10,30
1095,1270,30
1096,489,3
1096,1136,3
1099,665,4
1099,951,3
1100,31,3
1100,151,3
1100,183,30
1100,347,3
1101,313,2
1103,656,3
1103,1477,3
1104,176,19
1104,2049,6
1105,633,3
1105,779,3
1105,924,3
1105,1032,3
1105,1526,3
1105,1566,5
1105,1614,3
1105,1724,3
1106,1305,3
1108,1603,3
1109,739,17
1110,281,3
1110,94,28
1110,380,3
1110,498,4
1110,514,3
1110,1581,3
1111,133,4
1111,534,25
1111,561,3
1111,699,3
1112,140,13
1112,189,13
1112,330,13
1112,1025,30
1112,1094,23
1112,1246,13
1112,1349,14
1114,196,5
1114,325,6
1115,218,4
1115,1804,4
1116,1337,3
1116,1459,3
1116,1781,3
1117,193,7
1117,315,7
1117,599,7
1117,805,2
1117,813,2
1117,1051,7
1117,1274,2
1117,1282,2
1117,1392,2
1119,277,3
1119,94,28
1119,458,3
1119,1260,3
1119,1355,7
1119,1634,3
1119,1945,3
1121,48,27
1121,324,2
1121,716,2
1122,187,14
1124,939,3
1124,761,22
1124,1098,4
1124,1873,3
1125,97,12
1126,658,26
1126,1000,9
1129,1124,10
1130,277,15
1130,1317,15
1131,720,6
1131,857,9
1131,1073,9
1132,142,3
1132,51,22
1132,655,3
1132,1391,21
1134,33,22
1134,197,22
1134,995,16
1134,1331,22
1134,1616,22
1135,302,4
1135,368,4
1135,787,4
1136,317,4
1136,337,59
1136,755,4
1136,1302,12
1137,312,31
1139,48,43
1139,268,32
1139,357,25
1139,1203,32
1140,353,2
1140,1084,2
1141,354,18
1141,1450,3
1143,595,25
1143,737,6
1144,93,3
1144,240,3
1144,273,3
1144,131,21
1144,356,3
1144,545,3
1144,711,3
1144,867,3
1144,941,3
1144,1199,3
1144,1422,3
1144,1503,3
1144,1603,3
1144,1708,3
1145,90,13
1145,318,14
1146,1364,3
1146,1714,3
1147,602,3
1147,1428,3
1148,444,10
1149,710,3
1149,1549,3
1150,1210,19
1151,99,20
1151,252,20
1151,274,3
1151,423,3
1151,321,17
1151,501,12
1151,545,3
1151,641,3
1151,648,11
1151,767,3
1151,841,3
1151,887,3
1151,1166,3
1151,1242,11
1151,1471,3
1151,1609,3
1151,1621,3
1151,1724,3
1151,1804,25
1153,15,12
1153,45,8
1153,618,8
1153,788,8
1153,820,3
1153,866,12
1153,956,12
1153,1042,3
1153,1159,12
1153,1366,12
1153,1486,12
1154,365,8
1154,735,13
1154,961,13
1155,326,3
1155,507,3
1155,623,3
1155,838,3
1155,1124,3
1155,1200,3
1157,653,9
1157,779,2
1157,1068,2
1157,1541,2
1157,1683,2
1158,260,17
1158,510,19
1158,562,23
1158,845,13
1159,398,2
1159,453,2
1162,418,3
1162,1495,3
1164,1224,2
1165,73,26
1165,242,16
1165,280,15
1165,409,15
1165,1101,4
1165,1497,4
1166,530,3
1167,85,8
1169,77,26
1170,120,25
1170,1112,6
1170,1343,13
1170,1552,26
1171,508,4
1171,543,4
1171,755,4
1171,861,4
1171,981,4
1171,1180,4
1171,1188,4
1171,1379,4
1171,1473,4
1174,366,6
1174,506,6
1176,45,15
1176,691,15
1176,804,15
1177,408,3
1177,563,3
1178,358,3
1178,1234,3
1180,575,5
1180,669,5
1180,705,3
1180,773,5
1180,1157,5
1180,1220,5
1180,1375,16
1180,1456,5
1180,1501,5
1180,1530,5
1180,1621,5
1180,1757,5
1181,43,25
1181,136,25
1181,1374,5
1181,1408,16
1185,147,6
1188,1543,4
1190,162,24
1190,261,3
1190,960,3
1191,0,16
1191,146,16
1191,215,26
1191,377,16
1191,536,16
1191,764,2
1191,861,16
1191,931,25
1191,977,26
1191,1043,16
1191,1136,12
1191,1204,2
1191,1261,16
1191,1676,16
1192,327,3
1192,550,27
1192,899,13
1192,1010,28
1193,406,2
1193,739,3
1193,1018,3
1194,113,11
1194,345,11
1194,1429,2
1194,1449,3
1195,1021,4
1196,345,9
1196,437,2
1196,621,3
1196,720,2
1197,270,3
1197,454,3
1197,681,15
1197,953,3
1197,1146,3
1197,1497,20
1197,1632,3
1197,1844,3
1198,51,34
1198,109,34
1198,281,14
1198,424,34
1198,539,6
1198,755,6
1198,915,6
1198,927,3
1198,953,6
1198,968,3
1198,1027,6
1198,1042,3
1198,1126,6
1198,1609,17
1198,1839,6
1198,1886,14
1198,1988,14
1199,13,3
1199,21,3
1199,575,3
1199,583,3
1199,623,30
1199,1062,3
1199,1123,3
1199,1207,3
1199,1248,3
1199,1329,3
1199,1497,6
1200,89,7
1200,1360,10
1202,45,14
1202,282,14
1202,366,6
1202,806,6
1203,750,2
1204,236,3
1206,56,3
1206,82,20
1206,270,20
1206,292,3
1206,479,3
1206,501,3
1206,740,6
1206,827,7
1206,927,3
1206,1137,3
1206,1147,3
1206,1666,3
1208,25,24
1208,1123,4
1210,415,2
1210,473,2
1210,659,2
1210,715,2
1210,846,2
1210,947,2
1210,1298,11
1210,1350,2
1210,1496,2
1210,1551,2
1210,1669,2
1211,779,3
1212,954,4
1213,639,2
1213,1591,2
1213,1741,2
1215,527,3
1215,623,13
1215,747,3
1215,986,3
1215,1286,3
1217,160,13
1217,304,13
1217,876,13
1217,1233,13
1218,611,4
1219,18,27
1219,462,4
1219,1077,4
1219,1255,4
1220,129,3
1220,192,39
1220,369,3
1220,481,3
1220,609,18
1220,1052,8
1221,916,4
1222,149,14
1222,671,14
1224,297,3
1224,136,21
1224,429,3
1224,436,3
1224,567,3
1225,289,35
1225,557,20
1225,679,13
1225,1666,24
1226,266,10
1227,285,10
1227,573,13
1227,680,3
1228,1074,2
1229,24,3
1229,131,15
1229,148,3
1229,384,3
1229,421,3
1229,512,3
1229,719,3
1229,995,3
1229,1065,3
1229,1290,3
1231,19,14
1231,393,2
1231,520,2
1232,460,13
1233,258,3
1233,115,21
1233,332,3
1233,826,3
1233,941,3
1233,1037,3
1233,1397,3
1233,1898,3
1235,898,19
1236,24,38
1237,33,3
1237,90,3
1237,231,17
1237,276,30
1237,373,3
1237,393,17
1237,416,3
1237,489,17
1237,514,3
1237,518,19
1237,180,26
1237,593,6
1237,627,3
1237,840,3
1237,904,17
1237,940,3
1237,1187,3
1237,1231,3
1237,1268,14
1237,1324,14
1237,1452,3
1237,1558,3
1240,1136,7
1241,81,18
1242,60,21
1242,271,3
1242,548,3
1242,1054,21
1242,1102,3
1242,1145,16
1243,473,15
1244,260,6
1244,571,6
1244,649,6
1244,681,6
1244,813,6
1246,357,2
1246,704,2
1246,898,2
1247,769,2
1247,619,22
1247,1216,2
1247,1448,2
1247,1548,2
1247,1644,2
1247,1723,2
1247,1930,2
1247,1995,2
1248,608,2
1248,616,3
1248,793,2
1248,801,3
1248,974,2
1249,710,15
1249,836,15
1249,873,20
1249,914,4
1249,958,4
1249,1023,20
1249,1063,4
1250,203,2
1250,568,2
1250,643,2
1250,805,2
1250,899,2
1250,1091,2
1250,1409,2
1251,422,3
1251,514,3
1251,703,3
1251,726,3
1251,777,2
1251,861,4
1251,982,4
1251,1025,3
1251,1088,4
1251,1460,3
1251,1492,3
1252,523,9
1253,571,2
1253,654,2
1253,859,2
1253,1332,2
1254,1014,2
1256,667,2
1256,816,2
1257,67,15
1257,637,3
1257,1010,17
1260,471,4
1260,1314,4
1262,350,34
1263,552,3
1263,1718,3
1265,145,18
1265,869,3
1265,1177,3
1265,1295,3
1266,250,13
1266,852,23
1267,445,3
1267,923,3
1267,1166,3
1267,1210,8
1267,1252,3
1267,1387,3
1267,1755,3
1268,475,30
1268,507,3
1269,340,13
1269,660,2
1270,151,3
1270,216,13
1270,493,3
1270,1270,3
1272,395,3
1272,788,5
1272,795,38
1273,137,33
1273,872,3
1273,906,3
1273,1179,3
1273,1187,3
1273,1276,3
1274,315,17
1274,422,17
1274,700,6
1274,936,6
1274,1527,17
1274,1747,17
1276,473,2
1276,543,2
1276,624,2
1276,739,2
1276,857,2
1276,975,2
1276,1091,2
1276,1138,2
1276,1464,2
1276,1494,2
1276,1541,2
1276,1749,2
1277,0,3
1277,190,30
1277,222,3
1277,231,3
1277,612,6
1277,860,8
1277,920,3
1277,1032,6
1277,1243,6
1277,1262,6
1277,1557,6
1278,559,3
1278,835,3
1278,1136,3
1278,1712,3
1278,1810,5
1279,28,6
1280,857,2
1280,1120,2
1281,38,30
1281,238,2
1281,393,30
1282,452,3
1282,612,3
1282,767,3
1282,1149,3
1282,1471,3
1282,1688,3
1283,342,30
1283,374,3
1283,407,16
1283,808,19
1283,867,3
1285,557,3
1285,919,3
1285,1643,3
1286,320,10
1287,253,5
1287,467,5
1287,474,4
1287,911,5
1287,1313,5
1288,475,3
1288,517,18
1288,789,3
1288,848,13
1288,895,2
1288,994,2
1288,1077,2
1288,1090,3
1288,1205,3
1291,128,21
1291,589,30
1292,314,3
1294,409,4
1296,284,3
1296,417,3
1296,576,17
1296,641,3
1296,786,3
1297,209,18
1297,611,18
1297,1755,18
1298,259,24
1299,229,20
1299,453,20
1299,810,20
1299,994,20
1299,1221,3
1300,361,3
1300,561,3
1300,989,3
1300,1073,17
1301,435,2
1301,565,2
1301,851,2
1301,939,11
1301,1380,2
1302,492,3
1302,641,3
1302,1457,18
1302,1567,3
1304,386,4
1304,716,4
1304,995,4
1305,549,2
1305,605,2
1305,722,2
1305,746,2
1305,838,2
1305,1119,2
1305,1502,31
1306,327,3
1308,199,16
1308,716,6
1308,977,3
1308,1439,3
1310,1327,7
1311,253,2
1311,1109,21
1312,248,3
1312,457,3
1312,494,3
1312,643,3
1312,695,3
1312,1181,3
1312,1233,3
1313,356,3
1313,468,3
1313,571,3
1313,885,5
1313,959,3
1313,1123,4
1313,1198,3
1313,1357,3
1313,1492,3
1313,1589,3
1314,96,13
1314,374,4
1314,396,23
1315,138,6
1315,422,3
1315,687,6
1315,854,4
1315,914,4
1315,1021,6
1315,1112,6
1315,1132,3
1315,1284,4
1315,1316,4
1315,1372,4
1315,1443,4
1315,1628,6
1315,1687,3
1316,1151,3
1316,1221,2
1316,1072,19
1316,1460,3
1316,1531,3
1316,1770,3
1319,829,2
1319,2169,4
1319,2233,3
1319,2563,2
1320,387,4
1320,517,4
1320,848,4
1321,423,20
1322,379,6
1322,801,5
1322,870,6
1322,952,6
1322,1226,6
1322,1531,6
1322,1983,8
1324,950,2
1324,1590,8
1324,1640,10
1326,33,14
1326,136,14
1326,1224,21
1326,1437,17
1327,1495,5
1327,1735,9
1328,415,6
1328,684,4
1328,1088,4
1328,1110,4
1328,1142,4
1328,1664,4
1329,384,3
1329,686,7
1329,794,3
1329,888,3
1329,966,4
1329,1677,3
1330,44,15
1330,143,15
1332,791,2
1332,828,2
1332,1017,2
1332,1169,2
1332,1196,2
1333,1476,3
1335,701,4
1336,311,2
1336,376,2
1336,531,2
1336,729,2
1336,931,2
1336,1274,2
1337,1125,22
1339,1183,4
1339,1478,4
1339,1712,4
1340,212,19
1340,431,3
1340,839,3
1340,1221,3
1340,1574,3
1340,1810,3
1341,92,38
1342,475,3
1343,24,17
1343,1181,17
1344,768,2
1345,25,5
1345,392,16
1345,551,16
1348,481,7
1348,599,7
1348,1925,7
1349,436,3
1349,578,2
1349,835,2
1349,892,2
1349,921,11
1349,1154,2
1350,369,3
1350,466,3
1351,102,28
1351,285,28
1351,578,3
1351,993,4
1352,881,22
1352,1660,8
1353,382,4
1353,926,3
1355,73,14
1355,208,14
1356,82,6
1356,365,2
1356,439,2
1356,539,6
1356,1660,2
1356,1687,16
1358,36,39
1358,163,5
1358,181,30
1358,1188,2
1359,270,37
1361,242,2
1361,288,3
1361,325,2
1361,396,2
1361,653,2
1361,896,2
1361,954,2
1361,1179,2
1362,1010,14
1362,1320,15
1363,249,3
1363,576,3
1363,843,3
1363,1116,3
1365,193,18
1365,371,3
1365,514,3
1365,547,3
1365,975,3
1365,1200,3
1365,1256,3
1365,1287,6
1366,377,5
1366,430,14
1366,474,6
1369,35,30
1369,121,30
1369,153,3
1369,433,3
1369,704,3
1369,756,3
1369,1337,3
1369,1498,13
1369,1539,3
1369,1621,3
1370,346,3
1370,1334,13
1372,71,4
1372,406,24
1372,657,4
1372,694,3
1372,1126,14
1373,210,2
1373,273,2
1374,709,5
1374,787,6
1374,1013,6
1374,1317,5
1374,1401,5
1376,323,17
1376,476,5
1376,513,3
1376,546,3
1376,681,3
1378,158,13
1378,471,14
1378,521,22
1378,634,13
1379,236,14
1380,393,3
1382,641,3
1382,817,3
1382,840,3
1382,1394,3
1382,1433,3
1382,1983,6
1382,2225,3
1383,16,21
1383,312,3
1383,380,6
1383,572,6
1383,604,6
1383,730,22
1383,777,3
1383,881,8
1385,512,23
1385,725,23
1385,1177,7
1385,1375,6
1386,594,3
1386,806,3
1386,1151,3
1386,1589,20
1387,1126,3
1387,1225,3
1388,17,3
1388,64,30
1388,107,30
1388,139,3
1388,232,3
1388,409,3
1388,437,3
1388,522,3
1388,1042,3
1388,1092,9
1389,86,26
1389,114,16
1389,286,12
1390,374,3
1392,216,26
1392,244,4
1392,833,3
1392,1005,3
1392,1103,32
1392,1186,3
1392,1306,3
1392,1333,4
1392,1390,3
1393,201,14
1393,934,14
1393,1000,14
1394,380,2
1394,715,2
1398,4,5
1398,267,6
1398,625,9
1399,72,3
1399,77,28
1400,343,2
1400,388,2
1400,482,2
1400,579,2
1400,630,2
1400,768,2
1400,971,2
1400,1029,2
1400,1080,2
1401,384,4
1402,937,10
1403,95,6
1403,880,27
1404,59,40
1404,226,25
1404,253,3
1404,322,7
1404,662,3
1405,1256,2
1406,547,7
1406,717,7
1407,261,2
1407,430,2
1407,1520,2
1407,1662,2
1409,341,16
1409,459,3
1409,632,3
1409,745,3
1409,961,3
1409,1080,3
1409,1235,21
1409,1318,3
1409,1426,3
1410,24,25
1410,1171,25
1411,1692,15
1413,846,3
1413,945,3
1413,1249,3
1415,237,15
1415,1175,15
1417,380,3
1417,410,2
1417,555,3
1417,627,6
1417,768,3
1417,835,2
1419,257,4
1419,387,4
1419,662,4
1419,727,15
1419,1169,15
1420,392,17
1420,654,7
1421,598,9
1422,0,3
1422,95,3
1422,103,4
1422,149,8
1422,179,79
1422,543,3
1422,618,17
1422,709,3
1422,793,3
1422,836,3
1422,888,3
1422,924,4
1422,1118,8
1422,1361,3
1422,1471,3
1429,153,13
1429,651,13
1430,252,3
1430,435,3
1430,559,3
1430,1544,3
1432,53,16
1432,96,16
1432,1597,16
1434,135,16
1434,603,8
1434,861,16
1434,963,16
1435,297,8
1435,756,8
1436,102,5
1438,105,21
1439,475,4
1439,529,4
1439,718,4
1440,991,4
1440,1338,4
1441,464,27
1441,498,16
1441,577,3
1441,738,7
1442,107,23
1442,132,16
1442,150,3
1442,368,3
1442,505,3
1442,580,3
1442,689,23
1442,820,6
1442,975,3
1443,726,4
1443,748,4
1443,827,4
1443,849,4
1443,918,4
1443,942,6
1443,1089,4
1443,1318,6
1444,193,2
1444,579,2
1444,780,2
1444,968,2
1445,1119,4
1445,2116,4
1450,276,2
1450,179,15
1450,592,2
1451,115,26
1451,229,12
1451,1060,4
1452,1346,15
1453,81,15
1453,559,2
1453,921,2
1453,1077,10
1453,1267,2
1453,1375,2
1453,1807,2
1454,1158,28
1454,1250,28
1455,283,6
1456,1739,3
1457,873,19
1457,1336,3
1458,511,3
1458,1017,3
1459,25,3
1459,278,3
1459,978,6
1459,1058,6
1459,1270,3
1460,40,5
1460,264,6
1460,466,6
1460,987,6
1461,329,6
1462,574,3
1463,378,2
1463,567,2
1463,1116,2
1463,1259,2
1464,756,22
1464,1014,5
1466,521,3
1466,646,3
1467,0,3
1467,494,3
1467,553,34
1467,1163,3
1470,33,18
1471,523,3
1471,720,3
1471,873,3
1471,894,3
1471,1125,3
1471,1193,3
1473,35,14
1473,1053,22
1474,65,27
1474,129,8
1474,295,45
1474,380,3
1474,415,3
1474,452,3
1474,632,3
1474,659,17
1474,696,3
1474,776,4
1474,826,3
1474,1443,15
1474,1519,3
1474,1608,7
1474,1663,3
1475,62,40
1475,492,13
1475,800,5
1476,74,32
1476,837,3
1476,904,3
1476,1033,3
1476,1160,3
1476,1285,4
1477,640,2
1477,767,3
1477,796,2
1477,1052,2
1477,1387,2
1478,38,13
1482,347,3
1482,366,3
1482,406,3
1482,296,21
1482,492,3
1482,740,3
1482,843,3
1482,1091,3
1482,1216,3
1482,1384,3
1482,1618,3
1482,1668,3
1482,1720,3
1484,434,3
1484,571,2
1484,597,3
1484,730,3
1484,851,3
1484,955,3
1490,1032,3
1492,719,5
1494,86,4
1494,602,3
1494,990,3
1494,1043,3
1495,51,5
1496,682,3
1496,771,3
1497,110,2
1497,73,18
1497,1261,3
1497,1295,2
1497,1435,2
1497,1780,2
1497,1887,2
1499,423,18
1500,739,12
1502,196,13
1502,507,13
1502,714,13
1502,786,13
1502,808,14
1502,916,25
1502,1024,13
1502,1056,14
1502,1089,25
1502,1289,55
1502,1475,14
1502,1534,13
1503,420,3
1503,444,2
1503,523,2
1503,1344,5
1504,420,3
1504,612,3
1504,688,3
1507,703,3
1507,823,3
1507,927,3
1507,1144,13
1507,1218,13
1507,1332,3
1507,1737,3
1509,117,14
1512,581,3
1512,799,3
1512,1921,3
1513,520,28
1513,907,3
1513,1655,3
1514,876,20
1515,719,2
1517,387,2
1517,502,2
1517,643,2
1517,784,2
1517,1725,2
1518,114,17
1518,199,3
1518,642,3
1522,399,5
1525,330,4
1525,198,30
1525,482,3
1525,1088,4
1525,1318,4
1526,970,3
1527,77,15
1528,412,3
1528,1331,4
1528,1499,4
1528,1638,5
1529,46,44
1529,101,44
1529,147,4
1529,940,2
1531,250,5
1531,484,4
1531,571,4
1531,799,5
1532,246,3
1532,524,3
1532,800,13
1532,1225,3
1532,1745,3
1534,141,6
1534,289,3
1534,325,2
1534,440,2
1534,793,3
1534,873,2
1534,927,2
1534,1104,3
1534,1233,3
1534,1284,3
1538,386,36
1538,545,4
1538,975,26
1538,1098,25
1538,1294,25
1538,1379,13
1538,1633,13
1539,0,14
1539,16,14
1539,32,2
1539,275,5
1539,335,2
1539,528,2
1539,600,2
1539,633,2
1539,727,2
1539,795,6
1539,993,5
1539,1181,25
1541,734,13
1542,302,3
1542,352,3
1544,1221,6
1545,56,20
1545,222,20
1545,683,3
1545,758,20
1545,930,3
1547,172,2
1547,195,2
1547,684,2
1547,871,2
1549,515,5
1549,1612,5
1551,297,2
1551,321,3
1551,500,2
1551,514,3
1551,627,3
1551,716,2
1551,966,2
1551,1061,3
1552,467,3
1552,812,3
1552,1032,13
1552,1788,3
1553,322,8
1554,288,2
1554,766,2
1554,815,2
1554,944,2
1554,1252,2
1554,1632,10
1554,1730,2
1555,217,19
1555,269,21
1555,348,3
1555,432,3
1555,704,3
1555,737,23
1555,836,33
1555,1026,3
1555,1120,3
1555,1222,5
1555,1293,3
1555,1311,3
1555,1422,10
1556,360,6
1556,522,3
1556,552,3
1556,627,3
1556,703,3
1556,843,3
1556,945,3
1556,1057,3
1557,234,2
1557,329,2
1557,361,32
1557,442,2
1557,712,2
1557,1547,2
1560,418,6
1560,921,20
1562,145,3
1562,194,2
1562,539,3
1562,1058,3
1562,1244,3
1563,301,4
1563,592,13
1567,241,2
1567,175,12
1567,1082,4
1568,666,4
1569,267,8
1570,485,4
1571,566,3
1571,659,3
1571,1064,3
1571,1551,3
1571,1724,3
1572,1623,22
1574,451,7
1579,533,3
1579,749,3
1579,1129,3
1579,1317,3
1579,1344,3
1579,1520,3
1581,237,2
1581,166,14
1581,460,2
1581,603,3
1581,611,2
1581,921,2
1581,1009,3
1581,1296,2
1584,319,4
1585,1055,18
1585,1313,4
1586,34,29
1587,1224,21
1587,1382,3
1591,360,3
1591,619,3
1591,677,3
1591,698,11
1591,770,3
1591,836,3
1591,857,11
1591,972,11
1591,1133,3
1591,1201,3
1591,1213,11
1591,1337,3
1592,41,4
1592,91,4
1592,401,4
1592,480,4
1592,534,4
1594,221,2
1594,309,2
1594,385,2
1594,1627,2
1594,1715,2
1600,44,25
1600,140,32
1600,434,13
1600,566,13
1600,1418,13
1603,188,34
1603,940,23
1605,222,3
1605,458,3
1605,620,3
1605,728,3
1605,909,3
1605,928,3
1605,1100,3
1605,1115,3
1607,20,30
1607,1023,30
1607,1055,3
1608,1805,4
1609,479,12
1609,642,12
1612,448,13
1612,560,3
1612,684,3
1612,1300,3
1613,456,3
1613,558,3
1613,1457,3
1615,277,3
1615,339,3
1615,430,3
1615,569,3
1615,1058,3
1615,1288,3
1615,1334,3
1616,21,3
1616,397,3
1616,450,3
1616,542,3
1616,649,3
1616,1344,3
1616,1457,5
1616,1577,3
1617,234,27
1617,446,2
1617,1643,2
1619,223,2
1619,499,2
1619,1052,2
1619,1072,2
1619,1125,2
1619,1176,2
1619,1279,2
1619,1557,2
1619,1598,2
1621,10,8
1621,439,8
1622,101,38
1622,149,3
1622,277,3
1622,681,3
1622,1140,3
1622,1331,3
1622,1413,3
1622,1460,3
1622,1793,3
1623,519,3
1627,216,4
1627,326,4
1627,1408,4
1627,1796,4
1628,0,20
1629,355,3
1629,438,3
1629,522,3
1629,678,3
1629,1111,3
1629,1290,3
1629,1366,3
1630,321,4
1632,99,3
1632,175,3
1632,131,17
1632,316,3
1632,333,13
1632,372,11
1632,410,4
1632,573,3
1632,689,3
1632,915,3
1632,982,3
1632,1183,7
1632,1322,3
1632,1600,3
1632,1728,3
1634,72,8
1634,204,8
1634,809,8
1636,170,22
1636,241,3
1636,273,18
1636,293,3
1636,846,16
1636,1283,8
1638,292,15
1638,485,3
1638,645,15
1638,752,3
1638,878,3
1638,916,4
1638,1160,4
1638,1306,4
1638,1479,4
1638,1531,4
1638,1669,3
1640,26,24
1640,503,14
1640,612,6
1640,823,6
1641,230,19
1642,625,55
1642,1471,26
1645,22,35
1645,152,30
1645,809,3
1645,1328,10
1647,793,4
1648,22,20
1649,1376,18
1650,177,3
1650,108,17
1650,251,8
1650,503,3
1650,893,3
1650,1068,3
1650,1149,3
1650,1365,3
1650,1508,3
1650,1674,35
1650,1753,3
1650,1868,17
1652,239,3
1652,648,5
1652,856,6
1655,437,12
1655,654,4
1657,556,2
1657,780,2
1658,445,4
1658,610,4
1658,670,8
1658,969,20
1660,0,36
1660,140,36
1660,392,18
1660,581,18
1660,623,35
1660,933,30
1660,1031,18
1660,1202,18
1663,109,23
1664,448,3
1664,512,3
1664,611,3
1665,28,36
1665,127,31
1665,1409,6
1665,1682,14
1665,1862,24
1668,63,25
1668,241,25
1668,329,13
1668,420,20
1668,631,20
1670,272,2
1670,349,2
1670,1014,2
1670,1278,2
1670,1352,2
1670,1449,2
1670,1566,2
1672,237,3
1672,578,3
1672,667,3
1672,805,3
1673,333,3
1673,480,3
1673,731,3
1673,747,3
1673,798,3
1673,839,3
1673,1409,3
1673,1423,21
1673,1540,3
1673,1578,16
1675,583,3
1676,476,2
1676,560,2
1676,930,2
1676,1476,2
1678,761,15
1678,821,14
1678,983,13
1678,1047,13
1680,75,24
1680,1192,3
1681,319,4
1681,495,4
1681,598,4
1681,643,12
1681,1161,12
1682,52,21
1682,452,7
1682,632,7
1682,842,7
1682,976,3
1683,76,3
1683,160,3
1683,233,3
1683,633,3
1683,715,3
1683,841,3
1683,1375,13
1683,1473,3
1683,1572,8
1683,1680,8
1683,1744,13
1683,1903,3
1685,310,19
1685,1406,3
1686,256,10
1686,540,3
1686,928,6
1686,1148,6
1687,167,2
1687,117,14
1687,236,2
1687,1878,2
1689,597,4
1689,1150,4
1689,1213,4
1689,1834,3
1690,492,3
1690,726,3
1690,778,3
1690,834,3
1691,281,4
1691,345,4
1691,552,4
1691,798,4
1691,849,3
1691,713,15
1691,910,4
1691,1064,4
1692,287,5
1694,360,4
1694,1042,13
1695,960,19
1698,1187,14
1698,1982,14
1698,2084,14
1701,258,3
1701,380,3
1701,573,3
1701,612,3
1701,650,2
1701,782,3
1701,886,3
1701,963,2
1701,1732,3
1702,325,3
1702,816,3
1702,963,3
1703,58,22
1703,112,13
1703,283,50
1703,428,22
1703,723,13
1703,1045,6
1703,1105,14
1705,55,36
1705,217,26
1707,137,62
1707,369,3
1707,691,3
1707,1708,31
1707,1895,3
1708,631,4
1709,196,3
1709,339,3
1709,367,3
1709,484,3
1709,748,3
1709,768,3
1710,14,15
1710,184,15
1710,652,26
1710,680,3
1710,729,3
1710,917,15
1710,1478,3
1710,1642,4
1710,1688,3
1712,0,3
1715,1290,4
1718,335,3
1718,433,3
1718,514,3
1718,525,3
1718,867,3
1718,872,3
1718,1128,3
1718,1137,3
1718,1266,3
1718,1370,3
1719,232,3
1719,292,4
1719,327,3
1719,690,4
1719,741,4
1720,41,23
1720,269,21
1720,565,3
1720,860,5
1720,886,3
1720,1109,5
1720,1282,5
1720,1649,5
1720,1708,3
1723,246,5
1723,536,5
1723,815,3
1723,840,5
1723,945,3
1723,1248,5
1723,1457,5
1724,1488,4
1728,301,2
1728,420,17
1728,482,2
1728,852,4
1728,882,2
1729,162,3
1729,309,11
1729,389,3
1729,444,11
1729,532,11
1729,905,11
1730,1596,12
1733,438,3
1733,777,3
1736,134,3
1736,219,24
1736,276,3
1736,162,17
1736,659,3
1736,714,11
1736,1184,11
1736,1298,11
1736,1324,3
1736,1419,3
1736,1444,11
1737,1025,2
1738,493,2
1738,839,3
1738,1335,2
1738,1395,2
1738,1480,3
1739,219,15
1739,357,15
1739,1653,16
1740,433,3
1740,800,4
1741,214,52
1741,527,3
1741,564,18
1742,935,7
1742,1066,7
1742,1265,20
1746,293,3
1746,406,3
1746,620,3
1746,1342,3
1747,472,12
1747,541,15
1747,1312,3
1747,1343,12
1749,25,3
1749,65,30
1749,117,30
1749,149,3
1749,480,3
1749,842,3
1749,917,3
1750,296,2
1750,344,17
1750,399,19
1750,972,2
1751,664,2
1751,898,2
1751,1187,2
1753,444,4
1753,1063,4
1753,1207,4
1753,1282,4
1753,1355,4
1754,118,10
1754,606,10
1754,901,4
1754,1155,26
1754,1610,10
1755,132,25
1756,0,28
1756,138,28
1756,168,3
1756,303,3
1756,944,3
1756,1211,3
1757,364,24
1757,410,17
1759,254,4
1759,632,27
1759,736,2
1759,773,17
1759,919,4
1760,695,4
1760,781,3
1760,958,3
1760,1171,3
1761,191,2
1761,308,2
1761,705,2
1761,1280,2
1764,308,10
1764,475,6
1764,894,8
1764,980,30
1764,1103,6
1764,1180,6
1764,1364,5
1764,1409,6
1767,116,18
1767,360,3
1767,904,3
1767,1070,3
1768,72,4
1768,201,4
1769,198,3
1769,286,35
1769,589,3
1769,734,3
1770,236,3
1770,582,3
1770,810,3
1771,325,7
1771,718,15
1772,1230,2
1774,798,24
1774,1280,32
1774,2004,32
1775,291,34
1775,549,24
1775,1192,20
1775,1289,20
1775,1381,30
1775,1439,31
1778,512,18
1778,985,6
1779,298,3
1779,758,3
1780,157,17
1780,296,5
1781,197,26
1781,281,15
1781,423,15
1781,1129,15
1784,602,4
1784,666,4
1784,933,3
1784,1205,6
1784,1340,6
1785,854,3
1785,938,3
1785,1144,3
1785,1187,3
1786,1651,28
1787,29,30
1787,448,4
1788,94,12
1788,143,12
1788,365,21
1788,442,24
1788,547,12
1788,792,3
1788,867,12
1788,927,3
1788,1017,14
1788,1457,3
1788,1488,3
1788,1396,27
1788,1580,12
1788,1754,12
1789,337,3
1789,484,24
1789,654,3
1789,805,3
1789,1273,3
1789,1584,3
1789,1751,3
1790,95,38
1791,949,4
1791,1086,4
1791,1345,4
1792,1195,3
1793,1310,6
1793,1873,25
1794,685,2
1794,759,2
1794,1003,4
1794,1430,2
1794,1479,2
1794,1627,2
1794,1921,4
1798,413,3
1798,815,3
1798,885,3
1798,1473,3
1798,1564,3
1798,1583,3
1800,1151,7
1800,1216,15
1800,1300,4
1800,1361,20
1804,463,6
1804,761,4
1804,1027,6
1807,209,3
1807,117,24
1807,248,3
1807,355,3
1807,757,4
1807,981,3
1807,1356,3
1807,1398,3
1807,1501,4
1808,195,20
1808,582,2
1809,36,15
1809,99,15
1809,133,15
1809,373,15
1809,564,25
1809,676,15
1809,747,15
1809,824,19
1809,973,15
1809,1404,35
1809,1580,15
1809,1674,15
1810,452,3
1810,610,3
1810,655,3
1812,307,4
1812,126,39
1812,567,4
1812,1122,4
1812,1388,4
1813,502,3
1813,1195,3
1815,233,30
1815,265,3
1815,497,3
1815,722,3
1815,791,3
1815,810,2
1815,933,3
1815,1058,21
1815,1132,3
1815,1224,3
1815,1246,6
1815,1291,3
1815,1429,3
1815,1436,2
1815,1578,6
1817,1336,3
1817,1389,3
1817,1408,2
1817,1755,3
1818,311,10
1818,406,13
1818,795,13
1818,942,13
1819,49,30
1819,318,36
1819,605,15
1819,781,29
1820,758,4
1820,1057,4
1820,1338,4
1821,36,25
1821,211,14
1821,419,25
1821,719,22
1821,937,14
1821,1269,14
1821,1524,18
1821,1570,14
1822,188,33
1823,639,15
1823,1178,2
1824,292,16
1824,343,12
1824,361,29
1824,1006,4
1824,1133,4
1825,463,3
1825,677,24
1825,870,20
1825,1134,3
1825,1374,24
1825,1662,3
1826,599,3
1826,1561,6
1826,1792,6
1826,2040,5
1826,2083,6
1826,2291,17
1826,2385,4
1827,120,14
1828,207,3
1828,111,26
1830,25,24
1830,552,2
1831,209,15
1831,289,15
1831,546,21
1831,953,15
1831,1034,26
1831,1313,15
1831,1480,3
1831,1558,39
1831,1648,6
1831,1738,27
1832,420,3
1832,1387,3
1832,1498,3
1832,1689,3
1832,1757,3
1832,1939,3
1834,418,30
1834,499,9
1834,743,3
1834,787,3
1834,893,3
1834,977,3
1835,412,6
1836,549,27
1836,642,29
1837,442,2
1837,1099,3
1838,204,19
1838,1324,3
1840,117,3
1840,305,7
1840,623,3
1840,755,3
1840,837,3
1840,929,3
1840,1289,3
1840,1340,15
1841,116,18
1841,538,4
1841,628,4
1844,146,33
1844,436,8
1844,507,22
1844,682,10
1845,264,2
1845,600,2
1845,906,2
1845,997,2
1847,38,35
1847,130,35
1847,218,7
1847,376,7
1847,760,14
1848,55,20
1848,1078,3
1849,40,21
1849,354,15
1849,443,3
1849,516,21
1849,729,11
1849,932,3
1849,948,3
1849,969,11
1850,408,3
1856,20,15
1856,119,14
1856,261,18
1856,368,7
1856,466,7
1856,543,7
1856,826,22
1856,872,7
1856,895,4
1856,993,7
1856,1178,14
1856,1211,7
1856,1387,6
1856,1562,7
1856,1687,14
1856,1769,14
1856,1859,15
1856,2001,14
1856,2193,14
1857,236,24
1861,658,3
1861,792,3
1862,467,15
1862,741,15
1863,37,3
1863,148,30
1863,444,3
1863,476,3
1863,737,4
1863,1022,3
1863,1114,3
1864,962,4
1864,1044,4
1865,24,12
1865,304,2
1865,653,2
1866,673,15
1866,721,26
1866,1294,3
1867,182,23
1869,440,12
1872,214,3
1872,272,3
1872,430,3
1872,550,3
1872,691,3
1872,1312,3
1872,1555,3
1872,1770,3
1876,39,23
1876,64,27
1876,380,24
1876,675,15
1876,728,6
1876,1081,6
1876,1146,36
1878,172,27
1878,643,14
1881,681,23
1881,832,3
1881,886,3
1882,12,34
1882,52,57
1882,175,23
1882,380,15
1882,597,37
1882,951,36
1882,1143,15
1882,1184,15
1884,101,13
1885,274,6
1886,166,41
1889,216,2
1889,446,2
1893,71,3
1893,801,3
1893,1132,3
1894,349,4
1895,356,3
1895,416,3
1895,1129,3
1895,1513,3
1895,1641,3
1895,1720,3
1896,745,3
1896,962,3
1898,456,2
1900,36,17
1900,439,4
1900,558,4
1900,705,4
1900,859,4
1900,1135,4
1900,1513,4
1900,1650,4
1901,192,4
1901,522,4
1901,619,4
1901,1444,4
1905,72,17
1905,1006,3
1905,1625,18
1908,1111,24
1909,66,21
1909,347,27
1910,1184,4
1910,2124,8
1911,116,6
1911,255,2
1911,809,23
1913,530,3
1915,584,3
1915,592,2
1915,668,3
1915,695,2
1915,930,3
1915,1054,3
1916,0,4
1916,522,3
1916,350,26
1916,625,3
1916,1031,4
1917,76,30
1917,482,34
1917,721,6
1918,1091,2
1918,1276,2
1920,508,3
1920,1286,3
1922,42,15
1922,243,15
1922,260,3
1922,332,3
1922,1463,3
1922,1593,3
1922,1852,3
1923,430,4
1925,251,2
1925,819,2
1925,1209,2
1925,1542,2
1925,1725,2
1928,307,18
1928,529,3
1928,690,3
1928,970,3
1928,1181,3
1930,137,28
1930,430,17
1930,595,17
1930,993,5
1930,1048,17
1930,1257,17
1931,20,24
1931,95,24
1931,121,3
1931,486,6
1931,1034,3
1932,1248,3
1934,73,24
1934,324,13
1934,707,13
1934,1642,14
1934,1697,24
1936,397,3
1936,684,3
1936,754,3
1938,914,3
1938,1136,3
1938,1464,4
1939,563,3
1939,1159,5
1940,670,17
1941,129,14
1941,202,14
1941,145,2
1941,421,2
1941,448,9
1941,507,2
1941,704,6
1941,904,4
1941,983,2
1941,1061,6
1941,1095,3
1941,1185,13
1941,1235,2
1941,1397,3
1941,1717,14
1942,271,3
1942,450,3
1942,586,4
1942,617,3
1942,672,3
1942,1269,4
1942,1400,3
1942,1698,3
1943,317,2
1945,263,3
1945,681,16
1945,1266,16
1945,1449,6
1945,1525,3
1946,294,3
1946,644,3
1947,1528,18
1948,204,2
1948,565,2
1948,870,2
1948,1196,2
1949,307,3
1949,454,3
1951,849,41
1952,494,3
1952,510,13
1954,283,3
1955,439,2
1955,569,2
1955,776,2
1956,254,3
1956,656,3
1956,916,3
1956,989,16
1957,259,16
1957,323,3
1957,1013,3
1958,278,4
1958,431,4
1958,478,4
1958,834,4
1958,1534,4
1958,1599,4
1959,625,3
1959,1036,31
1960,9,8
1960,662,15
1960,783,8
1960,824,4
1961,340,4
1961,1290,5
1961,1373,4
1961,1526,4
1962,27,14
1962,751,14
1962,1339,14
1963,1507,35
1966,374,4
1966,740,5
1966,1022,4
1967,50,37
1967,426,4
1967,569,4
1967,712,2
1967,862,5
1967,877,2
1967,1463,4
1968,1193,6
1971,347,3
1971,673,3
1971,984,3
1971,1053,3
1971,1180,3
1971,1215,3
1971,1348,3
1971,1467,3
1971,1606,3
1971,1720,3
1972,1810,20
1973,37,4
1973,351,4
1973,615,15
1973,694,15
1973,962,4
1973,2048,4
1974,20,16
1975,700,4
1977,0,22
1977,361,3
1977,617,3
1977,863,3
1977,1059,3
1977,1230,3
1977,1392,5
1977,1515,3
1978,409,4
1978,1057,4
1980,1398,17
1981,5,6
1981,459,6
1981,477,13
1981,526,15
1981,720,6
1981,882,19
1981,1468,13
1981,1562,6
1982,67,3
1982,411,3
1982,438,26
1982,598,3
1982,1046,21
1984,869,3
1984,968,3
1984,1041,3
1984,1245,3
1984,1388,3
1984,1420,15
1984,1481,3
1984,1514,3
1986,98,12
1986,263,12
1986,328,6
1986,707,6
1986,1267,6
1986,1653,12
1986,1680,17
1987,1375,4
1988,592,6
1988,917,3
1988,1045,6
1988,1486,2
1989,140,44
1989,186,44
1989,1197,4
1990,511,17
1992,569,3
1992,669,3
1993,296,28
1994,238,21
1994,295,21
1994,427,4
1994,562,4
1995,253,3
1996,596,2
1996,1370,2
1997,4,3
1997,55,17
1997,112,40
1997,338,3
1997,362,3
1997,478,3
1997,645,3
1997,691,8
1997,724,3
1997,879,3
1997,942,17
1997,1149,3
1997,1322,3
1997,1530,3
1997,1668,3
1999,124,21
2001,156,25
2001,268,37
2001,501,30
2001,539,3
2004,605,3
2004,750,2
2004,795,3
2004,996,3
2004,1155,3
2009,188,24
2009,329,2
2009,459,2
2009,594,2
2009,993,2
2009,1156,2
2010,483,14
2010,1054,14
2011,1008,3
2011,1350,3
2011,1685,3
2015,267,3
2015,462,3
2015,930,26
2015,1052,3
2017,857,3
2017,929,2
2017,1117,3
2017,1161,2
2017,1222,14
2018,738,2
2020,26,6
2020,78,6
2020,581,14
2020,668,6
2023,1504,3
2027,343,3
2027,395,3
2031,159,37
2033,367,34
2033,437,18
2034,115,14
2034,147,6
2034,173,14
2034,435,6
2037,295,3
2037,639,8
2039,23,25
2039,50,3
2039,107,25
2039,134,3
2039,718,3
2042,1123,2
2043,543,2
2043,1203,2
2044,712,6
2044,977,16
2045,80,30
2045,451,6
2045,693,3
2045,925,3
2048,224,6
2048,447,6
2049,43,12
2049,94,12
2049,157,31
2049,819,8
2049,878,8
2049,952,12
2050,365,3
2050,270,17
2050,585,3
2053,546,3
2055,274,18
2055,508,37
2055,626,3
2055,644,2
2055,803,3
2055,811,3
2055,983,3
2055,1082,3
2061,13,40
2062,22,25
2063,411,3
2063,752,3
2063,1077,3
2064,735,3
2065,334,2
2065,920,2
2065,1112,2
2066,712,13
2067,172,6
2067,274,18
2067,449,6
2067,668,14
2069,234,20
2069,256,3
2072,206,15
2072,223,3
2074,831,3
2075,310,2
2075,385,2
2075,549,2
2075,591,2
2077,463,2
2077,729,2
2077,913,2
2077,973,2
2078,207,2
2078,452,2
2078,543,2
2078,801,2
2078,977,2
2078,984,2
2078,1425,2
2078,1432,2
2087,473,4
2090,508,2
2090,605,2
2090,1009,2
2096,75,18
2097,84,6
2097,149,13
2097,753,13
2098,318,14
2098,922,3
2099,1786,2
2099,1926,2
2099,2116,2
2102,282,30
2102,314,3
2102,566,3
2102,620,3
2102,661,5
2105,212,6
2106,5,56
2106,207,14
2106,318,2
2106,361,14
2106,479,2
2106,738,2
2106,837,15
2107,80,24
2109,22,15
2109,142,15
2109,261,15
2109,544,15
2109,805,15
2112,125,14
2112,509,6
2112,567,6
2112,610,6
2114,844,3
2114,1005,3
2124,460,3
2127,115,12
2127,590,14
2127,732,5
2128,0,33
2130,391,9
2135,267,8
2135,1118,13
2136,43,6
2136,296,7
2136,414,7
2136,485,14
2136,540,4
2137,531,2
2137,972,2
2138,32,15
2138,146,15
2138,1373,15
2140,1543,3
2143,329,2
2143,574,2
2143,811,2
2144,667,27
2148,634,4
2148,797,4
2148,900,4
2149,262,26
2149,991,15
2152,320,16
2154,159,25
2154,233,3
2154,313,3
2154,416,3
2154,663,3
2154,796,3
2154,912,3
2154,961,3
2155,423,6
2158,408,2
2158,557,2
2158,624,2
2161,254,29
2161,635,3
2161,652,3
2161,765,3
2161,1491,10
2162,537,2
2162,1149,2
2162,1687,3
2162,1918,3
2164,360,24
2164,1307,2
2171,80,28
2173,337,12
2173,372,12
2173,671,12
2173,750,4
2173,911,12
2175,967,4
2175,2221,4
2177,393,2
2177,557,2
2177,642,2
2177,672,32
2179,1087,17
2179,1581,12
2180,520,3
2180,1230,13
2182,169,14
2182,564,14
2187,174,21
2189,799,24
2189,917,3
2191,76,14
2191,278,14
2191,879,14
2200,83,26
2200,203,31
2208,2029,2
2208,2102,2
2208,2200,2
2209,222,3
2210,230,18
2210,843,18
2210,976,28
2214,42,22
2214,575,3
2214,740,3
2214,1220,3
2214,1441,3
2214,1592,3
2214,1646,8
2214,1688,4
2214,1719,3
2214,1748,3
2214,1796,3
2214,2036,3
2218,496,2
2218,542,2
2218,908,4
2218,1570,2
2218,1654,2
2218,1904,13
2218,1965,2
2221,27,14
2222,416,3
2225,19,22
2225,147,22
2225,932,45
2225,1215,22
2226,75,56
2229,757,5
2232,0,35
2232,153,18
2232,388,26
2232,1129,26
2240,19,26
2253,133,24
2255,831,45
2257,15,14
2257,75,14
2257,237,14
2265,0,4
2274,20,46
2274,768,14
2274,946,29
2274,1013,4
2274,1042,8
2274,1108,22
2274,1242,15
2274,1282,8
2279,42,14
2279,97,14
2279,168,14
2279,466,15
2279,690,6
2279,730,6
2279,782,6
2279,835,6
2290,54,6
2299,510,2
2299,616,2
2299,857,2
2299,965,2
