0,0,6
3,56,6
3,343,3
3,392,13
3,913,6
3,1554,3
6,152,18
9,74,6
9,104,6
9,156,6
9,249,5
9,1621,6
10,45,25
10,167,26
10,278,17
10,355,17
11,180,45
12,48,17
13,102,17
13,213,3
13,348,3
13,400,3
13,1430,3
15,74,15
15,370,15
15,1021,15
15,1825,6
15,2083,6
15,2711,15
18,35,20
18,383,12
18,844,8
19,162,51
19,1293,15
20,1377,16
21,50,15
21,166,13
21,310,13
21,380,16
21,398,15
21,1154,12
23,100,29
23,414,3
23,444,3
25,258,11
25,432,3
25,580,3
25,1222,3
25,1708,3
25,1765,11
25,1819,3
27,13,30
27,82,12
28,981,2
29,84,18
31,74,27
31,155,27
31,184,3
31,190,3
31,963,3
31,1133,19
32,20,21
32,137,27
32,240,21
32,326,3
32,553,3
32,893,3
32,990,3
32,1769,3
35,1303,3
38,0,3
38,261,3
38,396,3
38,927,3
40,78,21
41,1369,14
42,0,6
42,207,6
42,317,6
42,847,6
42,985,6
42,1067,6
42,1166,6
42,1221,20
42,1279,6
42,1300,20
42,1419,16
43,339,17
43,361,9
44,624,12
46,217,10
48,1472,6
48,1494,21
48,1573,6
50,12,9
50,518,3
50,878,3
50,1034,9
50,1143,3
52,257,22
52,935,14
53,324,6
54,21,9
54,521,2
54,1026,6
54,1184,6
54,1299,6
54,1324,2
56,75,27
56,127,27
56,536,27
58,215,18
58,1154,20
59,585,20
60,1430,15
60,1466,3
62,397,9
62,743,17
62,1463,18
62,2758,27
62,2930,18
63,107,8
63,275,40
64,299,3
64,1193,3
65,110,28
65,140,28
65,170,3
65,292,3
65,519,3
65,849,3
66,449,22
67,15,28
67,384,2
68,148,40
68,230,4
69,124,44
70,683,12
71,347,3
71,528,3
71,687,3
71,755,3
71,829,3
71,1117,3
71,1567,3
71,1623,13
72,90,6
72,243,6
72,330,5
72,945,6
72,1127,6
72,1366,6
72,1456,6
75,38,20
75,106,20
75,446,39
75,525,15
77,303,2
77,171,20
77,559,2
77,1037,2
77,1440,2
78,1607,2
80,688,2
80,882,2
80,1042,4
80,1149,2
80,1258,2
80,1459,2
80,1523,4
80,1582,2
80,1624,2
80,1792,2
80,1901,2
81,121,23
81,262,23
81,329,23
81,408,14
81,633,14
81,749,14
81,858,23
81,989,23
81,1052,14
81,1275,15
81,1322,23
83,365,6
83,414,16
84,45,27
84,110,26
84,172,30
84,369,27
86,0,54
86,131,54
86,202,17
86,1092,30
87,19,27
87,367,16
87,434,27
87,500,9
87,542,16
87,1077,16
87,1165,14
88,65,17
88,228,13
88,348,17
88,491,17
88,690,17
88,803,17
88,926,17
88,997,6
88,1140,17
88,1465,13
89,413,6
89,659,3
90,83,14
91,100,24
91,180,24
91,248,16
91,206,3
91,310,3
91,745,3
91,781,24
91,1090,3
91,1141,3
91,1502,3
91,1622,3
92,320,2
92,386,2
92,641,2
92,1515,2
93,162,23
93,445,23
93,573,5
94,81,9
94,281,9
94,384,14
95,342,3
95,703,3
95,995,3
95,1244,3
96,0,16
96,673,16
98,159,13
98,183,6
98,220,14
98,1183,13
98,1206,7
98,1248,14
99,510,3
99,1356,3
100,135,6
100,683,18
100,718,6
100,915,6
100,1035,6
100,1438,6
101,57,29
101,88,29
101,119,5
101,394,5
101,587,5
101,788,5
101,847,5
101,1301,5
101,1853,5
105,159,15
106,75,14
106,294,14
106,365,14
106,398,24
106,1061,5
106,2225,27
107,240,6
107,847,6
107,1009,6
107,1332,5
107,1582,6
109,217,8
109,230,18
109,392,10
109,679,3
109,751,3
109,793,37
109,1392,3
110,14,26
110,197,2
110,109,15
110,368,19
110,399,13
110,428,9
110,701,2
110,819,2
111,1034,12
112,288,17
112,745,3
112,1075,3
112,1414,3
113,165,26
120,177,15
121,267,32
122,506,16
123,187,7
123,772,12
124,1511,3
126,142,27
126,171,3
126,329,3
128,231,31
128,276,3
128,512,6
128,566,3
128,688,3
128,769,3
128,1008,2
128,1266,3
128,1394,3
128,1497,3
128,1574,3
128,1886,3
129,107,43
129,168,51
129,424,17
129,517,14
129,632,15
129,1032,14
129,1200,14
129,1287,14
129,1975,14
129,2115,17
130,165,28
130,231,2
130,1262,2
131,895,16
132,1007,2
134,109,13
135,68,28
135,98,3
135,344,3
136,77,12
136,188,12
136,294,8
136,351,8
136,1566,22
138,597,3
138,670,3
138,988,3
141,757,52
141,1657,33
142,23,6
142,159,6
142,301,6
142,515,16
142,603,6
142,736,6
142,956,6
142,1125,6
142,1677,21
142,1845,6
142,2063,6
142,2260,6
142,2383,6
144,631,4
146,86,6
146,247,56
146,673,27
146,984,12
147,202,24
147,304,40
149,780,19
149,1115,6
149,1137,21
149,1275,14
149,1435,27
150,55,15
150,72,15
150,289,15
150,409,15
150,704,16
150,1198,7
150,1448,15
150,1686,15
152,32,6
153,332,6
155,331,6
155,466,15
155,538,6
155,987,6
156,67,14
157,278,3
157,1429,8
157,1566,8
158,904,2
159,65,2
159,135,27
159,508,3
159,749,3
159,774,2
160,73,24
160,141,24
160,171,24
160,207,33
160,276,24
160,197,3
160,368,3
160,1078,24
161,430,14
161,757,4
161,886,4
161,1332,4
166,1217,3
168,238,25
168,351,6
168,380,26
168,554,6
169,37,6
170,143,40
170,653,19
171,211,2
174,14,26
174,145,26
176,1258,13
177,37,18
177,161,20
177,254,13
177,348,18
177,453,13
177,468,2
177,993,2
177,1108,18
177,1173,2
177,1314,2
178,151,50
178,288,3
178,1045,3
178,1104,3
178,1559,3
179,97,7
179,239,6
179,443,7
179,818,47
179,989,6
180,1412,3
181,90,6
183,895,23
186,26,17
186,159,18
186,505,10
186,767,3
186,996,18
186,1053,6
186,1272,3
186,1320,3
186,1454,6
187,473,3
187,756,3
187,786,3
188,787,2
188,930,2
189,81,13
189,680,13
190,422,2
190,478,2
190,1678,2
191,253,13
192,777,6
192,1356,2
193,115,9
193,253,20
193,348,20
193,526,9
194,78,13
194,106,13
194,179,23
194,300,13
194,333,13
194,444,7
194,703,21
194,847,20
194,1009,20
194,1664,13
194,1797,14
194,1938,13
195,54,28
195,137,13
195,406,13
195,920,20
195,1194,25
195,1237,18
195,1363,6
196,516,36
201,833,3
203,149,34
203,319,10
203,370,12
203,442,3
203,485,12
203,1145,3
203,1336,17
204,105,14
204,343,19
204,403,9
204,437,17
204,694,21
204,787,13
205,4,33
205,693,33
205,879,4
206,1543,3
207,765,12
207,884,12
209,135,20
211,893,3
211,1062,3
212,39,2
212,199,13
212,652,2
214,191,36
215,33,28
215,123,13
215,184,13
215,326,28
215,394,13
215,917,7
215,1429,13
215,1520,28
215,1556,13
216,60,4
216,568,4
216,1043,2
217,31,6
217,112,6
217,170,7
217,1450,15
217,1590,15
217,1698,15
218,244,3
218,406,11
218,513,11
218,530,3
218,757,3
218,803,3
220,516,3
221,335,10
221,1216,13
221,1300,13
221,1393,13
222,570,2
224,242,6
224,357,3
224,212,16
224,455,3
224,623,6
224,1177,6
226,72,25
226,110,15
226,265,13
226,439,6
226,509,25
226,620,24
226,681,13
226,789,14
226,1016,13
226,1056,13
226,1195,13
226,1281,14
226,1456,13
226,1537,25
226,1625,13
226,1687,24
226,1778,14
226,1924,25
227,730,8
229,383,20
230,357,3
230,886,3
230,1000,3
231,1196,18
231,1317,19
234,656,4
235,300,20
236,1611,2
237,96,3
237,129,3
237,227,17
237,722,3
237,955,3
237,1085,17
237,1237,3
237,1661,3
238,878,19
239,209,3
239,518,3
239,1007,3
239,1582,3
239,1840,3
240,0,21
240,166,21
240,349,9
240,461,21
240,1182,6
240,1221,3
241,212,13
241,561,3
241,689,3
242,112,51
242,1209,14
242,1899,4
243,67,21
243,154,21
243,177,3
243,280,3
243,441,20
243,838,3
244,519,4
245,152,20
245,573,26
245,616,8
245,1707,8
248,442,3
248,573,3
248,851,3
248,1185,3
249,1213,16
252,175,19
253,0,14
253,202,13
253,235,14
253,381,14
253,613,6
253,722,7
253,742,13
253,852,36
253,999,14
253,1302,25
253,1354,13
255,270,2
255,447,2
255,764,2
256,581,7
258,145,27
258,278,26
258,332,2
258,521,2
258,738,2
258,793,2
258,893,22
259,477,4
259,631,3
259,652,6
259,700,3
259,776,3
259,884,4
262,53,42
262,214,42
262,258,5
262,580,28
262,694,5
262,1360,5
262,2015,5
264,561,2
264,591,3
264,1324,3
264,1478,3
264,1615,2
265,354,3
265,1255,3
266,117,35
266,733,6
267,336,3
267,1191,6
267,1226,3
268,903,3
270,788,2
270,1461,3
270,1938,2
272,663,3
272,1404,3
272,1621,3
273,470,2
273,725,4
273,824,4
273,957,2
273,1110,3
273,1118,4
275,1296,2
276,283,7
276,554,7
276,729,10
277,1231,3
278,133,21
278,199,21
280,353,16
280,381,14
280,796,3
280,1076,3
280,1159,3
280,1943,3
283,1117,4
283,1486,15
284,2265,4
287,275,22
287,378,53
287,579,39
287,687,15
287,1392,15
288,1584,15
289,533,15
289,566,26
289,1017,6
290,67,21
290,218,21
290,324,32
290,1070,7
290,1201,13
290,1458,13
290,1599,13
290,1748,13
291,202,12
291,1050,25
294,119,46
294,453,4
294,842,4
295,202,16
295,594,3
297,52,25
297,320,14
297,817,14
297,981,14
298,163,25
299,62,3
299,184,11
299,299,3
299,471,11
301,92,36
301,726,13
302,350,12
302,527,16
302,853,12
304,303,10
304,764,6
304,1182,6
305,67,25
305,172,36
305,334,6
305,978,6
306,2342,3
308,318,3
308,612,3
308,619,11
308,814,11
309,505,3
309,746,3
310,154,27
310,818,3
310,984,3
310,1198,3
310,1690,2
311,35,14
311,1095,3
311,1210,3
312,35,26
312,89,4
312,63,3
312,171,26
312,271,4
312,199,3
312,537,4
312,570,15
312,767,3
312,805,15
312,903,4
312,938,4
312,991,4
312,1636,27
313,73,25
313,135,25
313,239,36
313,925,25
314,1652,45
315,1282,2
315,1154,12
315,1982,2
316,239,31
317,657,23
318,111,52
318,165,6
318,739,52
318,793,7
319,330,41
319,776,2
319,1044,4
319,1065,5
320,136,24
320,1143,24
320,1347,24
321,191,46
321,253,35
321,1121,16
322,204,16
322,1501,13
323,98,33
323,138,27
323,287,14
324,26,23
324,69,23
324,153,13
324,272,13
324,317,23
324,361,23
324,519,37
324,831,7
324,976,13
324,1140,19
324,1483,6
324,1527,13
324,1679,23
326,156,23
326,208,13
326,398,24
327,748,2
328,14,22
328,215,31
328,474,3
328,544,3
328,890,3
330,155,6
330,427,52
330,578,15
330,825,2
330,955,2
330,1249,2
330,1338,2
330,1854,2
330,1874,3
330,1956,3
330,2024,2
330,2168,2
330,2185,14
330,2472,24
330,2902,2
334,171,27
334,1072,13
335,195,5
335,396,21
335,1275,4
335,1317,3
335,1587,3
338,69,36
338,147,10
338,162,15
338,321,26
338,441,3
338,562,3
338,585,24
338,1035,3
338,1336,15
338,1939,15
338,2093,15
338,2203,15
338,2359,15
339,1108,16
341,308,24
341,349,8
341,384,24
341,425,8
341,437,16
341,482,8
341,560,24
341,648,8
341,790,8
341,1302,24
341,1343,8
344,299,3
344,399,3
344,1198,3
344,1325,3
344,1421,3
345,1062,6
347,61,24
347,91,24
347,128,25
347,117,3
347,342,3
348,72,13
348,133,13
348,197,35
348,399,36
348,544,13
348,852,13
348,891,14
348,1500,25
348,1632,13
348,1819,6
349,226,2
349,1084,2
350,269,9
350,415,4
350,553,4
350,661,4
350,705,17
350,946,4
350,1520,4
352,647,27
353,431,17
354,246,6
354,435,6
354,640,6
354,1774,18
355,271,26
355,709,2
356,37,15
356,268,15
356,285,2
356,915,2
356,1681,2
358,1009,20
358,1142,2
358,1216,20
358,1269,2
359,334,29
359,418,30
359,365,2
359,1909,4
362,11,50
365,1016,3
365,1058,15
365,1193,15
365,1996,27
366,78,26
366,283,2
366,414,2
366,486,2
366,524,2
366,697,2
366,939,2
366,1004,2
366,1094,2
367,1454,3
367,2197,3
367,2379,3
368,0,37
368,363,10
368,482,10
368,558,10
368,1041,26
370,64,12
370,186,26
370,767,12
371,55,16
371,82,41
371,207,27
371,489,18
374,179,46
374,389,3
374,438,4
376,129,36
376,532,3
378,988,3
379,271,25
379,526,9
380,228,6
380,257,2
380,280,6
380,358,2
380,491,2
380,1349,13
380,1435,2
380,1594,2
380,1631,8
380,2176,2
380,2235,21
380,2570,6
381,834,4
382,1304,8
383,412,25
384,35,15
384,205,23
384,337,15
384,483,15
384,604,26
384,632,3
384,735,15
384,1246,3
384,1324,3
385,25,3
385,171,45
385,955,3
385,1696,3
387,1260,2
387,1792,12
388,899,8
390,320,13
391,79,53
393,23,12
393,208,21
393,231,3
393,488,3
393,854,3
393,861,2
393,966,6
393,1084,6
393,1526,14
394,18,5
394,131,15
394,293,15
394,599,15
394,656,18
394,742,6
394,1040,4
394,1521,15
394,1606,6
394,1750,15
395,81,15
396,65,25
396,227,37
396,679,25
397,151,7
397,302,6
397,730,14
397,925,6
398,0,38
398,376,3
398,419,3
398,1138,3
398,1288,3
400,494,28
401,370,10
401,818,17
401,1258,4
402,64,8
402,133,8
402,394,8
402,683,8
402,829,8
402,1168,8
403,72,3
403,312,3
403,477,3
404,738,3
405,535,17
405,782,2
405,861,2
405,901,2
405,1011,2
409,703,3
409,1698,4
410,82,34
410,478,2
410,914,2
414,1021,15
416,253,3
416,442,3
416,613,3
418,1013,3
421,206,3
421,342,19
421,515,3
421,739,15
421,874,3
421,922,3
421,1074,10
423,175,6
427,985,24
428,274,22
429,192,6
433,46,16
433,409,16
433,610,16
433,958,6
433,1565,25
433,1707,17
433,1948,6
433,2045,16
434,86,27
434,115,3
434,269,3
435,70,17
435,152,36
435,251,7
435,300,16
435,1420,14
436,127,13
436,170,12
436,184,2
436,874,2
438,420,4
438,528,18
438,622,5
440,0,67
440,491,4
440,661,14
440,862,6
440,1036,37
440,1191,2
441,826,4
441,879,4
441,1005,4
441,1118,21
441,1490,12
441,1960,2
441,2033,2
442,254,17
442,382,3
442,400,11
442,522,11
442,559,3
442,1570,3
442,2008,3
442,2023,11
443,178,20
443,434,2
443,703,2
443,744,2
443,836,2
443,886,2
443,988,2
443,1517,3
443,1522,6
443,1533,2
443,1578,2
443,1619,6
443,1669,3
443,1737,2
443,1798,2
443,1815,6
443,1938,28
443,2058,2
443,2376,6
443,2473,2
443,2617,23
444,164,21
444,256,6
444,431,6
447,392,4
447,479,4
447,568,20
447,1025,4
447,1219,4
447,1467,4
447,1645,4
448,274,24
449,159,15
449,1079,13
450,30,3
450,64,24
450,90,24
450,134,25
450,116,3
450,233,3
450,313,3
450,367,3
450,462,16
450,561,3
451,44,24
451,395,13
451,483,21
451,1177,25
451,1340,13
451,1486,13
452,4,23
453,748,3
453,1186,3
454,222,8
454,476,24
454,937,24
454,1129,24
455,68,24
455,129,24
455,164,27
455,319,16
455,155,3
455,536,3
455,1462,3
455,1732,3
457,234,2
457,279,2
457,593,2
457,995,2
457,1107,47
458,241,6
458,312,3
458,561,3
458,677,3
458,1183,6
458,1303,6
458,1668,6
460,374,2
460,326,9
460,678,2
463,37,21
463,244,26
463,338,17
463,451,17
463,747,10
463,1102,23
464,165,21
464,211,21
464,234,3
464,519,3
464,593,3
464,785,3
464,884,3
464,1148,3
464,1476,2
464,1586,3
464,1643,3
464,1759,3
464,1836,3
465,507,7
469,8,21
469,48,21
469,108,21
469,131,3
469,529,3
469,687,21
469,733,3
469,795,3
470,0,44
470,90,51
470,148,30
470,540,15
470,949,15
470,1122,15
471,41,3
471,53,29
471,314,30
471,534,3
471,657,3
471,780,3
471,850,3
471,1022,3
471,1232,3
471,1416,3
471,1464,4
471,1605,3
474,59,24
474,133,42
474,632,6
476,53,13
476,199,13
476,229,3
476,145,21
476,324,13
476,584,13
476,1039,13
476,1567,13
476,1670,13
478,169,46
478,250,35
479,825,2
480,98,47
481,191,15
481,230,34
483,359,4
483,1452,27
483,1593,5
483,1988,4
483,2158,27
483,2278,4
483,2440,4
483,2506,4
484,16,3
484,147,3
484,178,30
484,301,3
484,516,33
484,668,2
484,738,21
484,800,7
484,816,17
484,958,3
484,983,7
484,1070,3
484,1129,34
485,815,13
486,71,20
486,204,6
486,877,4
487,142,15
487,252,3
488,143,8
488,421,8
489,56,28
489,86,28
489,131,23
489,116,3
489,463,3
489,485,3
489,1348,3
493,71,16
493,1039,16
493,1125,4
493,1324,4
494,172,50
495,162,14
495,1092,19
495,1366,16
496,706,2
496,893,21
497,222,3
497,1035,3
499,69,24
499,99,24
499,136,35
499,212,3
499,272,16
499,520,3
500,23,3
501,4,11
501,127,11
503,42,18
503,105,18
503,200,33
503,314,30
503,435,23
503,579,18
503,715,18
503,793,6
503,819,14
503,901,18
503,945,23
504,967,6
505,41,24
505,67,3
505,199,24
505,258,3
505,431,3
505,544,3
505,891,2
505,969,3
505,1008,3
505,1569,3
505,1589,3
505,1677,3
506,654,12
506,959,6
506,995,8
507,0,27
507,691,26
507,974,27
507,1250,15
507,1270,25
507,1549,16
507,1639,17
511,371,6
511,613,3
511,800,3
511,1064,3
511,1186,3
512,94,6
512,385,4
512,831,4
512,842,4
512,971,5
512,1066,4
512,1075,4
512,1335,4
512,1359,4
512,1512,4
512,1521,4
513,382,2
513,282,15
515,498,26
516,0,12
516,148,13
516,581,20
517,97,16
517,935,6
517,1389,19
518,350,2
518,1139,6
518,1154,2
520,78,13
520,495,13
520,630,13
520,729,13
520,894,13
520,1050,14
520,1164,13
520,1522,14
520,1584,13
521,40,28
521,300,11
521,703,3
523,93,29
523,147,29
523,178,5
523,224,5
523,392,3
523,742,3
523,926,5
523,1104,5
523,1214,5
523,1380,5
524,1027,3
524,1128,3
524,1184,3
527,559,13
527,666,13
527,1007,13
528,29,6
528,221,6
528,365,6
528,1386,6
529,536,3
529,1468,3
531,75,54
531,131,54
531,200,17
531,187,5
531,1233,44
533,456,13
533,516,13
533,609,13
533,1344,26
533,1473,13
533,1515,13
533,1693,13
534,132,13
534,216,36
534,336,14
534,491,14
534,620,13
534,694,30
534,756,33
534,1300,7
534,1419,7
535,457,3
536,271,3
536,452,3
536,740,3
536,1010,16
536,1209,3
536,1384,3
537,946,6
537,1353,2
538,544,42
538,1454,22
538,1541,21
539,755,7
539,910,3
539,1393,7
540,112,21
540,211,28
540,458,13
540,651,21
540,794,28
540,1324,13
540,1576,24
540,1691,13
541,322,9
541,409,3
541,611,6
541,754,6
541,1007,2
541,1057,3
541,1390,3
541,1581,3
541,1703,3
543,227,3
543,153,23
543,306,3
543,673,3
543,3651,3
545,22,28
546,299,16
547,957,3
547,1845,3
548,150,25
548,345,3
548,396,3
548,439,3
548,468,3
548,1025,3
551,36,13
551,175,13
551,275,13
551,333,13
551,589,13
551,718,14
551,1066,13
551,1226,13
551,1440,13
551,1612,13
551,1975,13
551,2054,13
552,31,12
552,108,12
553,117,10
555,285,15
555,853,4
555,1049,4
555,1103,4
555,1412,4
555,1732,15
555,1768,4
555,1787,15
556,514,26
557,750,15
557,1078,15
560,251,23
560,791,21
560,904,21
561,836,17
561,1019,3
561,1111,3
562,389,41
562,1366,21
564,411,4
564,709,3
565,156,15
566,340,3
566,495,3
566,557,3
566,601,3
566,1978,3
566,2020,3
568,54,13
568,860,6
568,1548,7
569,85,12
569,99,6
569,450,13
569,480,6
569,1311,3
569,1388,3
569,1970,13
569,1988,3
570,1000,2
571,45,6
571,73,5
571,123,42
571,167,5
571,708,3
571,716,6
571,1235,6
571,1372,6
571,1602,6
572,329,2
572,523,2
572,698,2
574,246,3
574,360,3
574,678,40
574,901,43
576,609,40
576,651,4
576,726,6
576,745,13
576,830,13
576,1430,3
576,1547,11
576,1578,13
578,142,27
578,254,3
578,358,3
579,339,2
579,531,2
579,1239,3
579,1373,2
580,46,29
580,77,29
580,112,26
580,804,29
580,1328,29
581,978,2
584,254,3
584,359,20
584,446,3
584,470,29
584,622,3
584,773,3
584,891,3
584,1049,3
584,1128,3
584,1220,3
584,1431,3
584,1546,3
584,1646,3
584,1725,3
584,1826,3
586,110,15
586,127,15
586,147,24
586,601,15
586,1802,15
587,0,32
587,90,32
587,124,4
587,217,4
587,896,4
588,225,4
589,1508,15
589,1822,15
590,0,33
590,72,33
590,182,14
590,107,4
590,830,4
591,71,21
591,389,3
591,508,3
591,615,3
591,1041,29
591,1197,6
591,1337,21
591,1887,6
592,220,33
592,341,4
592,516,33
593,695,3
594,54,6
594,269,5
594,821,6
594,1040,2
594,1410,2
594,2260,2
594,2760,2
596,279,14
596,672,22
596,722,30
597,261,25
597,348,7
597,425,5
597,1694,7
598,936,6
598,991,2
598,1243,2
599,1625,8
600,152,39
600,359,2
600,478,38
600,1019,2
600,1207,5
600,1486,2
601,1161,13
601,1536,6
604,811,2
605,83,46
605,131,3
606,53,6
607,296,33
608,1167,15
609,292,3
609,483,3
609,839,3
609,894,3
609,2195,3
612,113,13
612,356,30
612,465,6
612,596,6
612,678,6
612,778,25
613,294,3
613,779,3
613,890,4
613,971,6
613,1047,9
613,1136,8
613,1237,4
613,1691,3
614,1267,3
614,1698,3
615,759,6
615,802,17
615,924,6
615,1283,12
617,259,21
618,198,6
620,0,63
620,65,63
620,130,6
620,800,6
621,720,2
622,501,14
624,1740,3
624,1967,3
625,42,33
625,77,28
625,116,33
625,161,55
625,107,3
625,151,4
625,248,3
625,258,17
625,305,4
625,645,8
626,654,2
626,1032,2
626,1182,2
626,1899,2
626,2199,2
628,693,4
628,1183,4
630,152,18
631,461,3
631,476,6
631,628,3
631,655,3
631,852,3
631,1105,3
631,1227,16
631,1316,5
632,657,3
632,1693,3
633,394,27
633,429,25
633,423,3
633,456,3
633,1314,3
633,1560,3
633,1568,3
633,1585,17
635,139,39
635,346,3
635,857,3
636,449,3
637,71,18
637,597,16
637,679,18
637,737,8
637,1240,16
638,331,43
638,422,6
638,564,18
638,773,6
638,903,14
638,1020,17
638,1357,14
638,1849,14
638,2034,20
638,2151,6
638,2354,25
638,2566,6
639,708,3
639,830,3
639,948,18
639,1116,7
639,1338,13
639,1517,22
640,772,34
640,808,4
640,1138,35
640,1793,4
642,24,34
642,934,17
642,2011,14
646,148,12
646,313,13
646,466,2
646,569,21
646,659,6
647,258,6
647,381,2
647,621,2
647,863,3
647,973,12
647,1109,3
647,1251,3
647,1450,7
648,78,3
648,103,3
648,379,3
648,425,3
648,588,3
648,648,3
649,31,25
649,150,30
649,185,6
649,204,17
649,335,6
649,645,6
649,697,13
649,1114,17
652,39,12
652,171,12
652,261,8
652,185,2
653,48,9
653,376,5
653,383,42
653,597,3
653,779,6
653,934,5
653,1069,15
653,1130,6
653,1260,3
655,78,7
655,147,16
655,531,4
655,576,14
655,672,13
655,761,12
655,775,17
655,1120,6
655,1152,12
655,1218,13
656,44,19
657,674,11
662,53,27
662,103,27
662,132,3
663,0,38
663,86,27
663,124,25
663,115,3
663,151,3
663,257,7
663,586,3
663,611,3
663,699,3
663,1198,7
665,57,27
665,110,27
665,139,3
665,459,3
665,741,3
666,12,27
668,615,3
668,1276,3
672,24,3
672,111,34
676,118,33
676,153,4
676,250,27
676,279,3
678,16,44
680,577,8
681,53,36
681,167,36
681,658,33
681,917,15
682,273,4
682,544,4
683,210,28
683,295,3
683,316,6
683,524,6
685,22,27
685,119,27
685,148,3
688,64,15
690,81,19
691,242,3
691,142,15
691,470,20
691,847,3
691,922,10
691,1386,3
692,136,44
695,68,24
695,156,17
695,445,6
695,548,6
695,630,6
695,808,13
695,890,7
695,1123,14
695,1566,6
695,2254,24
696,486,22
696,765,4
696,933,4
696,1294,4
697,220,14
699,128,45
702,571,2
702,1257,2
704,496,2
704,742,2
704,956,2
708,153,34
708,1666,3
709,1281,2
710,549,3
710,643,3
710,1051,3
712,20,26
712,243,3
712,296,3
712,548,2
712,863,3
712,937,3
713,6,24
713,89,24
713,124,25
713,221,16
713,270,3
713,151,3
713,1370,7
713,1702,16
713,1881,14
714,21,15
714,452,25
714,1370,6
715,513,14
716,351,9
717,564,3
717,574,3
717,882,3
717,906,3
717,1269,3
717,1310,3
717,1867,3
717,1970,3
719,499,26
719,527,3
720,41,18
720,124,15
720,176,6
720,346,29
720,504,19
720,1161,23
720,1569,25
720,1636,18
722,791,23
724,65,10
724,395,4
724,806,11
724,1072,7
724,1090,3
724,1391,27
724,1430,3
724,1490,3
724,1618,3
725,66,38
725,128,25
725,1212,3
725,1426,3
725,1466,3
725,1582,3
725,1653,3
726,995,23
726,1220,20
727,41,21
727,108,21
727,131,3
727,187,5
727,401,3
727,878,3
727,987,19
727,1035,3
727,1178,3
727,1269,3
728,129,29
728,206,12
728,1213,7
729,200,42
730,62,5
731,314,2
731,705,2
731,857,2
732,108,15
732,237,15
732,1322,6
734,98,17
734,414,6
734,629,6
734,791,6
734,1815,6
736,964,14
738,135,27
739,1,21
739,59,21
739,112,16
739,82,3
739,364,3
739,457,3
739,601,3
739,701,3
739,723,3
739,831,3
739,1208,3
739,1455,3
739,1601,3
739,1825,3
739,1881,3
739,1969,3
740,212,29
740,243,3
740,330,3
740,1520,16
740,1578,3
742,171,2
742,184,19
743,370,6
743,1343,18
744,136,23
744,234,13
744,322,22
744,357,33
744,459,23
744,988,13
744,1061,13
744,1259,13
744,1767,24
745,15,14
745,62,12
745,124,15
745,174,9
745,241,6
745,512,2
745,563,20
745,780,15
745,1084,5
745,1257,6
745,1350,6
745,1428,6
745,1503,6
745,1809,5
746,92,11
746,240,11
746,1168,11
748,1378,27
749,243,4
749,672,4
749,877,4
749,1094,4
749,1387,4
755,744,3
755,903,3
755,1732,3
756,77,35
756,252,24
757,435,41
757,1600,12
758,265,13
759,271,9
760,70,51
760,657,4
762,346,17
762,553,11
762,568,3
762,887,3
762,905,11
762,924,3
762,945,11
762,1076,11
762,1210,11
762,1283,3
762,1301,11
762,1441,11
762,1564,11
762,1627,11
763,99,27
763,141,23
763,273,3
763,380,3
763,483,3
763,509,3
763,654,3
763,729,3
763,878,3
763,987,3
763,1270,3
763,1278,4
765,1651,3
766,194,6
766,429,11
766,956,11
766,1024,3
766,1102,3
766,1202,12
766,1353,3
766,1517,10
766,1576,3
766,1626,3
766,1895,12
766,2004,3
766,2048,3
766,2108,3
766,2276,3
766,2521,3
766,2637,3
767,778,23
767,1098,21
770,110,29
771,497,3
771,1946,3
771,2184,3
771,2363,3
772,133,25
773,416,3
773,484,3
773,670,3
773,855,3
774,48,13
774,67,34
774,138,17
774,103,4
775,307,6
775,1185,3
775,1199,61
775,1398,6
775,2484,3
775,5275,6
775,5639,20
776,233,41
776,276,5
776,344,3
776,461,3
776,538,6
776,580,3
776,639,30
776,1753,17
777,429,3
777,100,22
777,837,3
777,919,3
777,1001,3
779,92,13
779,120,6
779,229,22
779,318,16
779,609,13
779,738,17
779,1146,7
779,1301,7
779,1627,13
780,598,4
781,667,3
783,227,25
784,1010,20
785,300,2
785,1063,4
786,506,18
786,585,3
786,735,3
788,528,5
788,1281,14
788,1569,6
789,87,17
789,123,16
789,191,23
789,258,17
790,369,3
790,753,3
790,992,3
790,1136,3
791,493,12
791,598,12
791,1432,2
791,1820,21
791,1940,12
792,370,14
792,647,14
792,750,14
792,890,14
792,990,14
792,1295,14
793,208,3
793,360,3
793,568,3
794,199,9
794,307,3
794,420,9
794,553,9
794,722,3
794,1045,3
794,1312,9
794,1626,3
794,1686,20
795,708,27
796,38,15
796,79,15
796,383,15
796,452,15
796,520,6
796,814,15
796,1335,15
797,0,36
797,805,23
797,976,3
797,1020,2
799,63,18
799,172,15
799,377,15
799,899,18
799,962,18
799,1062,15
799,1564,15
799,2115,18
799,2355,15
799,2485,15
801,985,22
801,1255,3
801,1460,3
802,505,16
803,203,19
803,1401,18
805,15,21
805,141,20
805,635,21
807,388,3
807,411,3
807,644,3
807,687,3
807,1114,3
807,1298,3
807,1649,3
810,572,27
811,25,24
811,107,13
811,261,24
811,406,24
811,500,14
811,591,35
811,694,13
811,793,24
811,985,17
811,1437,24
811,1597,24
814,19,6
814,31,22
818,464,3
818,807,6
818,877,6
818,1103,6
818,1793,28
818,1925,28
818,2104,28
819,63,6
819,129,6
819,1069,6
819,1287,13
821,121,9
821,476,2
821,1846,9
821,2124,10
821,2630,9
822,302,35
822,339,4
822,421,8
822,818,2
823,0,6
823,40,13
823,182,13
823,312,6
823,483,21
823,679,21
823,772,7
823,992,13
823,1066,24
823,1197,27
823,1636,13
823,1788,13
825,0,24
825,45,24
825,100,24
825,284,24
825,569,24
825,674,24
825,855,24
825,987,24
825,1079,24
825,1108,25
825,1148,16
825,1169,11
825,1182,24
825,1518,24
825,1617,24
827,1507,2
827,1651,2
827,2130,20
829,1089,3
829,1224,3
829,1318,3
831,180,21
831,717,3
833,429,2
833,1305,2
834,33,8
834,46,6
834,181,18
834,236,32
834,343,6
834,433,2
834,440,8
834,505,6
834,573,2
834,668,2
834,840,12
834,947,8
834,1430,2
835,413,21
835,840,23
836,828,6
837,32,6
837,111,7
837,288,41
837,1628,7
839,94,3
839,427,3
839,487,3
839,959,3
839,1064,3
839,1247,3
839,1330,3
839,1412,3
839,1560,3
839,1692,3
840,176,29
840,250,16
840,717,23
842,140,16
842,162,35
843,430,7
843,1125,17
844,141,27
844,206,26
844,800,12
844,817,8
844,878,33
849,579,2
849,901,2
849,1056,2
849,1366,2
851,60,44
851,144,51
851,231,16
851,379,16
851,403,15
851,552,16
851,599,3
851,681,16
851,703,15
851,1098,2
851,1128,15
852,328,5
852,349,10
852,1051,10
852,1118,4
852,1187,10
852,1296,5
852,1432,3
853,36,16
853,63,7
853,100,15
853,179,6
853,249,6
853,264,6
853,325,16
853,460,34
853,541,35
853,671,16
853,721,22
853,801,13
853,893,6
853,986,13
853,1010,7
853,1224,14
853,1294,6
853,1361,7
853,1379,16
853,1453,6
854,363,18
854,764,20
855,100,24
855,271,24
855,503,24
855,1463,3
855,1740,3
857,412,19
859,196,17
860,0,28
861,612,3
861,1228,11
861,1478,9
861,1552,11
861,1658,11
861,1673,3
861,1876,11
862,114,34
862,539,3
862,623,34
862,1090,5
862,1242,24
862,1762,20
862,2084,3
863,384,6
863,615,2
863,2195,29
864,276,3
864,464,3
864,634,8
864,742,3
864,1076,3
865,234,2
865,432,2
866,112,18
866,1160,4
867,27,3
867,84,17
867,1127,6
867,1238,6
867,1308,6
867,1460,3
869,192,42
869,264,9
869,236,5
869,412,6
869,480,3
869,877,3
869,1260,6
869,1344,9
869,1372,3
869,1489,17
869,1615,3
869,1683,6
869,1738,24
869,2011,20
871,248,51
871,458,15
872,317,13
874,13,40
874,192,40
874,879,7
875,121,28
875,151,3
875,492,3
875,1087,3
875,1232,3
876,261,17
877,86,20
877,127,29
877,190,35
877,158,5
877,415,5
877,886,5
877,1318,5
877,1444,27
877,1568,5
878,156,3
878,169,3
878,464,3
878,472,3
878,625,2
879,124,56
879,579,3
879,1286,3
879,1375,3
879,1393,3
880,137,11
882,42,28
882,75,4
882,329,23
882,392,44
882,620,3
882,656,3
882,747,33
882,782,4
882,911,8
882,970,4
882,1453,4
882,1639,4
883,0,35
883,53,15
883,319,15
883,521,25
883,558,27
883,886,22
883,998,27
887,1782,13
890,27,13
890,187,13
890,272,2
890,310,21
890,480,2
890,641,2
890,735,2
890,782,13
890,956,2
893,0,20
893,76,33
893,154,33
893,268,20
893,301,14
893,189,4
893,568,5
893,757,23
893,988,2
893,1280,20
893,1304,4
893,1371,19
893,1520,16
894,284,2
894,310,4
894,481,2
894,627,2
894,783,2
894,857,2
894,1071,2
894,1177,2
895,411,2
895,1001,2
895,1089,2
897,112,16
897,855,18
899,18,34
899,87,8
899,105,34
899,141,4
899,474,8
899,513,8
899,631,8
899,752,8
899,843,16
899,1581,28
899,1801,8
899,2025,8
899,2353,26
900,117,21
900,152,21
900,599,3
900,656,3
900,719,3
900,1089,18
900,1365,3
900,2031,3
902,102,21
902,1761,13
903,1179,3
905,806,21
906,685,3
906,1308,3
907,369,2
907,525,2
907,663,2
907,754,2
907,984,2
907,1153,2
907,1296,2
907,1437,2
907,1538,2
907,1761,2
908,49,29
908,92,29
908,123,5
908,418,5
908,934,5
908,1159,3
908,2228,5
908,2337,5
909,503,2
909,1032,2
909,1284,2
910,794,11
911,559,3
911,826,3
912,80,27
912,205,27
912,328,3
912,484,3
912,1180,3
912,1275,3
913,28,15
913,180,15
913,659,15
913,676,2
913,1097,2
913,1357,2
916,212,21
916,235,3
916,805,18
916,1636,3
918,171,6
918,596,15
918,942,6
918,1090,15
918,1406,15
919,57,15
919,140,15
919,201,15
919,218,2
919,713,2
919,761,6
920,395,3
921,47,33
921,100,36
921,285,17
921,527,17
921,1018,36
921,1454,17
921,1621,6
921,1713,17
921,1936,17
922,1627,6
923,27,24
923,58,24
923,174,3
923,577,3
923,794,3
923,993,3
924,1908,4
926,111,12
926,519,12
926,681,6
926,714,3
926,846,6
926,1189,12
927,59,3
927,366,19
927,514,15
927,728,3
927,812,9
927,1057,23
928,70,15
928,214,15
928,234,6
928,471,15
928,544,15
928,1063,6
928,1498,22
930,252,3
930,314,9
931,99,39
931,1789,3
932,822,2
932,935,2
932,1097,2
932,1371,2
933,31,3
933,429,3
933,1088,3
934,480,13
934,919,17
935,211,9
935,736,6
935,755,6
935,951,3
935,1077,13
935,1258,3
935,1304,39
935,1374,3
935,1612,3
935,1735,13
936,272,17
936,730,5
936,811,3
936,963,6
936,980,3
936,1073,6
936,1273,3
936,1410,3
936,1453,7
938,95,51
938,782,14
940,1220,9
941,327,17
941,437,4
941,582,4
941,1160,8
941,1290,4
941,1472,4
941,1667,3
942,148,27
942,296,10
944,324,2
944,364,2
944,665,2
945,637,14
946,25,6
946,237,26
946,410,7
946,756,3
946,808,6
946,932,7
947,315,2
947,245,16
947,495,2
947,1083,2
947,1340,2
947,1371,2
947,1479,2
947,1589,2
947,1737,2
948,85,12
948,108,21
948,276,11
948,131,3
948,371,3
948,516,3
948,1258,3
948,1668,3
948,1843,3
950,131,13
950,149,14
950,212,7
950,376,6
951,939,2
951,1078,2
951,1417,2
952,396,2
952,297,19
952,888,2
953,87,6
953,212,15
953,243,7
953,538,15
953,677,15
953,720,15
953,809,15
953,1547,16
954,44,8
954,275,2
954,849,8
955,656,18
956,219,15
956,236,2
956,1060,2
956,1283,2
956,1357,2
956,1496,2
956,1524,2
956,1658,2
956,1798,2
957,408,18
957,478,2
957,592,3
957,776,3
957,1375,2
957,1531,7
958,296,4
958,330,4
958,444,3
958,339,22
958,482,3
958,734,3
958,847,3
961,157,24
961,299,24
961,325,3
961,639,3
961,1964,3
962,276,3
962,585,3
962,884,3
963,115,6
963,181,25
963,366,3
963,796,21
963,873,3
963,1013,3
967,205,17
967,572,17
967,710,12
967,1122,8
969,609,7
969,678,7
969,1443,7
969,1626,15
971,93,2
971,232,2
971,317,2
971,387,2
971,456,2
971,489,2
971,619,2
971,648,2
971,878,2
971,1176,2
971,1292,2
971,1486,2
974,238,21
974,1042,3
974,1318,3
974,1841,3
975,108,26
975,310,25
977,829,16
978,28,13
978,293,13
978,395,13
978,453,25
978,576,13
978,718,13
978,876,13
978,969,13
978,1153,6
978,1279,22
978,1453,13
978,1481,7
978,1694,43
978,1767,6
978,1851,13
978,2048,13
978,2125,22
979,1973,17
980,130,16
980,1025,18
981,626,7
981,1276,3
982,528,3
984,349,20
984,543,6
984,578,6
986,42,32
986,97,6
986,187,32
986,319,32
987,322,17
987,419,26
987,649,22
987,708,3
987,870,17
987,892,6
987,917,3
987,1032,3
987,1101,3
987,1268,17
987,1586,3
988,753,3
988,842,3
988,1172,3
988,1325,3
991,43,13
991,203,12
991,217,2
991,500,5
991,606,6
991,680,6
991,918,12
991,1053,2
993,54,36
993,843,4
993,1134,4
993,1171,4
993,1268,4
993,1286,4
994,81,41
994,151,15
994,1232,13
995,240,47
995,289,4
995,901,38
996,121,36
996,246,28
996,533,25
996,598,6
996,750,22
996,846,14
996,909,6
996,1566,13
996,1635,14
996,1705,13
998,91,29
998,122,29
998,153,5
998,371,5
998,416,5
998,1598,5
1000,566,7
1000,651,7
1000,987,7
1001,158,22
1001,269,26
1001,422,3
1001,620,16
1001,762,3
1001,966,3
1001,1110,11
1001,1313,3
1001,1370,3
1001,1727,3
1002,287,3
1002,549,4
1002,647,4
1002,953,3
1002,1060,4
1002,1127,4
1002,1180,4
1002,1275,3
1002,1465,13
1002,1513,4
1006,20,37
1006,128,13
1006,396,14
1006,459,7
1006,520,14
1006,542,14
1006,606,14
1006,881,13
1006,1024,13
1006,1407,17
1007,81,17
1007,178,3
1007,386,17
1007,624,18
1007,845,6
1007,1280,6
1007,1579,18
1007,1702,20
1008,1457,8
1009,107,27
1009,313,27
1009,342,3
1009,707,2
1009,1091,2
1009,1223,2
1010,300,6
1011,169,28
1011,211,28
1013,273,19
1014,94,6
1014,181,13
1014,389,13
1015,806,13
1015,1183,2
1015,1484,2
1015,1495,2
1015,1682,13
1016,380,6
1016,791,15
1017,214,3
1017,260,5
1017,456,3
1017,1008,5
1017,1509,3
1018,937,15
1019,982,12
1019,1376,12
1019,1485,12
1020,320,3
1020,581,3
1022,359,4
1022,910,20
1026,849,3
1028,21,44
1028,110,15
1032,384,3
1032,463,3
1032,680,3
1033,40,6
1033,447,5
1033,892,6
1033,959,6
1033,1079,6
1033,1321,6
1034,169,35
1034,366,9
1034,508,3
1034,808,3
1035,33,24
1035,59,51
1035,136,16
1035,286,40
1035,328,5
1035,464,6
1035,507,16
1035,529,15
1037,26,17
1037,1196,16
1039,299,15
1039,1657,3
1040,138,8
1040,151,6
1040,1209,16
1042,216,3
1042,631,2
1043,47,21
1043,85,12
1043,264,3
1043,271,2
1043,423,3
1043,431,2
1043,535,2
1043,696,2
1043,851,3
1043,866,2
1043,1062,2
1043,1095,3
1043,1182,11
1043,1226,2
1043,1358,3
1043,1366,2
1043,1391,2
1043,1518,2
1043,1581,2
1044,252,5
1048,103,28
1048,167,21
1048,277,21
1048,466,21
1048,750,24
1048,803,20
1052,491,27
1052,566,3
1052,720,25
1052,747,3
1052,1327,3
1052,1348,3
1052,1355,3
1052,1391,3
1053,191,6
1054,162,29
1055,0,25
1056,194,3
1056,431,3
1056,1055,3
1056,1107,3
1056,1224,3
1057,214,21
1059,304,2
1059,532,2
1059,635,2
1059,879,2
1059,1064,2
1059,1185,2
1060,31,30
1060,134,45
1060,457,21
1060,480,3
1060,1111,3
1060,1452,18
1060,1554,3
1061,488,2
1061,628,2
1061,1548,2
1063,180,3
1063,978,20
1063,1042,3
1064,859,2
1064,1570,2
1064,1597,2
1064,2364,2
1064,2830,2
1064,2952,2
1065,538,20
1066,72,21
1066,536,21
1066,559,2
1066,768,2
1066,1353,14
1066,1457,2
1067,165,38
1067,328,3
1067,589,3
1067,673,3
1067,905,3
1067,1576,3
1067,1652,3
1068,31,27
1068,83,27
1068,112,3
1068,335,19
1068,595,19
1068,669,3
1069,78,23
1069,515,12
1069,960,17
1071,160,16
1073,104,24
1073,434,5
1073,1089,5
1073,1221,6
1073,1742,14
1073,2070,3
1073,2171,6
1075,38,21
1075,784,3
1075,1094,14
1075,1215,10
1075,1485,14
1075,1501,14
1075,1545,8
1075,1558,9
1076,411,12
1076,459,26
1076,512,3
1076,543,3
1076,895,3
1076,1259,6
1076,1442,3
1076,1792,3
1076,1909,3
1076,1933,3
1076,2485,3
1076,2509,3
1076,2534,4
1078,354,3
1078,474,3
1079,495,2
1079,686,2
1079,1004,2
1079,1275,2
1080,373,2
1080,434,11
1080,556,2
1080,447,4
1080,586,2
1080,1135,2
1080,1653,4
1081,508,3
1081,578,3
1082,266,12
1083,91,28
1083,250,28
1083,280,3
1083,1310,19
1084,297,15
1084,633,15
1084,801,15
1086,283,20
1089,66,13
1089,81,22
1089,131,13
1089,987,13
1090,349,27
1090,384,3
1090,428,5
1090,502,3
1090,515,5
1090,654,3
1090,1091,3
1091,282,35
1091,418,3
1091,469,3
1091,1183,3
1091,1333,3
1091,1499,19
1091,1523,3
1091,1621,3
1091,1737,3
1092,73,11
1092,153,3
1092,179,11
1092,348,11
1092,363,3
1092,469,11
1092,525,3
1092,551,11
1092,572,3
1092,590,11
1092,719,3
1092,817,3
1092,889,11
1092,1003,3
1092,1025,11
1093,635,6
1093,939,6
1095,10,30
1095,123,30
1095,155,3
1095,1270,30
1096,489,3
1096,1136,3
1098,0,21
1099,0,24
1099,282,24
1099,951,3
1101,180,31
1101,313,2
1103,0,57
1104,7,6
1104,316,7
1104,548,6
1104,900,14
1104,989,6
1104,1226,6
1104,1433,16
1104,1711,7
1104,1885,7
1104,2049,6
1105,633,3
1105,779,3
1105,924,3
1105,1032,3
1105,1526,3
1105,1614,3
1105,1724,3
1106,1305,3
1110,281,3
1110,94,28
1110,380,3
1110,514,3
1110,1581,3
1111,133,4
1111,497,27
1111,534,25
1111,526,3
1111,561,3
1111,699,3
1112,10,13
1112,140,13
1112,189,13
1112,248,13
1112,330,13
1112,588,13
1112,767,15
1112,1042,13
1112,1094,23
1112,1246,13
1112,1349,14
1112,1464,14
1114,325,6
1116,1781,3
1117,47,14
1117,315,7
1117,599,7
1117,805,2
1117,813,2
1117,947,6
1117,1051,7
1117,1274,2
1117,1392,2
1117,1419,6
1117,1659,17
1117,1719,6
1119,166,27
1119,277,3
1119,94,28
1119,458,3
1119,1090,3
1119,1260,3
1119,1634,3
1119,1945,3
1121,324,2
1121,646,2
1121,716,2
1122,85,25
1122,165,36
1124,586,3
1125,0,12
1125,97,12
1125,249,12
1126,119,23
1126,321,24
1126,1123,24
1126,1207,9
1130,1317,15
1132,142,3
1132,51,22
1132,280,17
1132,336,20
1132,358,3
1132,655,3
1133,903,3
1134,995,16
1134,1331,22
1134,1616,22
1136,79,22
1136,1302,12
1137,278,18
1137,327,16
1139,48,43
1139,268,32
1139,361,21
1139,400,25
1139,903,21
1139,1203,32
1140,353,2
1140,1084,2
1140,1811,39
1140,1852,6
1141,343,29
1141,374,3
1141,1450,3
1143,303,5
1143,595,25
1143,737,6
1144,356,3
1144,867,3
1144,1199,3
1144,1503,3
1146,110,3
1146,912,3
1146,1364,3
1146,1714,3
1147,1390,3
1149,710,3
1149,1549,3
1151,77,42
1151,243,29
1151,423,3
1151,321,17
1151,501,12
1151,545,3
1151,641,3
1151,648,11
1151,767,3
1151,841,11
1151,1166,3
1151,1189,15
1151,1209,28
1151,1242,11
1151,1471,3
1151,1609,3
1151,1724,3
1152,0,6
1152,176,7
1152,192,13
1152,344,18
1152,777,13
1153,15,12
1153,45,8
1153,200,12
1153,294,6
1153,517,8
1153,618,8
1153,866,12
1153,956,12
1153,1159,12
1153,1366,12
1153,1486,12
1154,365,8
1154,961,13
1155,222,16
1155,258,6
1155,326,3
1155,507,3
1155,623,3
1155,1035,3
1155,1124,3
1155,1200,3
1157,183,15
1157,779,2
1158,4,12
1158,98,13
1158,516,13
1158,568,17
1158,765,7
1158,845,13
1158,930,13
1159,218,27
1159,398,2
1159,453,2
1159,462,17
1159,1196,23
1160,261,23
1162,277,3
1162,418,3
1162,1419,3
1162,1495,3
1163,15,44
1164,1703,9
1165,65,34
1165,242,16
1165,280,15
1165,409,15
1165,1101,4
1165,1257,4
1165,1497,4
1166,530,3
1167,929,6
1169,91,12
1170,120,25
1170,425,25
1170,730,28
1170,1055,6
1170,1112,6
1170,1343,13
1170,1389,6
1171,508,4
1171,543,4
1171,1188,4
1171,1379,4
1171,1473,4
1172,464,15
1172,551,14
1172,1186,15
1172,1273,14
1175,366,24
1176,691,15
1176,804,15
1176,1003,23
1177,166,3
1178,57,27
1178,86,3
1178,358,3
1178,1234,3
1180,1375,16
1180,1501,16
1181,136,25
1181,1374,5
1181,1408,16
1185,88,25
1185,147,6
1190,0,24
1190,162,24
1190,261,3
1190,289,25
1190,960,3
1191,215,26
1191,377,16
1191,536,16
1191,764,2
1191,931,25
1191,977,26
1191,1043,16
1191,1136,12
1191,1676,16
1191,1707,2
1192,0,13
1192,38,14
1192,327,3
1192,479,13
1192,550,27
1192,864,4
1192,899,13
1192,1010,28
1192,1172,13
1193,406,2
1193,739,3
1193,1018,3
1194,113,11
1194,345,11
1194,1429,2
1194,1449,3
1195,1021,4
1196,437,2
1196,720,2
1197,270,3
1197,454,3
1197,953,3
1197,1037,15
1197,1146,3
1197,1497,20
1197,1632,3
1197,1844,3
1198,539,6
1198,755,6
1198,915,6
1198,953,6
1198,1027,6
1198,1839,6
1198,1876,24
1198,1988,14
1199,21,3
1199,415,6
1199,583,3
1199,1123,3
1199,1248,3
1199,1329,3
1199,1497,6
1200,65,6
1200,89,7
1200,1360,10
1202,45,14
1202,282,14
1202,366,6
1202,806,6
1203,750,2
1204,236,3
1206,56,3
1206,270,20
1206,292,3
1206,479,3
1206,501,3
1206,740,6
1206,827,7
1206,1137,3
1206,1147,3
1206,1666,3
1208,25,24
1208,207,24
1208,1031,24
1210,415,2
1210,473,2
1210,659,2
1210,846,2
1210,947,2
1210,1165,8
1210,1350,2
1210,1496,2
1210,1669,2
1213,1591,2
1213,1741,2
1215,150,13
1215,460,23
1215,527,3
1215,623,13
1215,747,3
1215,787,23
1215,986,3
1215,1286,3
1216,254,47
1217,60,13
1217,160,13
1217,304,13
1217,393,13
1217,451,13
1217,536,13
1217,688,13
1217,876,13
1217,1085,13
1217,1233,13
1219,1077,4
1219,1394,5
1220,35,6
1220,609,18
1220,1052,8
1220,1065,18
1221,78,6
1221,710,20
1221,1250,19
1221,1595,6
1221,1650,16
1221,1676,8
1221,1795,6
1222,149,14
1224,436,3
1224,567,3
1224,716,3
1225,304,20
1225,557,20
1225,679,13
1225,1657,33
1226,261,15
1227,285,10
1227,680,3
1228,122,17
1228,745,2
1228,618,9
1229,24,3
1229,384,3
1229,421,3
1229,719,3
1229,797,3
1229,995,3
1229,1065,3
1229,1290,3
1231,393,2
1231,520,2
1232,125,13
1232,186,13
1232,460,13
1232,1213,4
1232,1636,13
1233,32,21
1233,115,21
1233,258,3
1233,332,3
1233,826,3
1233,941,3
1233,1037,3
1233,1397,3
1233,1898,3
1235,898,9
1236,24,38
1237,231,17
1237,393,17
1237,416,3
1237,489,17
1237,514,3
1237,276,30
1237,593,6
1237,904,17
1237,940,3
1237,1109,26
1237,1268,14
1237,1558,3
1238,170,27
1238,199,3
1239,28,20
1239,79,6
1240,1128,15
1242,60,21
1242,299,21
1242,375,8
1242,1054,21
1242,1145,16
1242,1213,21
1243,473,15
1243,535,12
1243,896,20
1243,1697,16
1244,260,6
1244,571,6
1244,681,6
1244,813,6
1244,889,6
1244,920,7
1246,357,2
1246,704,2
1246,898,2
1247,769,2
1247,619,22
1247,1216,2
1247,1448,2
1247,1548,2
1247,1644,2
1247,1723,2
1247,1775,9
1247,1930,2
1247,1995,2
1248,130,16
1248,162,32
1248,196,2
1248,608,2
1248,616,3
1248,793,2
1248,801,3
1248,974,2
1248,992,3
1248,1111,6
1248,1191,6
1248,1244,6
1248,1636,18
1249,828,23
1249,873,20
1250,203,2
1250,568,2
1250,643,2
1250,805,2
1250,899,2
1250,1091,2
1251,475,11
1251,514,3
1251,703,3
1251,726,3
1251,777,2
1251,861,4
1251,982,4
1251,1025,3
1251,1088,4
1251,1460,3
1251,1492,3
1252,365,13
1253,571,2
1253,654,2
1253,859,2
1253,1332,2
1254,1014,2
1255,154,8
1255,431,8
1255,504,8
1255,753,13
1256,667,2
1256,816,2
1256,838,13
1259,438,3
1262,0,21
1262,35,21
1262,350,34
1263,0,30
1263,1122,16
1263,1718,22
1265,1177,3
1265,1295,3
1266,55,21
1266,127,23
1266,250,13
1266,284,21
1266,852,23
1267,445,3
1267,1166,3
1267,1252,3
1268,29,17
1268,545,17
1269,184,16
1269,226,6
1269,317,6
1269,340,13
1269,660,2
1270,216,13
1270,1270,3
1271,128,26
1271,337,10
1271,452,26
1271,1432,10
1272,185,27
1272,558,13
1273,872,3
1273,1179,3
1273,1187,3
1274,234,14
1274,315,17
1274,422,17
1274,590,6
1274,700,6
1274,788,6
1274,829,6
1274,936,6
1274,1283,6
1274,1447,17
1274,1527,17
1274,1747,17
1276,473,2
1276,543,2
1276,624,2
1276,739,2
1276,857,2
1276,975,2
1276,1091,2
1276,1138,2
1276,1464,2
1276,1494,2
1276,1541,2
1276,1749,2
1277,25,21
1277,65,17
1277,96,21
1277,231,3
1277,391,6
1277,726,21
1277,1132,12
1277,1262,6
1277,1339,29
1277,1496,12
1278,559,3
1278,944,15
1278,1136,3
1279,0,15
1280,857,2
1280,1120,2
1282,71,21
1282,102,21
1282,135,16
1282,125,3
1282,452,3
1282,612,3
1282,767,3
1282,1149,3
1282,1471,3
1282,1688,3
1283,867,3
1284,1200,8
1285,89,21
1285,235,13
1285,357,21
1285,380,3
1285,557,3
1285,637,30
1285,919,3
1285,1643,3
1287,65,29
1287,96,29
1287,127,5
1287,253,5
1287,467,5
1287,911,5
1287,1149,5
1287,1313,5
1288,99,21
1288,316,7
1288,517,18
1288,564,21
1288,587,2
1288,848,13
1288,895,2
1288,994,2
1288,1077,2
1288,1090,3
1292,314,3
1292,549,4
1293,116,47
1293,784,10
1296,111,41
1296,234,7
1296,284,3
1296,417,3
1296,576,17
1296,641,3
1296,786,3
1296,914,3
1296,1084,7
1297,1755,18
1298,119,28
1299,79,20
1299,229,20
1299,453,20
1299,810,20
1299,994,20
1299,1221,3
1300,361,3
1300,561,3
1301,435,2
1301,565,2
1301,851,2
1301,1380,2
1302,135,27
1302,164,3
1302,492,3
1302,641,3
1302,1567,3
1304,300,8
1304,386,4
1304,716,4
1304,995,4
1305,605,2
1305,722,2
1305,746,2
1305,838,2
1305,1119,2
1305,1341,13
1305,1502,13
1305,1520,13
1305,1537,2
1306,167,28
1306,327,3
1306,860,3
1307,700,22
1308,49,10
1308,512,6
1308,628,6
1308,670,7
1308,716,6
1308,948,6
1308,977,3
1308,1074,6
1308,1197,9
1308,1257,7
1308,1439,3
1308,1492,44
1309,134,6
1312,457,3
1312,643,3
1312,695,3
1312,1181,3
1312,1233,3
1313,130,4
1313,885,5
1313,1123,4
1313,1206,4
1313,1357,3
1314,96,13
1314,405,14
1314,716,6
1314,1031,7
1315,138,6
1315,422,3
1315,687,6
1315,854,4
1315,863,4
1315,1021,6
1315,1112,6
1315,1132,3
1315,1284,4
1315,1316,4
1315,1372,4
1315,1443,4
1315,1628,6
1315,1687,3
1316,1460,3
1316,1499,2
1316,1600,2
1319,2169,4
1320,697,5
1321,161,8
1321,400,15
1321,565,8
1321,1274,8
1322,527,25
1322,870,6
1322,1226,6
1322,1531,6
1323,132,16
1324,1647,3
1326,33,14
1326,136,14
1326,640,6
1326,1231,14
1326,1373,21
1326,1437,26
1327,1727,17
1328,415,6
1328,860,3
1328,1070,4
1328,1088,4
1328,1110,4
1329,686,7
1329,1677,3
1331,696,27
1332,206,18
1332,367,2
1332,791,2
1332,1169,2
1336,311,2
1336,531,2
1336,729,2
1336,931,2
1336,1274,2
1337,1125,22
1338,784,20
1338,1004,20
1339,68,33
1339,173,33
1339,1183,4
1339,1478,4
1339,1712,4
1340,117,21
1340,140,21
1340,222,9
1340,163,3
1340,431,3
1340,839,3
1340,1221,3
1340,1608,19
1340,1810,3
1341,153,17
1341,583,13
1341,645,13
1341,1173,16
1345,25,16
1345,551,16
1346,252,29
1346,283,2
1348,481,7
1348,599,7
1348,1925,7
1349,343,11
1349,578,2
1349,835,2
1349,892,2
1349,921,11
1349,1154,2
1349,1179,11
1350,369,3
1350,466,3
1350,1046,3
1351,102,28
1351,285,28
1351,578,3
1352,79,26
1352,148,26
1352,176,3
1352,425,28
1352,881,22
1352,1185,18
1352,1518,3
1353,926,3
1356,82,6
1356,439,2
1356,539,6
1356,628,6
1356,1281,6
1356,1353,2
1356,1519,7
1356,1546,10
1356,1636,2
1356,1660,2
1356,1708,7
1357,143,25
1357,608,25
1358,0,11
1358,36,39
1358,103,39
1358,163,11
1358,176,2
1358,181,30
1358,310,11
1358,1188,2
1358,1340,11
1359,64,27
1359,270,37
1361,242,2
1361,325,2
1361,396,2
1361,653,2
1361,896,2
1361,954,2
1361,1179,2
1362,34,14
1362,132,25
1362,341,14
1362,642,28
1362,714,14
1362,912,14
1362,1010,14
1362,1169,13
1362,1320,15
1362,1726,14
1363,100,50
1363,204,16
1363,249,3
1363,326,3
1363,576,3
1363,1116,3
1365,61,21
1365,84,21
1365,107,3
1365,193,18
1365,371,3
1365,514,3
1365,547,3
1365,975,3
1365,1200,3
1365,1256,3
1366,73,14
1366,189,14
1366,327,14
1366,377,5
1366,430,14
1366,474,6
1369,756,3
1369,1574,3
1370,346,3
1372,166,16
1372,694,3
1373,190,8
1373,273,2
1373,593,8
1374,99,12
1374,128,7
1374,471,5
1374,787,6
1374,1013,6
1374,1228,6
1374,1701,7
1376,845,12
1378,24,13
1378,158,13
1378,278,13
1378,385,32
1378,464,21
1378,521,22
1378,634,13
1379,223,27
1380,393,3
1381,1283,22
1382,407,6
1382,641,3
1382,817,3
1382,1433,3
1382,1983,6
1382,2022,6
1383,16,21
1383,161,21
1383,184,3
1383,312,3
1383,380,6
1383,572,6
1383,604,6
1383,777,3
1385,123,17
1385,443,17
1385,518,17
1385,612,17
1385,731,17
1385,1062,22
1385,1375,6
1385,1383,6
1385,1648,17
1386,38,29
1386,69,22
1386,93,5
1386,667,17
1386,806,3
1386,1589,20
1387,1225,3
1388,17,3
1388,232,3
1388,409,3
1388,437,3
1388,522,3
1388,1092,9
1388,1179,6
1388,1522,3
1389,86,26
1389,286,12
1390,32,10
1390,374,3
1390,603,10
1390,844,10
1392,216,26
1392,244,4
1392,305,4
1392,768,4
1392,1065,4
1392,1186,3
1392,1333,4
1392,1390,3
1394,348,9
1394,380,2
1394,715,2
1396,691,19
1396,1829,17
1396,1956,19
1398,267,6
1399,72,3
1399,77,28
1400,209,24
1400,343,2
1400,388,2
1400,482,2
1400,579,2
1400,630,2
1400,768,2
1400,971,2
1400,1029,2
1400,1080,2
1403,95,6
1403,880,27
1404,59,40
1404,189,27
1404,226,25
1404,218,3
1404,253,3
1404,662,3
1405,672,2
1405,1256,2
1405,1602,2
1406,228,6
1406,547,7
1406,717,7
1406,850,6
1407,261,2
1407,430,2
1407,1520,2
1407,1662,2
1408,1930,8
1409,341,16
1409,459,3
1409,632,3
1409,745,3
1409,778,5
1409,961,3
1409,1080,3
1409,1318,3
1409,1426,3
1410,24,25
1410,285,25
1410,1171,25
1411,197,24
1411,223,3
1411,898,16
1411,1336,16
1413,945,3
1413,1249,3
1417,18,21
1417,287,21
1417,380,3
1417,555,3
1417,768,3
1419,49,37
1419,88,51
1419,618,15
1419,727,15
1419,959,50
1419,1169,15
1420,654,7
1422,95,3
1422,103,4
1422,149,8
1422,618,17
1422,793,3
1422,888,3
1422,924,4
1422,1118,8
1422,1471,3
1422,1631,8
1423,158,19
1423,1027,19
1428,983,8
1429,53,17
1429,242,17
1429,549,17
1429,610,17
1429,1495,15
1430,252,3
1430,435,3
1430,559,3
1430,1544,3
1431,42,17
1431,76,29
1431,112,27
1431,605,29
1432,53,16
1434,135,16
1434,783,25
1434,861,16
1434,954,25
1435,756,8
1435,1230,8
1436,608,12
1438,105,21
1438,214,21
1441,216,10
1441,498,16
1441,1165,10
1441,1356,7
1442,36,8
1442,207,19
1442,228,6
1442,820,6
1442,1112,8
1443,827,4
1443,942,6
1443,1089,4
1443,1318,6
1444,193,2
1444,215,28
1444,579,2
1444,780,2
1444,968,2
1444,1162,2
1444,1392,6
1445,2116,4
1448,284,6
1450,56,15
1450,276,2
1450,179,15
1450,592,2
1451,229,12
1451,400,6
1451,916,6
1451,1542,6
1453,559,2
1453,921,2
1454,1149,37
1454,1250,28
1455,283,6
1456,1739,3
1457,787,3
1457,1163,3
1457,1336,3
1458,511,3
1458,1017,3
1459,496,17
1459,797,17
1459,969,15
1459,1058,6
1459,1346,7
1460,987,6
1461,0,13
1461,329,6
1461,340,7
1462,25,24
1462,80,24
1462,125,16
1462,155,16
1462,106,3
1462,574,3
1463,378,2
1463,567,2
1463,1116,2
1463,1259,2
1464,227,12
1467,0,3
1467,494,3
1467,563,24
1467,1163,3
1469,451,2
1469,1507,26
1470,33,18
1470,373,17
1470,392,3
1471,570,6
1471,720,3
1471,894,3
1471,1125,3
1471,1193,3
1474,129,8
1474,347,7
1474,380,3
1474,632,3
1474,659,17
1474,856,8
1474,1146,4
1474,1663,3
1475,87,15
1475,295,7
1475,385,12
1475,445,15
1475,492,13
1475,800,5
1476,111,16
1476,164,27
1476,193,3
1476,837,3
1476,845,4
1476,904,3
1476,1033,3
1476,1160,3
1476,1285,4
1477,640,2
1477,767,3
1477,796,2
1477,1052,2
1477,1387,2
1478,38,13
1482,347,3
1482,406,3
1482,1384,3
1482,1720,3
1484,434,3
1484,597,3
1484,639,2
1484,704,2
1484,730,3
1484,851,3
1484,955,3
1489,992,2
1489,1448,2
1490,726,14
1490,745,4
1490,765,14
1490,1032,3
1491,40,13
1491,71,13
1491,361,6
1491,373,36
1491,702,13
1491,809,13
1491,919,13
1491,1022,13
1491,1089,13
1494,602,3
1494,689,3
1494,990,3
1494,1043,3
1497,110,2
1497,73,18
1497,1295,2
1497,1435,2
1497,1780,2
1497,1887,2
1499,423,18
1499,535,18
1499,1453,20
1501,128,35
1501,454,13
1501,653,24
1502,69,13
1502,196,13
1502,507,13
1502,714,13
1502,786,13
1502,808,14
1502,916,25
1502,1024,13
1502,1056,14
1502,1089,25
1502,1289,23
1502,1330,14
1502,1475,14
1502,1534,13
1503,444,2
1503,523,2
1504,39,24
1504,126,24
1504,163,17
1504,239,16
1504,290,16
1504,152,3
1504,420,3
1504,688,3
1504,696,25
1505,649,3
1507,138,44
1507,600,2
1507,703,3
1507,823,3
1507,927,3
1507,1144,13
1507,1218,13
1507,1332,3
1507,1737,3
1508,386,22
1509,117,14
1512,581,3
1512,1615,14
1512,1921,3
1513,128,33
1513,192,6
1513,163,4
1513,409,6
1513,1779,14
1515,759,24
1516,978,8
1516,1386,8
1516,1496,15
1517,91,19
1517,387,2
1517,502,2
1517,643,2
1517,784,2
1517,1725,2
1518,25,23
1518,199,3
1518,642,3
1519,909,8
1522,66,29
1522,97,29
1522,399,5
1523,11,16
1523,68,16
1523,230,16
1523,837,16
1523,912,16
1525,594,41
1525,1088,4
1528,84,29
1528,160,29
1528,191,5
1528,409,6
1528,1331,4
1528,1499,4
1528,1638,5
1529,22,68
1529,372,4
1531,23,29
1531,54,29
1531,85,5
1531,250,5
1532,23,20
1532,163,20
1532,246,3
1532,1745,3
1534,43,39
1534,289,3
1534,325,2
1534,793,3
1534,801,2
1534,873,2
1534,1284,3
1535,229,25
1535,881,7
1538,114,13
1538,316,14
1538,357,14
1538,386,36
1538,545,4
1538,621,13
1538,849,13
1538,987,14
1538,1110,13
1538,1306,13
1538,1379,13
1538,1555,13
1538,1633,13
1539,600,2
1539,727,2
1539,795,6
1539,993,5
1539,1181,25
1541,441,13
1541,584,6
1541,734,13
1541,995,6
1542,302,3
1542,352,3
1542,893,3
1543,198,27
1544,1221,6
1545,56,20
1545,222,20
1545,758,20
1545,930,3
1545,1193,7
1545,1374,6
1547,172,2
1547,195,2
1547,684,2
1547,871,2
1549,67,29
1549,110,29
1549,153,33
1549,141,5
1549,515,5
1549,1612,5
1551,77,21
1551,201,21
1551,224,3
1551,297,2
1551,321,3
1551,500,2
1551,514,3
1551,627,3
1551,716,2
1551,1061,3
1552,467,3
1552,770,3
1552,812,3
1553,109,2
1553,573,3
1553,719,3
1554,563,2
1554,766,2
1554,815,2
1554,944,2
1554,1252,2
1554,1306,16
1554,1387,12
1554,1632,10
1554,1730,2
1555,217,19
1555,260,30
1555,432,3
1555,580,6
1555,704,3
1555,750,3
1555,866,3
1555,1026,3
1555,1222,5
1556,182,18
1556,360,6
1556,530,7
1557,234,2
1557,285,12
1557,361,32
1557,442,2
1557,712,2
1557,1547,2
1560,418,6
1560,921,20
1562,145,3
1562,603,2
1562,1324,2
1563,163,33
1563,213,6
1563,335,21
1563,394,22
1563,497,21
1563,592,13
1563,734,6
1563,853,13
1563,1358,30
1567,241,2
1567,175,12
1567,1082,4
1568,114,56
1570,44,25
1570,155,25
1570,304,25
1570,796,25
1571,265,18
1571,447,22
1571,566,3
1571,659,3
1571,1064,3
1571,1551,3
1571,1724,3
1572,1623,22
1573,0,33
1574,179,17
1574,717,2
1576,1599,10
1579,256,6
1579,533,3
1579,1129,3
1579,1520,3
1581,12,25
1581,237,2
1581,166,14
1581,460,2
1581,611,2
1581,921,2
1581,1009,3
1582,125,38
1582,313,16
1582,627,15
1584,0,13
1584,183,8
1585,1344,13
1586,51,12
1587,0,20
1587,22,29
1587,812,18
1587,1224,21
1587,1382,3
1590,291,4
1590,1373,4
1591,17,11
1591,360,3
1591,623,11
1591,677,3
1591,698,11
1591,770,15
1591,836,3
1591,857,11
1591,947,36
1591,1026,15
1591,1133,3
1591,1201,3
1591,1213,11
1591,1337,3
1591,1395,11
1591,1410,3
1591,1448,3
1593,895,6
1594,221,2
1594,309,2
1594,385,2
1594,1627,2
1594,1715,2
1600,44,25
1600,140,13
1600,158,14
1600,382,13
1600,434,13
1600,772,25
1600,1290,24
1600,1418,13
1600,1586,13
1603,188,34
1603,940,23
1605,52,34
1605,208,12
1605,1100,3
1607,434,7
1607,969,52
1608,86,15
1608,103,15
1608,256,15
1608,590,15
1608,1281,15
1608,1841,15
1609,122,22
1609,642,12
1609,1027,12
1610,155,23
1610,227,39
1612,560,3
1612,684,3
1612,1300,3
1612,1407,20
1613,43,25
1613,103,25
1613,145,38
1613,130,3
1613,456,3
1613,1457,3
1615,221,10
1616,190,37
1616,397,3
1616,542,3
1616,649,3
1616,1442,20
1616,1577,3
1617,446,2
1617,1643,2
1619,223,2
1619,499,2
1619,547,2
1619,745,26
1619,1072,2
1619,1125,2
1619,1279,2
1619,1399,2
1619,1557,2
1619,1570,2
1619,1598,2
1619,1763,2
1621,10,8
1622,114,25
1622,149,3
1622,277,3
1622,681,3
1622,725,7
1622,1140,3
1622,1331,3
1622,1413,3
1622,1460,3
1622,1793,3
1623,11,20
1623,108,20
1623,519,3
1623,714,20
1623,752,3
1623,798,20
1627,59,33
1627,153,34
1627,216,4
1627,1408,4
1627,1796,4
1628,205,11
1629,355,3
1629,522,3
1629,678,3
1629,997,6
1629,1503,3
1630,694,16
1631,1053,12
1632,99,3
1632,175,3
1632,214,31
1632,131,17
1632,316,3
1632,410,4
1632,573,3
1632,689,3
1632,915,3
1632,982,3
1632,1183,3
1632,1322,3
1632,1600,3
1632,1728,3
1634,809,8
1635,1368,14
1636,170,22
1636,241,3
1636,263,28
1636,983,8
1636,1166,24
1636,1283,8
1638,292,15
1638,645,15
1638,1866,15
1640,26,24
1640,503,14
1640,568,14
1640,612,6
1640,823,6
1641,53,14
1641,230,19
1641,416,14
1641,571,24
1642,0,25
1642,281,25
1642,638,42
1642,1471,26
1645,889,8
1645,993,5
1645,1328,10
1647,284,19
1647,918,15
1649,44,6
1649,512,7
1649,524,6
1649,989,18
1649,1376,18
1650,177,3
1650,108,17
1650,251,8
1650,358,3
1650,284,24
1650,503,3
1650,579,3
1650,893,3
1650,1068,24
1650,1365,3
1650,1508,3
1650,1753,3
1652,856,6
1652,961,18
1653,484,18
1653,917,7
1653,963,4
1653,1114,18
1655,74,22
1655,427,22
1657,722,2
1657,938,2
1658,969,20
1660,0,36
1660,140,36
1660,377,33
1660,623,35
1660,924,39
1660,995,31
1660,1039,10
1662,113,27
1663,276,30
1663,741,23
1663,855,30
1664,512,3
1665,28,36
1665,133,25
1665,1109,21
1665,1177,14
1665,1282,21
1665,1409,6
1665,1682,14
1665,1862,24
1665,1919,15
1668,63,25
1668,241,25
1668,310,7
1668,329,13
1668,420,20
1668,631,20
1669,208,8
1670,272,2
1670,349,2
1670,1014,2
1670,1278,2
1670,1352,2
1670,1449,2
1670,1566,2
1672,37,27
1672,66,27
1672,106,27
1672,95,3
1672,237,3
1672,578,3
1672,667,3
1672,805,3
1673,0,29
1673,53,28
1673,112,29
1673,333,3
1673,480,3
1673,798,3
1673,839,3
1673,861,16
1673,1409,3
1673,1540,3
1674,1093,16
1675,412,6
1675,583,3
1675,793,13
1676,476,2
1676,560,2
1676,930,2
1677,49,30
1678,53,25
1678,212,13
1678,230,23
1678,361,6
1678,821,14
1678,983,13
1678,1047,13
1678,1476,13
1678,1494,23
1679,1,16
1679,513,23
1679,566,15
1679,657,15
1680,75,24
1680,117,16
1680,965,24
1680,991,3
1680,1192,3
1681,41,19
1681,124,22
1681,560,19
1681,633,22
1681,820,22
1681,989,3
1682,52,21
1683,160,3
1683,1375,13
1683,1744,13
1683,1903,3
1684,83,13
1685,1406,3
1686,540,3
1686,1148,6
1687,167,2
1687,117,14
1687,236,2
1687,268,20
1687,1878,2
1689,215,27
1689,597,4
1689,1150,4
1689,1834,3
1690,726,3
1691,849,3
1691,713,15
1692,134,27
1693,222,42
1694,205,13
1694,276,9
1694,491,13
1694,1004,34
1694,1042,13
1695,107,53
1697,457,6
1697,1811,6
1697,1939,6
1698,90,5
1698,1063,38
1698,1187,14
1698,2084,14
1699,806,6
1699,817,16
1701,40,21
1701,87,21
1701,150,18
1701,110,3
1701,258,3
1701,380,3
1701,573,3
1701,612,3
1701,782,3
1701,791,26
1701,1451,28
1701,1732,3
1702,139,26
1702,325,3
1702,816,3
1703,58,22
1703,112,13
1703,319,14
1703,428,22
1703,653,14
1703,714,22
1703,1045,6
1703,1105,14
1705,55,36
1705,901,6
1706,723,35
1707,137,62
1707,249,18
1707,353,14
1707,369,3
1707,691,3
1707,1235,14
1708,44,13
1708,118,13
1708,631,4
1709,339,3
1709,367,3
1709,484,3
1709,748,3
1709,768,3
1710,23,6
1710,193,6
1710,218,24
1710,652,26
1710,680,3
1710,917,15
1710,1478,3
1710,1593,3
1710,1688,3
1715,17,16
1715,966,29
1715,1765,16
1716,855,9
1716,876,13
1717,27,24
1717,53,24
1717,178,25
1717,207,27
1717,1139,27
1718,51,21
1718,133,21
1718,156,3
1718,433,3
1718,514,3
1718,872,3
1719,232,3
1719,327,3
1720,41,23
1720,269,21
1720,565,3
1720,886,3
1720,1708,3
1722,0,31
1722,97,31
1722,130,4
1722,1476,4
1722,1784,4
1723,53,29
1723,84,29
1723,115,5
1723,246,5
1723,536,5
1723,616,5
1723,815,3
1723,840,5
1723,945,3
1723,1248,5
1723,1457,5
1725,1000,6
1728,301,2
1728,482,2
1728,882,2
1729,162,3
1729,309,11
1729,389,3
1729,444,11
1729,532,11
1729,905,11
1730,1596,12
1731,149,24
1732,251,16
1733,438,3
1733,777,3
1736,134,3
1736,276,3
1736,162,17
1736,381,20
1736,659,3
1736,1184,11
1736,1324,3
1736,1419,3
1736,1444,11
1737,151,45
1737,1025,2
1738,1480,3
1739,1524,12
1739,1653,16
1740,552,15
1741,226,25
1741,253,3
1741,564,18
1742,935,7
1742,1066,7
1744,502,28
1744,1149,6
1745,420,3
1746,293,3
1746,406,3
1746,620,3
1746,1279,25
1746,1342,3
1747,472,12
1747,1145,12
1747,1312,3
1747,1343,12
1748,603,8
1748,629,26
1750,296,2
1750,344,17
1750,972,2
1751,664,2
1751,898,2
1751,1187,2
1753,444,4
1753,1063,4
1753,1207,4
1753,1355,4
1753,1506,4
1753,1563,4
1754,83,33
1754,269,33
1754,304,4
1755,132,25
1756,0,28
1756,138,28
1756,195,23
1756,168,3
1756,303,3
1756,519,19
1756,944,3
1756,1211,3
1758,29,21
1759,632,27
1759,736,2
1759,793,8
1760,695,4
1760,781,3
1760,958,3
1760,1171,3
1761,191,2
1761,308,2
1761,705,2
1761,1280,2
1764,308,10
1764,894,8
1764,1044,8
1764,1103,6
1764,1180,6
1764,1409,6
1767,0,27
1767,773,3
1767,904,3
1767,1070,3
1769,111,38
1769,166,8
1769,198,3
1769,247,18
1769,468,21
1769,589,3
1769,734,3
1769,866,10
1770,163,22
1770,236,3
1770,582,3
1770,810,3
1771,325,7
1771,718,15
1771,768,18
1772,367,5
1772,550,5
1772,710,8
1774,120,38
1774,543,32
1774,798,24
1774,1280,32
1774,2004,32
1775,757,30
1775,948,30
1775,1108,30
1775,1192,20
1775,1289,20
1776,237,19
1778,512,18
1778,985,6
1779,255,9
1780,157,17
1780,187,6
1780,296,5
1781,85,19
1781,197,26
1781,281,15
1781,423,15
1781,1129,15
1782,0,29
1782,44,17
1782,722,29
1782,753,5
1783,217,27
1783,347,16
1783,713,43
1783,1059,43
1784,602,4
1784,1205,6
1784,1340,6
1785,1187,3
1787,153,12
1787,329,15
1787,729,15
1788,94,12
1788,143,12
1788,365,12
1788,547,12
1788,867,12
1788,1317,20
1788,1457,3
1788,1488,3
1788,1396,27
1788,1580,12
1788,1754,12
1789,88,25
1789,245,25
1789,272,3
1789,337,3
1789,484,24
1789,654,3
1789,723,13
1789,805,3
1789,1584,3
1789,1751,3
1790,80,13
1790,99,34
1790,147,17
1790,135,4
1792,1195,3
1793,85,25
1793,196,13
1793,584,6
1793,935,13
1793,1620,24
1793,1873,25
1794,746,2
1794,813,2
1794,905,10
1794,1170,2
1797,118,17
1798,413,3
1798,460,3
1798,1301,3
1798,1506,3
1798,1583,3
1800,1073,15
1800,1151,7
1800,1216,15
1800,1271,7
1801,77,25
1803,19,8
1804,463,6
1807,0,24
1807,117,24
1807,158,25
1807,209,3
1807,248,3
1807,355,3
1807,757,4
1807,853,4
1807,981,3
1807,1356,3
1807,1398,3
1807,1501,4
1808,772,2
1809,36,15
1809,108,6
1809,142,6
1809,373,15
1809,574,15
1809,676,15
1809,756,6
1809,828,15
1809,973,15
1809,1432,7
1809,1580,15
1809,1674,15
1810,452,3
1810,610,3
1810,655,3
1813,159,27
1813,188,3
1813,277,14
1813,1195,3
1815,497,3
1815,722,3
1815,791,3
1815,810,2
1815,1224,3
1815,1291,3
1815,1429,3
1815,1436,2
1815,1578,6
1816,1458,21
1817,76,14
1817,1389,3
1817,1408,2
1817,1722,2
1817,1755,3
1818,47,13
1818,107,13
1818,311,10
1818,406,13
1818,460,13
1818,795,13
1818,888,13
1818,942,13
1818,1644,13
1819,49,30
1819,178,25
1819,318,14
1819,341,13
1819,373,14
1819,404,7
1819,497,6
1819,605,15
1819,781,29
1820,209,22
1820,233,3
1820,579,4
1820,758,4
1820,1057,4
1820,1338,4
1820,1401,13
1821,36,25
1821,211,14
1821,264,14
1821,366,14
1821,419,25
1821,937,14
1821,1269,14
1821,1570,14
1822,188,33
1823,345,15
1823,639,15
1823,1588,17
1824,343,12
1824,434,6
1824,1006,4
1824,1133,4
1825,0,17
1825,21,24
1825,160,45
1825,463,3
1825,635,8
1825,688,13
1825,882,8
1825,1134,3
1825,1374,24
1825,1641,16
1825,1667,13
1826,599,3
1826,708,4
1826,941,4
1826,1021,4
1826,1107,3
1826,1229,3
1826,1561,6
1826,1792,6
1826,2003,4
1826,2040,5
1826,2083,6
1826,2385,4
1827,69,8
1827,120,14
1828,156,23
1830,25,24
1831,209,15
1831,298,6
1831,552,15
1831,611,13
1831,953,15
1831,1034,26
1831,1313,15
1831,1364,20
1831,1480,3
1831,1584,13
1831,1648,6
1831,1750,15
1831,1891,15
1832,60,21
1832,193,21
1832,216,3
1832,420,3
1832,1164,13
1832,1315,18
1832,1387,3
1832,1498,3
1832,1689,3
1832,1757,3
1832,1939,3
1834,743,3
1834,977,3
1835,412,6
1835,589,17
1835,946,17
1836,55,34
1836,453,28
1836,549,27
1836,788,6
1836,977,48
1836,1330,28
1836,1533,39
1838,1324,3
1839,91,8
1839,215,8
1839,569,8
1840,99,6
1840,177,6
1840,305,7
1840,318,6
1840,623,3
1840,755,3
1840,837,3
1840,929,3
1840,1289,3
1840,1340,3
1841,46,13
1841,73,13
1841,419,13
1841,1025,13
1843,54,19
1843,497,9
1844,16,8
1844,115,17
1844,436,8
1844,469,10
1844,682,10
1845,148,19
1845,264,2
1845,600,2
1845,906,2
1845,966,19
1847,369,14
1847,760,14
1848,55,20
1848,1078,3
1848,2152,21
1849,40,21
1849,160,20
1849,182,3
1849,932,3
1850,408,3
1851,31,29
1856,141,24
1856,543,7
1856,741,8
1856,872,7
1856,993,7
1856,1063,7
1856,1178,14
1856,1211,7
1856,1387,6
1856,1562,7
1856,1769,14
1856,2001,14
1857,236,24
1858,56,8
1858,363,22
1861,118,71
1861,658,3
1861,792,3
1862,43,67
1862,131,51
1862,223,16
1862,337,15
1862,467,15
1862,600,30
1862,741,15
1862,902,30
1862,1059,9
1862,1100,30
1862,1204,15
1862,1221,22
1863,444,3
1863,476,3
1863,737,4
1863,1241,4
1864,962,4
1864,1044,4
1865,304,2
1865,653,2
1866,673,15
1866,721,26
1869,0,20
1869,84,20
1869,116,19
1869,106,3
1869,440,12
1869,658,3
1870,0,34
1872,132,27
1872,214,3
1872,272,3
1872,430,3
1872,550,3
1872,691,3
1872,1312,3
1872,1555,3
1872,1770,3
1874,819,19
1876,47,15
1876,64,27
1876,231,6
1876,380,24
1876,675,15
1876,719,15
1876,1081,6
1876,1158,24
1879,1298,6
1880,133,12
1881,534,3
1881,617,3
1881,832,3
1882,31,15
1882,76,15
1882,96,13
1882,175,23
1882,380,15
1882,520,15
1882,619,15
1882,972,15
1882,1057,15
1882,1143,15
1882,1184,15
1884,16,13
1884,101,13
1884,191,13
1884,823,13
1884,1415,13
1885,274,6
1886,166,41
1886,354,23
1886,508,24
1886,830,8
1888,51,42
1893,801,3
1894,0,29
1895,356,3
1895,416,3
1895,1513,3
1895,1641,3
1896,118,3
1896,99,17
1896,745,3
1896,962,3
1898,326,2
1898,456,2
1898,1430,2
1900,439,4
1900,558,4
1900,705,4
1900,859,4
1900,1135,4
1900,1513,4
1900,1650,4
1901,192,4
1901,522,4
1901,619,4
1901,1444,4
1903,255,9
1905,72,17
1905,304,6
1905,537,18
1905,1534,6
1905,2199,17
1906,149,38
1910,214,6
1910,367,6
1910,441,6
1910,1351,13
1910,1520,13
1910,2055,6
1911,36,19
1911,78,13
1911,93,2
1911,255,2
1911,809,23
1911,1661,13
1913,157,20
1913,530,3
1913,752,3
1915,66,31
1915,213,31
1915,668,3
1915,930,3
1915,1054,3
1916,397,13
1916,522,3
1916,350,26
1916,625,3
1917,39,14
1917,76,30
1917,219,14
1917,298,25
1917,482,34
1917,721,6
1918,1091,2
1918,1276,2
1920,508,3
1920,1286,3
1922,332,3
1922,1593,3
1922,1852,3
1924,0,30
1925,251,2
1925,819,2
1925,1542,2
1925,1725,2
1928,111,21
1928,134,21
1928,167,16
1928,307,18
1928,378,11
1928,157,3
1928,529,3
1928,690,3
1928,970,3
1928,1181,3
1929,337,17
1929,478,11
1930,42,14
1930,148,17
1930,430,17
1930,595,17
1930,896,16
1930,1048,17
1930,1257,17
1931,20,24
1931,95,24
1931,121,3
1931,486,6
1931,529,6
1931,598,7
1932,30,25
1932,57,3
1932,1248,3
1932,1450,6
1934,73,24
1934,324,13
1934,511,24
1934,707,13
1934,989,6
1934,1406,6
1934,1697,24
1936,69,21
1936,331,21
1936,397,3
1936,684,3
1936,754,3
1937,17,37
1937,84,37
1938,1464,4
1939,122,26
1939,166,16
1939,184,16
1939,563,3
1940,433,11
1940,1104,27
1941,62,14
1941,202,20
1941,421,2
1941,448,9
1941,507,2
1941,704,6
1941,1061,6
1941,1185,21
1941,1235,2
1942,111,24
1942,141,24
1942,179,25
1942,271,3
1942,450,3
1942,617,3
1942,672,3
1942,1318,16
1942,1400,3
1942,1698,3
1943,52,18
1943,317,2
1945,191,8
1945,681,16
1945,737,8
1945,823,8
1945,1266,16
1945,1682,3
1945,1737,3
1946,22,29
1946,109,29
1946,294,3
1946,644,3
1947,105,13
1947,555,13
1947,1528,18
1948,204,2
1948,565,2
1948,870,2
1948,916,22
1948,947,8
1948,1196,2
1949,307,3
1949,454,3
1951,181,30
1951,849,41
1952,334,27
1952,363,3
1952,397,3
1952,510,13
1953,348,7
1955,439,2
1955,569,2
1955,776,2
1955,1001,2
1956,254,3
1956,656,3
1956,916,3
1957,0,12
1957,126,12
1957,244,11
1957,259,16
1958,278,4
1958,431,4
1958,478,4
1958,834,4
1958,1072,11
1958,1534,4
1958,1599,4
1959,169,28
1959,625,3
1960,22,44
1960,148,63
1960,662,15
1960,774,17
1960,824,15
1961,340,4
1961,1373,4
1961,1526,4
1962,471,16
1962,751,14
1962,842,5
1962,1040,7
1964,32,21
1964,354,21
1965,688,12
1965,770,3
1965,1152,3
1967,50,37
1967,569,4
1967,712,2
1967,877,2
1967,1463,4
1968,150,6
1968,411,6
1968,1193,6
1970,1112,20
1971,347,3
1973,37,15
1973,175,51
1973,615,15
1973,694,15
1974,0,16
1977,0,22
1977,361,3
1977,617,3
1977,863,3
1977,1059,3
1977,1230,3
1977,1515,3
1978,409,4
1979,166,14
1980,1398,17
1981,139,6
1981,477,13
1981,526,15
1981,711,15
1981,882,19
1981,1043,15
1981,1088,33
1981,1428,15
1981,1553,15
1982,107,9
1982,313,12
1982,1046,21
1983,57,6
1983,165,7
1983,275,6
1983,517,6
1983,745,13
1984,869,3
1984,968,3
1984,1041,3
1984,1245,3
1984,1388,3
1984,1481,3
1984,1514,3
1986,98,12
1986,317,17
1986,707,6
1986,1256,17
1986,1680,17
1987,247,15
1987,2266,15
1988,0,11
1988,24,11
1988,37,2
1988,327,2
1988,592,6
1988,1045,6
1988,1258,27
1988,1382,2
1988,1400,3
1988,1486,2
1989,140,44
1989,186,44
1989,246,26
1989,471,4
1989,1197,4
1991,27,20
1991,953,22
1993,296,28
1995,165,29
1996,166,18
1996,596,2
1996,1370,2
1997,55,17
1997,278,9
1997,362,3
1997,489,37
1997,645,3
1997,691,8
1997,1051,47
1997,1322,3
1997,1577,42
1997,1668,3
1999,124,21
1999,185,23
1999,413,24
1999,625,29
1999,861,17
1999,1282,29
2001,539,3
2004,184,21
2004,207,3
2004,357,3
2004,750,2
2004,780,3
2004,795,3
2004,928,15
2004,1155,3
2005,300,9
2009,329,2
2009,459,2
2009,594,2
2009,1156,2
2011,110,21
2011,656,21
2011,1008,3
2011,1350,3
2011,1685,3
2012,25,27
2014,52,16
2014,177,40
2014,262,18
2014,654,18
2014,896,16
2014,1487,16
2015,267,3
2015,462,3
2017,22,35
2017,160,35
2017,451,35
2018,738,2
2020,78,6
2020,558,18
2020,668,6
2020,725,6
2023,309,3
2023,354,14
2023,765,14
2023,1504,3
2024,40,27
2024,69,3
2026,25,33
2026,291,14
2026,328,11
2027,124,16
2027,343,3
2027,395,3
2027,595,16
2030,789,5
2031,125,16
2031,159,18
2031,216,8
2031,500,16
2032,13,14
2033,367,34
2034,147,6
2034,435,6
2037,295,3
2037,681,3
2039,23,25
2039,50,3
2039,107,25
2039,134,3
2039,718,3
2040,39,27
2042,655,20
2042,967,6
2042,1123,2
2044,625,18
2044,712,6
2045,199,6
2045,441,16
2045,524,5
2045,693,3
2045,925,3
2048,116,8
2048,138,14
2048,224,6
2048,432,6
2048,447,6
2049,43,12
2049,94,12
2049,570,12
2049,699,12
2049,819,8
2049,842,12
2049,952,12
2049,969,8
2050,365,3
2050,270,17
2050,528,3
2050,662,3
2051,367,14
2055,508,37
2055,626,3
2055,803,3
2055,811,3
2055,983,3
2055,1082,3
2056,727,27
2056,756,3
2056,847,33
2057,55,37
2057,174,16
2057,278,37
2057,657,37
2061,13,40
2063,15,27
2063,44,27
2063,83,33
2063,73,3
2063,411,3
2063,752,3
2063,1077,3
2064,139,18
2064,735,30
2065,334,2
2065,920,2
2065,1112,2
2066,712,21
2066,809,21
2067,44,14
2067,172,6
2067,274,18
2067,354,14
2067,449,6
2067,668,14
2069,234,20
2069,256,3
2074,831,3
2075,113,40
2075,310,2
2075,385,2
2075,591,2
2077,463,2
2077,729,2
2077,913,2
2077,973,2
2078,207,2
2078,543,2
2078,801,2
2078,984,2
2078,1432,2
2080,1202,14
2087,6,20
2087,365,50
2089,26,16
2090,20,15
2090,508,2
2090,605,2
2090,1009,2
2094,8,27
2096,52,10
2097,38,13
2097,84,6
2097,149,13
2097,362,6
2097,504,6
2097,698,6
2097,753,13
2098,318,14
2098,358,14
2102,97,30
2102,566,3
2102,620,3
2103,421,19
2105,124,27
2105,316,28
2105,1087,7
2106,207,14
2106,318,2
2106,361,14
2106,738,2
2107,80,24
2109,251,25
2112,88,14
2112,125,14
2112,567,6
2112,610,6
2112,1309,22
2114,844,3
2114,1044,3
2118,41,20
2123,48,12
2124,0,21
2124,201,21
2124,224,3
2124,460,3
2125,14,27
2127,121,6
2127,248,7
2127,319,6
2127,535,6
2127,583,6
2127,609,12
2128,76,24
2128,102,3
2128,426,21
2130,23,32
2130,104,29
2130,440,2
2130,701,51
2131,73,15
2131,817,15
2131,1010,15
2134,0,71
2136,485,14
2137,531,2
2137,776,2
2138,1562,12
2143,329,2
2143,811,2
2143,952,2
2146,53,21
2146,337,13
2149,22,26
2149,376,3
2152,320,16
2152,368,51
2153,20,13
2154,15,24
2154,104,24
2154,159,25
2154,130,3
2154,233,3
2154,313,3
2154,416,3
2154,663,3
2154,796,3
2154,912,3
2154,961,3
2155,37,24
2155,103,24
2155,372,6
2155,408,21
2157,28,7
2158,408,2
2158,557,2
2158,624,2
2161,280,3
2161,237,24
2161,635,3
2161,652,3
2161,765,3
2166,602,7
2167,221,14
2168,56,10
2168,183,10
2168,708,10
2169,26,13
2170,16,44
2170,147,44
2170,364,44
2171,80,28
2173,337,12
2173,911,12
2175,858,3
2175,967,4
2175,1483,4
2175,1668,4
2177,393,2
2177,557,2
2177,642,2
2177,672,32
2179,77,33
2179,895,28
2179,1040,26
2179,1087,17
2179,1423,33
2180,268,23
2180,791,23
2180,1230,23
2181,0,44
2182,169,14
2182,293,8
2182,564,14
2185,179,27
2187,179,16
2188,44,33
2188,450,17
2189,759,7
2189,917,3
2191,278,14
2192,67,15
2195,123,8
2195,597,8
2196,145,23
2196,646,16
2196,708,19
2197,236,14
2198,0,21
2199,183,42
2200,83,19
2200,203,31
2200,606,19
2208,2029,2
2208,2102,2
2208,2200,2
2210,230,18
2210,843,18
2214,370,3
2214,300,18
2214,575,3
2214,740,3
2214,1115,3
2214,1220,3
2214,1441,3
2214,1592,3
2214,1646,8
2214,1719,3
2214,1748,3
2214,1796,3
2218,130,9
2218,496,2
2218,542,2
2218,908,4
2218,1570,2
2218,1654,2
2218,1965,2
2221,27,14
2221,117,14
2222,416,3
2224,0,45
2225,19,22
2225,147,22
2225,385,19
2225,458,6
2225,558,6
2225,827,19
2225,1081,6
2225,1139,6
2225,1215,22
2228,23,13
2232,0,35
2232,388,26
2232,1129,26
2239,60,32
2240,0,6
2240,19,26
2243,1,42
2244,0,31
2253,31,24
2253,133,24
2253,974,24
2255,274,13
2255,555,23
2255,743,30
2255,831,45
2255,929,17
2257,75,14
2265,72,16
2269,13,56
2270,40,38
2270,84,42
2274,0,44
2274,49,17
2274,79,51
2274,946,29
2274,1242,15
2276,26,44
2279,13,6
2279,168,14
2279,188,6
2279,649,5
2279,730,6
2279,782,6
2279,835,6
2283,0,43
2285,85,19
2285,1358,25
2289,28,44
2290,54,6
2291,0,27
2293,279,12
2299,353,5
2299,510,2
2299,616,2
2299,857,2
2299,965,2
